# i (x-axis) 
#  j (y-axis) 
#  k (z-axis) 
#  RGB (R) 
#  RGB (G) 
#  RGB (B) 
#  alpha
20.000000 20.000000 13.000000 0.000000 1.000000 0.000000 0.010000
17.000000 18.000000 14.000000 0.000000 1.000000 0.000000 0.010000
17.000000 19.000000 14.000000 0.000000 1.000000 0.000000 0.010000
17.000000 20.000000 14.000000 0.000000 1.000000 0.000000 0.010000
17.000000 21.000000 14.000000 0.000000 1.000000 0.000000 0.010000
17.000000 22.000000 14.000000 0.000000 1.000000 0.000000 0.010000
18.000000 17.000000 14.000000 0.000000 1.000000 0.000000 0.010000
18.000000 18.000000 14.000000 0.000000 1.000000 0.000000 0.010000
18.000000 19.000000 14.000000 0.000000 1.000000 0.000000 0.010000
18.000000 20.000000 14.000000 0.000000 1.000000 0.000000 0.010000
18.000000 21.000000 14.000000 0.000000 1.000000 0.000000 0.010000
18.000000 22.000000 14.000000 0.000000 1.000000 0.000000 0.010000
18.000000 23.000000 14.000000 0.000000 1.000000 0.000000 0.010000
19.000000 17.000000 14.000000 0.000000 1.000000 0.000000 0.010000
19.000000 18.000000 14.000000 0.000000 1.000000 0.000000 0.010000
19.000000 19.000000 14.000000 0.000000 1.000000 0.000000 0.010000
19.000000 20.000000 14.000000 0.000000 1.000000 0.000000 0.010000
19.000000 21.000000 14.000000 0.000000 1.000000 0.000000 0.010000
19.000000 22.000000 14.000000 0.000000 1.000000 0.000000 0.010000
19.000000 23.000000 14.000000 0.000000 1.000000 0.000000 0.010000
20.000000 17.000000 14.000000 0.000000 1.000000 0.000000 0.010000
20.000000 18.000000 14.000000 0.000000 1.000000 0.000000 0.010000
20.000000 19.000000 14.000000 0.000000 1.000000 0.000000 0.010000
20.000000 20.000000 14.000000 0.000000 1.000000 0.000000 0.010000
20.000000 21.000000 14.000000 0.000000 1.000000 0.000000 0.010000
20.000000 22.000000 14.000000 0.000000 1.000000 0.000000 0.010000
20.000000 23.000000 14.000000 0.000000 1.000000 0.000000 0.010000
21.000000 17.000000 14.000000 0.000000 1.000000 0.000000 0.010000
21.000000 18.000000 14.000000 0.000000 1.000000 0.000000 0.010000
21.000000 19.000000 14.000000 0.000000 1.000000 0.000000 0.010000
21.000000 20.000000 14.000000 0.000000 1.000000 0.000000 0.010000
21.000000 21.000000 14.000000 0.000000 1.000000 0.000000 0.010000
21.000000 22.000000 14.000000 0.000000 1.000000 0.000000 0.010000
21.000000 23.000000 14.000000 0.000000 1.000000 0.000000 0.010000
22.000000 17.000000 14.000000 0.000000 1.000000 0.000000 0.010000
22.000000 18.000000 14.000000 0.000000 1.000000 0.000000 0.010000
22.000000 19.000000 14.000000 0.000000 1.000000 0.000000 0.010000
22.000000 20.000000 14.000000 0.000000 1.000000 0.000000 0.010000
22.000000 21.000000 14.000000 0.000000 1.000000 0.000000 0.010000
22.000000 22.000000 14.000000 0.000000 1.000000 0.000000 0.010000
22.000000 23.000000 14.000000 0.000000 1.000000 0.000000 0.010000
23.000000 18.000000 14.000000 0.000000 1.000000 0.000000 0.010000
23.000000 19.000000 14.000000 0.000000 1.000000 0.000000 0.010000
23.000000 20.000000 14.000000 0.000000 1.000000 0.000000 0.010000
23.000000 21.000000 14.000000 0.000000 1.000000 0.000000 0.010000
23.000000 22.000000 14.000000 0.000000 1.000000 0.000000 0.010000
16.000000 18.000000 15.000000 0.000000 1.000000 0.000000 0.010000
16.000000 19.000000 15.000000 0.000000 1.000000 0.000000 0.010000
16.000000 20.000000 15.000000 0.000000 1.000000 0.000000 0.010000
16.000000 21.000000 15.000000 0.000000 1.000000 0.000000 0.010000
16.000000 22.000000 15.000000 0.000000 1.000000 0.000000 0.010000
17.000000 17.000000 15.000000 0.000000 1.000000 0.000000 0.010000
17.000000 18.000000 15.000000 0.000000 1.000000 0.000000 0.010000
17.000000 19.000000 15.000000 0.000000 1.000000 0.000000 0.010000
17.000000 20.000000 15.000000 0.000000 1.000000 0.000000 0.010000
17.000000 21.000000 15.000000 0.000000 1.000000 0.000000 0.010000
17.000000 22.000000 15.000000 0.000000 1.000000 0.000000 0.010000
17.000000 23.000000 15.000000 0.000000 1.000000 0.000000 0.010000
18.000000 16.000000 15.000000 0.000000 1.000000 0.000000 0.010000
18.000000 17.000000 15.000000 0.000000 1.000000 0.000000 0.010000
18.000000 18.000000 15.000000 0.000000 1.000000 0.000000 0.010000
18.000000 19.000000 15.000000 0.000000 1.000000 0.000000 0.010000
18.000000 20.000000 15.000000 0.000000 1.000000 0.000000 0.010000
18.000000 21.000000 15.000000 0.000000 1.000000 0.000000 0.010000
18.000000 22.000000 15.000000 0.000000 1.000000 0.000000 0.010000
18.000000 23.000000 15.000000 0.000000 1.000000 0.000000 0.010000
18.000000 24.000000 15.000000 0.000000 1.000000 0.000000 0.010000
19.000000 16.000000 15.000000 0.000000 1.000000 0.000000 0.010000
19.000000 17.000000 15.000000 0.000000 1.000000 0.000000 0.010000
19.000000 18.000000 15.000000 0.000000 1.000000 0.000000 0.010000
19.000000 19.000000 15.000000 0.000000 1.000000 0.000000 0.010000
19.000000 20.000000 15.000000 0.000000 1.000000 0.000000 0.010000
19.000000 21.000000 15.000000 0.000000 1.000000 0.000000 0.010000
19.000000 22.000000 15.000000 0.000000 1.000000 0.000000 0.010000
19.000000 23.000000 15.000000 0.000000 1.000000 0.000000 0.010000
19.000000 24.000000 15.000000 0.000000 1.000000 0.000000 0.010000
20.000000 16.000000 15.000000 0.000000 1.000000 0.000000 0.010000
20.000000 17.000000 15.000000 0.000000 1.000000 0.000000 0.010000
20.000000 18.000000 15.000000 0.000000 1.000000 0.000000 0.010000
20.000000 19.000000 15.000000 0.000000 1.000000 0.000000 0.010000
20.000000 20.000000 15.000000 0.000000 1.000000 0.000000 0.010000
20.000000 21.000000 15.000000 0.000000 1.000000 0.000000 0.010000
20.000000 22.000000 15.000000 0.000000 1.000000 0.000000 0.010000
20.000000 23.000000 15.000000 0.000000 1.000000 0.000000 0.010000
20.000000 24.000000 15.000000 0.000000 1.000000 0.000000 0.010000
21.000000 16.000000 15.000000 0.000000 1.000000 0.000000 0.010000
21.000000 17.000000 15.000000 0.000000 1.000000 0.000000 0.010000
21.000000 18.000000 15.000000 0.000000 1.000000 0.000000 0.010000
21.000000 19.000000 15.000000 0.000000 1.000000 0.000000 0.010000
21.000000 20.000000 15.000000 0.000000 1.000000 0.000000 0.010000
21.000000 21.000000 15.000000 0.000000 1.000000 0.000000 0.010000
21.000000 22.000000 15.000000 0.000000 1.000000 0.000000 0.010000
21.000000 23.000000 15.000000 0.000000 1.000000 0.000000 0.010000
21.000000 24.000000 15.000000 0.000000 1.000000 0.000000 0.010000
22.000000 16.000000 15.000000 0.000000 1.000000 0.000000 0.010000
22.000000 17.000000 15.000000 0.000000 1.000000 0.000000 0.010000
22.000000 18.000000 15.000000 0.000000 1.000000 0.000000 0.010000
22.000000 19.000000 15.000000 0.000000 1.000000 0.000000 0.010000
22.000000 20.000000 15.000000 0.000000 1.000000 0.000000 0.010000
22.000000 21.000000 15.000000 0.000000 1.000000 0.000000 0.010000
22.000000 22.000000 15.000000 0.000000 1.000000 0.000000 0.010000
22.000000 23.000000 15.000000 0.000000 1.000000 0.000000 0.010000
22.000000 24.000000 15.000000 0.000000 1.000000 0.000000 0.010000
23.000000 17.000000 15.000000 0.000000 1.000000 0.000000 0.010000
23.000000 18.000000 15.000000 0.000000 1.000000 0.000000 0.010000
23.000000 19.000000 15.000000 0.000000 1.000000 0.000000 0.010000
23.000000 20.000000 15.000000 0.000000 1.000000 0.000000 0.010000
23.000000 21.000000 15.000000 0.000000 1.000000 0.000000 0.010000
23.000000 22.000000 15.000000 0.000000 1.000000 0.000000 0.010000
23.000000 23.000000 15.000000 0.000000 1.000000 0.000000 0.010000
24.000000 18.000000 15.000000 0.000000 1.000000 0.000000 0.010000
24.000000 19.000000 15.000000 0.000000 1.000000 0.000000 0.010000
24.000000 20.000000 15.000000 0.000000 1.000000 0.000000 0.010000
24.000000 21.000000 15.000000 0.000000 1.000000 0.000000 0.010000
24.000000 22.000000 15.000000 0.000000 1.000000 0.000000 0.010000
15.000000 18.000000 16.000000 0.000000 1.000000 0.000000 0.010000
15.000000 19.000000 16.000000 0.000000 1.000000 0.000000 0.010000
15.000000 20.000000 16.000000 0.000000 1.000000 0.000000 0.010000
15.000000 21.000000 16.000000 0.000000 1.000000 0.000000 0.010000
15.000000 22.000000 16.000000 0.000000 1.000000 0.000000 0.010000
16.000000 16.000000 16.000000 0.000000 1.000000 0.000000 0.010000
16.000000 17.000000 16.000000 0.000000 1.000000 0.000000 0.010000
16.000000 18.000000 16.000000 0.000000 1.000000 0.000000 0.010000
16.000000 19.000000 16.000000 0.000000 1.000000 0.000000 0.010000
16.000000 20.000000 16.000000 0.000000 1.000000 0.000000 0.010000
16.000000 21.000000 16.000000 0.000000 1.000000 0.000000 0.010000
16.000000 22.000000 16.000000 0.000000 1.000000 0.000000 0.010000
16.000000 23.000000 16.000000 0.000000 1.000000 0.000000 0.010000
16.000000 24.000000 16.000000 0.000000 1.000000 0.000000 0.010000
17.000000 16.000000 16.000000 0.000000 1.000000 0.000000 0.010000
17.000000 17.000000 16.000000 0.000000 1.000000 0.000000 0.010000
17.000000 18.000000 16.000000 0.000000 1.000000 0.000000 0.010000
17.000000 19.000000 16.000000 0.000000 1.000000 0.000000 0.010000
17.000000 20.000000 16.000000 0.000000 1.000000 0.000000 0.010000
17.000000 21.000000 16.000000 0.000000 1.000000 0.000000 0.010000
17.000000 22.000000 16.000000 0.000000 1.000000 0.000000 0.010000
17.000000 23.000000 16.000000 0.000000 1.000000 0.000000 0.010000
17.000000 24.000000 16.000000 0.000000 1.000000 0.000000 0.010000
18.000000 15.000000 16.000000 0.000000 1.000000 0.000000 0.010000
18.000000 16.000000 16.000000 0.000000 1.000000 0.000000 0.010000
18.000000 17.000000 16.000000 0.000000 1.000000 0.000000 0.010000
18.000000 18.000000 16.000000 0.000000 1.000000 0.000000 0.010000
18.000000 19.000000 16.000000 0.000000 1.000000 0.000000 0.010000
18.000000 20.000000 16.000000 0.000000 1.000000 0.000000 0.010000
18.000000 21.000000 16.000000 0.000000 1.000000 0.000000 0.010000
18.000000 22.000000 16.000000 0.000000 1.000000 0.000000 0.010000
18.000000 23.000000 16.000000 0.000000 1.000000 0.000000 0.010000
18.000000 24.000000 16.000000 0.000000 1.000000 0.000000 0.010000
18.000000 25.000000 16.000000 0.000000 1.000000 0.000000 0.010000
19.000000 15.000000 16.000000 0.000000 1.000000 0.000000 0.010000
19.000000 16.000000 16.000000 0.000000 1.000000 0.000000 0.010000
19.000000 17.000000 16.000000 0.000000 1.000000 0.000000 0.010000
19.000000 18.000000 16.000000 0.000000 1.000000 0.000000 0.010000
19.000000 19.000000 16.000000 0.000000 1.000000 0.000000 0.010000
19.000000 20.000000 16.000000 0.000000 1.000000 0.000000 0.010000
19.000000 21.000000 16.000000 0.000000 1.000000 0.000000 0.010000
19.000000 22.000000 16.000000 0.000000 1.000000 0.000000 0.010000
19.000000 23.000000 16.000000 0.000000 1.000000 0.000000 0.010000
19.000000 24.000000 16.000000 0.000000 1.000000 0.000000 0.010000
19.000000 25.000000 16.000000 0.000000 1.000000 0.000000 0.010000
20.000000 15.000000 16.000000 0.000000 1.000000 0.000000 0.010000
20.000000 16.000000 16.000000 0.000000 1.000000 0.000000 0.010000
20.000000 17.000000 16.000000 0.000000 1.000000 0.000000 0.010000
20.000000 18.000000 16.000000 0.000000 1.000000 0.000000 0.010000
20.000000 19.000000 16.000000 0.000000 1.000000 0.000000 0.010000
20.000000 20.000000 16.000000 0.000000 1.000000 0.000000 0.010000
20.000000 21.000000 16.000000 0.000000 1.000000 0.000000 0.010000
20.000000 22.000000 16.000000 0.000000 1.000000 0.000000 0.010000
20.000000 23.000000 16.000000 0.000000 1.000000 0.000000 0.010000
20.000000 24.000000 16.000000 0.000000 1.000000 0.000000 0.010000
20.000000 25.000000 16.000000 0.000000 1.000000 0.000000 0.010000
21.000000 15.000000 16.000000 0.000000 1.000000 0.000000 0.010000
21.000000 16.000000 16.000000 0.000000 1.000000 0.000000 0.010000
21.000000 17.000000 16.000000 0.000000 1.000000 0.000000 0.010000
21.000000 18.000000 16.000000 0.000000 1.000000 0.000000 0.010000
21.000000 19.000000 16.000000 0.000000 1.000000 0.000000 0.010000
21.000000 20.000000 16.000000 0.000000 1.000000 0.000000 0.010000
21.000000 21.000000 16.000000 0.000000 1.000000 0.000000 0.010000
21.000000 22.000000 16.000000 0.000000 1.000000 0.000000 0.010000
21.000000 23.000000 16.000000 0.000000 1.000000 0.000000 0.010000
21.000000 24.000000 16.000000 0.000000 1.000000 0.000000 0.010000
21.000000 25.000000 16.000000 0.000000 1.000000 0.000000 0.010000
22.000000 15.000000 16.000000 0.000000 1.000000 0.000000 0.010000
22.000000 16.000000 16.000000 0.000000 1.000000 0.000000 0.010000
22.000000 17.000000 16.000000 0.000000 1.000000 0.000000 0.010000
22.000000 18.000000 16.000000 0.000000 1.000000 0.000000 0.010000
22.000000 19.000000 16.000000 0.000000 1.000000 0.000000 0.010000
22.000000 20.000000 16.000000 0.000000 1.000000 0.000000 0.010000
22.000000 21.000000 16.000000 0.000000 1.000000 0.000000 0.010000
22.000000 22.000000 16.000000 0.000000 1.000000 0.000000 0.010000
22.000000 23.000000 16.000000 0.000000 1.000000 0.000000 0.010000
22.000000 24.000000 16.000000 0.000000 1.000000 0.000000 0.010000
22.000000 25.000000 16.000000 0.000000 1.000000 0.000000 0.010000
23.000000 16.000000 16.000000 0.000000 1.000000 0.000000 0.010000
23.000000 17.000000 16.000000 0.000000 1.000000 0.000000 0.010000
23.000000 18.000000 16.000000 0.000000 1.000000 0.000000 0.010000
23.000000 19.000000 16.000000 0.000000 1.000000 0.000000 0.010000
23.000000 20.000000 16.000000 0.000000 1.000000 0.000000 0.010000
23.000000 21.000000 16.000000 0.000000 1.000000 0.000000 0.010000
23.000000 22.000000 16.000000 0.000000 1.000000 0.000000 0.010000
23.000000 23.000000 16.000000 0.000000 1.000000 0.000000 0.010000
23.000000 24.000000 16.000000 0.000000 1.000000 0.000000 0.010000
24.000000 16.000000 16.000000 0.000000 1.000000 0.000000 0.010000
24.000000 17.000000 16.000000 0.000000 1.000000 0.000000 0.010000
24.000000 18.000000 16.000000 0.000000 1.000000 0.000000 0.010000
24.000000 19.000000 16.000000 0.000000 1.000000 0.000000 0.010000
24.000000 20.000000 16.000000 0.000000 1.000000 0.000000 0.010000
24.000000 21.000000 16.000000 0.000000 1.000000 0.000000 0.010000
24.000000 22.000000 16.000000 0.000000 1.000000 0.000000 0.010000
24.000000 23.000000 16.000000 0.000000 1.000000 0.000000 0.010000
24.000000 24.000000 16.000000 0.000000 1.000000 0.000000 0.010000
25.000000 18.000000 16.000000 0.000000 1.000000 0.000000 0.010000
25.000000 19.000000 16.000000 0.000000 1.000000 0.000000 0.010000
25.000000 20.000000 16.000000 0.000000 1.000000 0.000000 0.010000
25.000000 21.000000 16.000000 0.000000 1.000000 0.000000 0.010000
25.000000 22.000000 16.000000 0.000000 1.000000 0.000000 0.010000
14.000000 18.000000 17.000000 0.000000 1.000000 0.000000 0.010000
14.000000 19.000000 17.000000 0.000000 1.000000 0.000000 0.010000
14.000000 20.000000 17.000000 0.000000 1.000000 0.000000 0.010000
14.000000 21.000000 17.000000 0.000000 1.000000 0.000000 0.010000
14.000000 22.000000 17.000000 0.000000 1.000000 0.000000 0.010000
15.000000 17.000000 17.000000 0.000000 1.000000 0.000000 0.010000
15.000000 18.000000 17.000000 0.000000 1.000000 0.000000 0.010000
15.000000 19.000000 17.000000 0.000000 1.000000 0.000000 0.010000
15.000000 20.000000 17.000000 0.000000 1.000000 0.000000 0.010000
15.000000 21.000000 17.000000 0.000000 1.000000 0.000000 0.010000
15.000000 22.000000 17.000000 0.000000 1.000000 0.000000 0.010000
15.000000 23.000000 17.000000 0.000000 1.000000 0.000000 0.010000
16.000000 16.000000 17.000000 0.000000 1.000000 0.000000 0.010000
16.000000 17.000000 17.000000 0.000000 1.000000 0.000000 0.010000
16.000000 18.000000 17.000000 0.000000 1.000000 0.000000 0.010000
16.000000 19.000000 17.000000 0.000000 1.000000 0.000000 0.010000
16.000000 20.000000 17.000000 0.000000 1.000000 0.000000 0.010000
16.000000 21.000000 17.000000 0.000000 1.000000 0.000000 0.010000
16.000000 22.000000 17.000000 0.000000 1.000000 0.000000 0.010000
16.000000 23.000000 17.000000 0.000000 1.000000 0.000000 0.010000
16.000000 24.000000 17.000000 0.000000 1.000000 0.000000 0.010000
17.000000 15.000000 17.000000 0.000000 1.000000 0.000000 0.010000
17.000000 16.000000 17.000000 0.000000 1.000000 0.000000 0.010000
17.000000 17.000000 17.000000 0.000000 1.000000 0.000000 0.010000
17.000000 18.000000 17.000000 0.000000 1.000000 0.000000 0.010000
17.000000 19.000000 17.000000 0.000000 1.000000 0.000000 0.010000
17.000000 20.000000 17.000000 0.000000 1.000000 0.000000 0.010000
17.000000 21.000000 17.000000 0.000000 1.000000 0.000000 0.010000
17.000000 22.000000 17.000000 0.000000 1.000000 0.000000 0.010000
17.000000 23.000000 17.000000 0.000000 1.000000 0.000000 0.010000
17.000000 24.000000 17.000000 0.000000 1.000000 0.000000 0.010000
17.000000 25.000000 17.000000 0.000000 1.000000 0.000000 0.010000
18.000000 14.000000 17.000000 0.000000 1.000000 0.000000 0.010000
18.000000 15.000000 17.000000 0.000000 1.000000 0.000000 0.010000
18.000000 16.000000 17.000000 0.000000 1.000000 0.000000 0.010000
18.000000 17.000000 17.000000 0.000000 1.000000 0.000000 0.010000
18.000000 18.000000 17.000000 0.000000 1.000000 0.000000 0.010000
18.000000 19.000000 17.000000 0.000000 1.000000 0.000000 0.010000
18.000000 20.000000 17.000000 0.000000 1.000000 0.000000 0.010000
18.000000 21.000000 17.000000 0.000000 1.000000 0.000000 0.010000
18.000000 22.000000 17.000000 0.000000 1.000000 0.000000 0.010000
18.000000 23.000000 17.000000 0.000000 1.000000 0.000000 0.010000
18.000000 24.000000 17.000000 0.000000 1.000000 0.000000 0.010000
18.000000 25.000000 17.000000 0.000000 1.000000 0.000000 0.010000
18.000000 26.000000 17.000000 0.000000 1.000000 0.000000 0.010000
19.000000 14.000000 17.000000 0.000000 1.000000 0.000000 0.010000
19.000000 15.000000 17.000000 0.000000 1.000000 0.000000 0.010000
19.000000 16.000000 17.000000 0.000000 1.000000 0.000000 0.010000
19.000000 17.000000 17.000000 0.000000 1.000000 0.000000 0.010000
19.000000 18.000000 17.000000 0.000000 1.000000 0.000000 0.010000
19.000000 19.000000 17.000000 0.000000 1.000000 0.000000 0.010000
19.000000 20.000000 17.000000 0.000000 1.000000 0.000000 0.010000
19.000000 21.000000 17.000000 0.000000 1.000000 0.000000 0.010000
19.000000 22.000000 17.000000 0.000000 1.000000 0.000000 0.010000
19.000000 23.000000 17.000000 0.000000 1.000000 0.000000 0.010000
19.000000 24.000000 17.000000 0.000000 1.000000 0.000000 0.010000
19.000000 25.000000 17.000000 0.000000 1.000000 0.000000 0.010000
19.000000 26.000000 17.000000 0.000000 1.000000 0.000000 0.010000
20.000000 14.000000 17.000000 0.000000 1.000000 0.000000 0.010000
20.000000 15.000000 17.000000 0.000000 1.000000 0.000000 0.010000
20.000000 16.000000 17.000000 0.000000 1.000000 0.000000 0.010000
20.000000 17.000000 17.000000 0.000000 1.000000 0.000000 0.010000
20.000000 18.000000 17.000000 0.000000 1.000000 0.000000 0.010000
20.000000 19.000000 17.000000 0.000000 1.000000 0.000000 0.010000
20.000000 20.000000 17.000000 1.000000 0.000000 0.000000 1.000000
20.000000 21.000000 17.000000 0.000000 1.000000 0.000000 0.010000
20.000000 22.000000 17.000000 0.000000 1.000000 0.000000 0.010000
20.000000 23.000000 17.000000 0.000000 1.000000 0.000000 0.010000
20.000000 24.000000 17.000000 0.000000 1.000000 0.000000 0.010000
20.000000 25.000000 17.000000 0.000000 1.000000 0.000000 0.010000
20.000000 26.000000 17.000000 0.000000 1.000000 0.000000 0.010000
21.000000 14.000000 17.000000 0.000000 1.000000 0.000000 0.010000
21.000000 15.000000 17.000000 0.000000 1.000000 0.000000 0.010000
21.000000 16.000000 17.000000 0.000000 1.000000 0.000000 0.010000
21.000000 17.000000 17.000000 0.000000 1.000000 0.000000 0.010000
21.000000 18.000000 17.000000 0.000000 1.000000 0.000000 0.010000
21.000000 19.000000 17.000000 0.000000 1.000000 0.000000 0.010000
21.000000 20.000000 17.000000 0.000000 1.000000 0.000000 0.010000
21.000000 21.000000 17.000000 0.000000 1.000000 0.000000 0.010000
21.000000 22.000000 17.000000 0.000000 1.000000 0.000000 0.010000
21.000000 23.000000 17.000000 0.000000 1.000000 0.000000 0.010000
21.000000 24.000000 17.000000 0.000000 1.000000 0.000000 0.010000
21.000000 25.000000 17.000000 0.000000 1.000000 0.000000 0.010000
21.000000 26.000000 17.000000 0.000000 1.000000 0.000000 0.010000
22.000000 14.000000 17.000000 0.000000 1.000000 0.000000 0.010000
22.000000 15.000000 17.000000 0.000000 1.000000 0.000000 0.010000
22.000000 16.000000 17.000000 0.000000 1.000000 0.000000 0.010000
22.000000 17.000000 17.000000 0.000000 1.000000 0.000000 0.010000
22.000000 18.000000 17.000000 0.000000 1.000000 0.000000 0.010000
22.000000 19.000000 17.000000 0.000000 1.000000 0.000000 0.010000
22.000000 20.000000 17.000000 0.000000 1.000000 0.000000 0.010000
22.000000 21.000000 17.000000 0.000000 1.000000 0.000000 0.010000
22.000000 22.000000 17.000000 0.000000 1.000000 0.000000 0.010000
22.000000 23.000000 17.000000 0.000000 1.000000 0.000000 0.010000
22.000000 24.000000 17.000000 0.000000 1.000000 0.000000 0.010000
22.000000 25.000000 17.000000 0.000000 1.000000 0.000000 0.010000
22.000000 26.000000 17.000000 0.000000 1.000000 0.000000 0.010000
23.000000 15.000000 17.000000 0.000000 1.000000 0.000000 0.010000
23.000000 16.000000 17.000000 0.000000 1.000000 0.000000 0.010000
23.000000 17.000000 17.000000 0.000000 1.000000 0.000000 0.010000
23.000000 18.000000 17.000000 0.000000 1.000000 0.000000 0.010000
23.000000 19.000000 17.000000 0.000000 1.000000 0.000000 0.010000
23.000000 20.000000 17.000000 0.000000 1.000000 0.000000 0.010000
23.000000 21.000000 17.000000 0.000000 1.000000 0.000000 0.010000
23.000000 22.000000 17.000000 0.000000 1.000000 0.000000 0.010000
23.000000 23.000000 17.000000 0.000000 1.000000 0.000000 0.010000
23.000000 24.000000 17.000000 0.000000 1.000000 0.000000 0.010000
23.000000 25.000000 17.000000 0.000000 1.000000 0.000000 0.010000
24.000000 16.000000 17.000000 0.000000 1.000000 0.000000 0.010000
24.000000 17.000000 17.000000 0.000000 1.000000 0.000000 0.010000
24.000000 18.000000 17.000000 0.000000 1.000000 0.000000 0.010000
24.000000 19.000000 17.000000 0.000000 1.000000 0.000000 0.010000
24.000000 20.000000 17.000000 0.000000 1.000000 0.000000 0.010000
24.000000 21.000000 17.000000 0.000000 1.000000 0.000000 0.010000
24.000000 22.000000 17.000000 0.000000 1.000000 0.000000 0.010000
24.000000 23.000000 17.000000 0.000000 1.000000 0.000000 0.010000
24.000000 24.000000 17.000000 0.000000 1.000000 0.000000 0.010000
25.000000 17.000000 17.000000 0.000000 1.000000 0.000000 0.010000
25.000000 18.000000 17.000000 0.000000 1.000000 0.000000 0.010000
25.000000 19.000000 17.000000 0.000000 1.000000 0.000000 0.010000
25.000000 20.000000 17.000000 0.000000 1.000000 0.000000 0.010000
25.000000 21.000000 17.000000 0.000000 1.000000 0.000000 0.010000
25.000000 22.000000 17.000000 0.000000 1.000000 0.000000 0.010000
25.000000 23.000000 17.000000 0.000000 1.000000 0.000000 0.010000
26.000000 18.000000 17.000000 0.000000 1.000000 0.000000 0.010000
26.000000 19.000000 17.000000 0.000000 1.000000 0.000000 0.010000
26.000000 20.000000 17.000000 0.000000 1.000000 0.000000 0.010000
26.000000 21.000000 17.000000 0.000000 1.000000 0.000000 0.010000
26.000000 22.000000 17.000000 0.000000 1.000000 0.000000 0.010000
14.000000 17.000000 18.000000 0.000000 1.000000 0.000000 0.010000
14.000000 18.000000 18.000000 0.000000 1.000000 0.000000 0.010000
14.000000 19.000000 18.000000 0.000000 1.000000 0.000000 0.010000
14.000000 20.000000 18.000000 0.000000 1.000000 0.000000 0.010000
14.000000 21.000000 18.000000 0.000000 1.000000 0.000000 0.010000
14.000000 22.000000 18.000000 0.000000 1.000000 0.000000 0.010000
14.000000 23.000000 18.000000 0.000000 1.000000 0.000000 0.010000
15.000000 16.000000 18.000000 0.000000 1.000000 0.000000 0.010000
15.000000 17.000000 18.000000 0.000000 1.000000 0.000000 0.010000
15.000000 18.000000 18.000000 0.000000 1.000000 0.000000 0.010000
15.000000 19.000000 18.000000 0.000000 1.000000 0.000000 0.010000
15.000000 20.000000 18.000000 0.000000 1.000000 0.000000 0.010000
15.000000 21.000000 18.000000 0.000000 1.000000 0.000000 0.010000
15.000000 22.000000 18.000000 0.000000 1.000000 0.000000 0.010000
15.000000 23.000000 18.000000 0.000000 1.000000 0.000000 0.010000
15.000000 24.000000 18.000000 0.000000 1.000000 0.000000 0.010000
16.000000 15.000000 18.000000 0.000000 1.000000 0.000000 0.010000
16.000000 16.000000 18.000000 0.000000 1.000000 0.000000 0.010000
16.000000 17.000000 18.000000 0.000000 1.000000 0.000000 0.010000
16.000000 18.000000 18.000000 0.000000 1.000000 0.000000 0.010000
16.000000 19.000000 18.000000 0.000000 1.000000 0.000000 0.010000
16.000000 20.000000 18.000000 0.000000 1.000000 0.000000 0.010000
16.000000 21.000000 18.000000 0.000000 1.000000 0.000000 0.010000
16.000000 22.000000 18.000000 0.000000 1.000000 0.000000 0.010000
16.000000 23.000000 18.000000 0.000000 1.000000 0.000000 0.010000
16.000000 24.000000 18.000000 0.000000 1.000000 0.000000 0.010000
16.000000 25.000000 18.000000 0.000000 1.000000 0.000000 0.010000
17.000000 14.000000 18.000000 0.000000 1.000000 0.000000 0.010000
17.000000 15.000000 18.000000 0.000000 1.000000 0.000000 0.010000
17.000000 16.000000 18.000000 0.000000 1.000000 0.000000 0.010000
17.000000 17.000000 18.000000 0.000000 1.000000 0.000000 0.010000
17.000000 18.000000 18.000000 0.000000 1.000000 0.000000 0.010000
17.000000 19.000000 18.000000 0.000000 1.000000 0.000000 0.010000
17.000000 20.000000 18.000000 0.000000 1.000000 0.000000 0.010000
17.000000 21.000000 18.000000 0.000000 1.000000 0.000000 0.010000
17.000000 22.000000 18.000000 0.000000 1.000000 0.000000 0.010000
17.000000 23.000000 18.000000 0.000000 1.000000 0.000000 0.010000
17.000000 24.000000 18.000000 0.000000 1.000000 0.000000 0.010000
17.000000 25.000000 18.000000 0.000000 1.000000 0.000000 0.010000
17.000000 26.000000 18.000000 0.000000 1.000000 0.000000 0.010000
18.000000 14.000000 18.000000 0.000000 1.000000 0.000000 0.010000
18.000000 15.000000 18.000000 0.000000 1.000000 0.000000 0.010000
18.000000 16.000000 18.000000 0.000000 1.000000 0.000000 0.010000
18.000000 17.000000 18.000000 0.000000 1.000000 0.000000 0.010000
18.000000 18.000000 18.000000 0.000000 1.000000 0.000000 0.010000
18.000000 19.000000 18.000000 1.000000 0.000000 0.000000 1.000000
18.000000 20.000000 18.000000 1.000000 0.000000 0.000000 1.000000
18.000000 21.000000 18.000000 1.000000 0.000000 0.000000 1.000000
18.000000 22.000000 18.000000 0.000000 1.000000 0.000000 0.010000
18.000000 23.000000 18.000000 0.000000 1.000000 0.000000 0.010000
18.000000 24.000000 18.000000 0.000000 1.000000 0.000000 0.010000
18.000000 25.000000 18.000000 0.000000 1.000000 0.000000 0.010000
18.000000 26.000000 18.000000 0.000000 1.000000 0.000000 0.010000
19.000000 14.000000 18.000000 0.000000 1.000000 0.000000 0.010000
19.000000 15.000000 18.000000 0.000000 1.000000 0.000000 0.010000
19.000000 16.000000 18.000000 0.000000 1.000000 0.000000 0.010000
19.000000 17.000000 18.000000 0.000000 1.000000 0.000000 0.010000
19.000000 18.000000 18.000000 1.000000 0.000000 0.000000 1.000000
19.000000 19.000000 18.000000 1.000000 0.000000 0.000000 1.000000
19.000000 20.000000 18.000000 1.000000 0.000000 0.000000 1.000000
19.000000 21.000000 18.000000 1.000000 0.000000 0.000000 1.000000
19.000000 22.000000 18.000000 1.000000 0.000000 0.000000 1.000000
19.000000 23.000000 18.000000 0.000000 1.000000 0.000000 0.010000
19.000000 24.000000 18.000000 0.000000 1.000000 0.000000 0.010000
19.000000 25.000000 18.000000 0.000000 1.000000 0.000000 0.010000
19.000000 26.000000 18.000000 0.000000 1.000000 0.000000 0.010000
20.000000 14.000000 18.000000 0.000000 1.000000 0.000000 0.010000
20.000000 15.000000 18.000000 0.000000 1.000000 0.000000 0.010000
20.000000 16.000000 18.000000 0.000000 1.000000 0.000000 0.010000
20.000000 17.000000 18.000000 0.000000 1.000000 0.000000 0.010000
20.000000 18.000000 18.000000 1.000000 0.000000 0.000000 1.000000
20.000000 19.000000 18.000000 1.000000 0.000000 0.000000 1.000000
20.000000 20.000000 18.000000 1.000000 0.000000 0.000000 1.000000
20.000000 21.000000 18.000000 1.000000 0.000000 0.000000 1.000000
20.000000 22.000000 18.000000 1.000000 0.000000 0.000000 1.000000
20.000000 23.000000 18.000000 0.000000 1.000000 0.000000 0.010000
20.000000 24.000000 18.000000 0.000000 1.000000 0.000000 0.010000
20.000000 25.000000 18.000000 0.000000 1.000000 0.000000 0.010000
20.000000 26.000000 18.000000 0.000000 1.000000 0.000000 0.010000
21.000000 14.000000 18.000000 0.000000 1.000000 0.000000 0.010000
21.000000 15.000000 18.000000 0.000000 1.000000 0.000000 0.010000
21.000000 16.000000 18.000000 0.000000 1.000000 0.000000 0.010000
21.000000 17.000000 18.000000 0.000000 1.000000 0.000000 0.010000
21.000000 18.000000 18.000000 1.000000 0.000000 0.000000 1.000000
21.000000 19.000000 18.000000 1.000000 0.000000 0.000000 1.000000
21.000000 20.000000 18.000000 1.000000 0.000000 0.000000 1.000000
21.000000 21.000000 18.000000 1.000000 0.000000 0.000000 1.000000
21.000000 22.000000 18.000000 1.000000 0.000000 0.000000 1.000000
21.000000 23.000000 18.000000 0.000000 1.000000 0.000000 0.010000
21.000000 24.000000 18.000000 0.000000 1.000000 0.000000 0.010000
21.000000 25.000000 18.000000 0.000000 1.000000 0.000000 0.010000
21.000000 26.000000 18.000000 0.000000 1.000000 0.000000 0.010000
22.000000 14.000000 18.000000 0.000000 1.000000 0.000000 0.010000
22.000000 15.000000 18.000000 0.000000 1.000000 0.000000 0.010000
22.000000 16.000000 18.000000 0.000000 1.000000 0.000000 0.010000
22.000000 17.000000 18.000000 0.000000 1.000000 0.000000 0.010000
22.000000 18.000000 18.000000 0.000000 1.000000 0.000000 0.010000
22.000000 19.000000 18.000000 1.000000 0.000000 0.000000 1.000000
22.000000 20.000000 18.000000 1.000000 0.000000 0.000000 1.000000
22.000000 21.000000 18.000000 1.000000 0.000000 0.000000 1.000000
22.000000 22.000000 18.000000 0.000000 1.000000 0.000000 0.010000
22.000000 23.000000 18.000000 0.000000 1.000000 0.000000 0.010000
22.000000 24.000000 18.000000 0.000000 1.000000 0.000000 0.010000
22.000000 25.000000 18.000000 0.000000 1.000000 0.000000 0.010000
22.000000 26.000000 18.000000 0.000000 1.000000 0.000000 0.010000
23.000000 14.000000 18.000000 0.000000 1.000000 0.000000 0.010000
23.000000 15.000000 18.000000 0.000000 1.000000 0.000000 0.010000
23.000000 16.000000 18.000000 0.000000 1.000000 0.000000 0.010000
23.000000 17.000000 18.000000 0.000000 1.000000 0.000000 0.010000
23.000000 18.000000 18.000000 0.000000 1.000000 0.000000 0.010000
23.000000 19.000000 18.000000 0.000000 1.000000 0.000000 0.010000
23.000000 20.000000 18.000000 0.000000 1.000000 0.000000 0.010000
23.000000 21.000000 18.000000 0.000000 1.000000 0.000000 0.010000
23.000000 22.000000 18.000000 0.000000 1.000000 0.000000 0.010000
23.000000 23.000000 18.000000 0.000000 1.000000 0.000000 0.010000
23.000000 24.000000 18.000000 0.000000 1.000000 0.000000 0.010000
23.000000 25.000000 18.000000 0.000000 1.000000 0.000000 0.010000
23.000000 26.000000 18.000000 0.000000 1.000000 0.000000 0.010000
24.000000 15.000000 18.000000 0.000000 1.000000 0.000000 0.010000
24.000000 16.000000 18.000000 0.000000 1.000000 0.000000 0.010000
24.000000 17.000000 18.000000 0.000000 1.000000 0.000000 0.010000
24.000000 18.000000 18.000000 0.000000 1.000000 0.000000 0.010000
24.000000 19.000000 18.000000 0.000000 1.000000 0.000000 0.010000
24.000000 20.000000 18.000000 0.000000 1.000000 0.000000 0.010000
24.000000 21.000000 18.000000 0.000000 1.000000 0.000000 0.010000
24.000000 22.000000 18.000000 0.000000 1.000000 0.000000 0.010000
24.000000 23.000000 18.000000 0.000000 1.000000 0.000000 0.010000
24.000000 24.000000 18.000000 0.000000 1.000000 0.000000 0.010000
24.000000 25.000000 18.000000 0.000000 1.000000 0.000000 0.010000
25.000000 16.000000 18.000000 0.000000 1.000000 0.000000 0.010000
25.000000 17.000000 18.000000 0.000000 1.000000 0.000000 0.010000
25.000000 18.000000 18.000000 0.000000 1.000000 0.000000 0.010000
25.000000 19.000000 18.000000 0.000000 1.000000 0.000000 0.010000
25.000000 20.000000 18.000000 0.000000 1.000000 0.000000 0.010000
25.000000 21.000000 18.000000 0.000000 1.000000 0.000000 0.010000
25.000000 22.000000 18.000000 0.000000 1.000000 0.000000 0.010000
25.000000 23.000000 18.000000 0.000000 1.000000 0.000000 0.010000
25.000000 24.000000 18.000000 0.000000 1.000000 0.000000 0.010000
26.000000 17.000000 18.000000 0.000000 1.000000 0.000000 0.010000
26.000000 18.000000 18.000000 0.000000 1.000000 0.000000 0.010000
26.000000 19.000000 18.000000 0.000000 1.000000 0.000000 0.010000
26.000000 20.000000 18.000000 0.000000 1.000000 0.000000 0.010000
26.000000 21.000000 18.000000 0.000000 1.000000 0.000000 0.010000
26.000000 22.000000 18.000000 0.000000 1.000000 0.000000 0.010000
26.000000 23.000000 18.000000 0.000000 1.000000 0.000000 0.010000
14.000000 17.000000 19.000000 0.000000 1.000000 0.000000 0.010000
14.000000 18.000000 19.000000 0.000000 1.000000 0.000000 0.010000
14.000000 19.000000 19.000000 0.000000 1.000000 0.000000 0.010000
14.000000 20.000000 19.000000 0.000000 1.000000 0.000000 0.010000
14.000000 21.000000 19.000000 0.000000 1.000000 0.000000 0.010000
14.000000 22.000000 19.000000 0.000000 1.000000 0.000000 0.010000
14.000000 23.000000 19.000000 0.000000 1.000000 0.000000 0.010000
15.000000 16.000000 19.000000 0.000000 1.000000 0.000000 0.010000
15.000000 17.000000 19.000000 0.000000 1.000000 0.000000 0.010000
15.000000 18.000000 19.000000 0.000000 1.000000 0.000000 0.010000
15.000000 19.000000 19.000000 0.000000 1.000000 0.000000 0.010000
15.000000 20.000000 19.000000 0.000000 1.000000 0.000000 0.010000
15.000000 21.000000 19.000000 0.000000 1.000000 0.000000 0.010000
15.000000 22.000000 19.000000 0.000000 1.000000 0.000000 0.010000
15.000000 23.000000 19.000000 0.000000 1.000000 0.000000 0.010000
15.000000 24.000000 19.000000 0.000000 1.000000 0.000000 0.010000
16.000000 15.000000 19.000000 0.000000 1.000000 0.000000 0.010000
16.000000 16.000000 19.000000 0.000000 1.000000 0.000000 0.010000
16.000000 17.000000 19.000000 0.000000 1.000000 0.000000 0.010000
16.000000 18.000000 19.000000 0.000000 1.000000 0.000000 0.010000
16.000000 19.000000 19.000000 0.000000 1.000000 0.000000 0.010000
16.000000 20.000000 19.000000 0.000000 1.000000 0.000000 0.010000
16.000000 21.000000 19.000000 0.000000 1.000000 0.000000 0.010000
16.000000 22.000000 19.000000 0.000000 1.000000 0.000000 0.010000
16.000000 23.000000 19.000000 0.000000 1.000000 0.000000 0.010000
16.000000 24.000000 19.000000 0.000000 1.000000 0.000000 0.010000
16.000000 25.000000 19.000000 0.000000 1.000000 0.000000 0.010000
17.000000 14.000000 19.000000 0.000000 1.000000 0.000000 0.010000
17.000000 15.000000 19.000000 0.000000 1.000000 0.000000 0.010000
17.000000 16.000000 19.000000 0.000000 1.000000 0.000000 0.010000
17.000000 17.000000 19.000000 0.000000 1.000000 0.000000 0.010000
17.000000 18.000000 19.000000 0.000000 1.000000 0.000000 0.010000
17.000000 19.000000 19.000000 0.000000 1.000000 0.000000 0.010000
17.000000 20.000000 19.000000 0.000000 1.000000 0.000000 0.010000
17.000000 21.000000 19.000000 0.000000 1.000000 0.000000 0.010000
17.000000 22.000000 19.000000 0.000000 1.000000 0.000000 0.010000
17.000000 23.000000 19.000000 0.000000 1.000000 0.000000 0.010000
17.000000 24.000000 19.000000 0.000000 1.000000 0.000000 0.010000
17.000000 25.000000 19.000000 0.000000 1.000000 0.000000 0.010000
17.000000 26.000000 19.000000 0.000000 1.000000 0.000000 0.010000
18.000000 14.000000 19.000000 0.000000 1.000000 0.000000 0.010000
18.000000 15.000000 19.000000 0.000000 1.000000 0.000000 0.010000
18.000000 16.000000 19.000000 0.000000 1.000000 0.000000 0.010000
18.000000 17.000000 19.000000 0.000000 1.000000 0.000000 0.010000
18.000000 18.000000 19.000000 1.000000 0.000000 0.000000 1.000000
18.000000 19.000000 19.000000 1.000000 0.000000 0.000000 1.000000
18.000000 20.000000 19.000000 1.000000 0.000000 0.000000 1.000000
18.000000 21.000000 19.000000 1.000000 0.000000 0.000000 1.000000
18.000000 22.000000 19.000000 1.000000 0.000000 0.000000 1.000000
18.000000 23.000000 19.000000 0.000000 1.000000 0.000000 0.010000
18.000000 24.000000 19.000000 0.000000 1.000000 0.000000 0.010000
18.000000 25.000000 19.000000 0.000000 1.000000 0.000000 0.010000
18.000000 26.000000 19.000000 0.000000 1.000000 0.000000 0.010000
19.000000 14.000000 19.000000 0.000000 1.000000 0.000000 0.010000
19.000000 15.000000 19.000000 0.000000 1.000000 0.000000 0.010000
19.000000 16.000000 19.000000 0.000000 1.000000 0.000000 0.010000
19.000000 17.000000 19.000000 0.000000 1.000000 0.000000 0.010000
19.000000 18.000000 19.000000 1.000000 0.000000 0.000000 1.000000
19.000000 19.000000 19.000000 1.000000 0.000000 0.000000 1.000000
19.000000 20.000000 19.000000 1.000000 0.000000 0.000000 1.000000
19.000000 21.000000 19.000000 1.000000 0.000000 0.000000 1.000000
19.000000 22.000000 19.000000 1.000000 0.000000 0.000000 1.000000
19.000000 23.000000 19.000000 0.000000 1.000000 0.000000 0.010000
19.000000 24.000000 19.000000 0.000000 1.000000 0.000000 0.010000
19.000000 25.000000 19.000000 0.000000 1.000000 0.000000 0.010000
19.000000 26.000000 19.000000 0.000000 1.000000 0.000000 0.010000
20.000000 14.000000 19.000000 0.000000 1.000000 0.000000 0.010000
20.000000 15.000000 19.000000 0.000000 1.000000 0.000000 0.010000
20.000000 16.000000 19.000000 0.000000 1.000000 0.000000 0.010000
20.000000 17.000000 19.000000 0.000000 1.000000 0.000000 0.010000
20.000000 18.000000 19.000000 1.000000 0.000000 0.000000 1.000000
20.000000 19.000000 19.000000 1.000000 0.000000 0.000000 1.000000
20.000000 20.000000 19.000000 1.000000 0.000000 0.000000 1.000000
20.000000 21.000000 19.000000 1.000000 0.000000 0.000000 1.000000
20.000000 22.000000 19.000000 1.000000 0.000000 0.000000 1.000000
20.000000 23.000000 19.000000 0.000000 1.000000 0.000000 0.010000
20.000000 24.000000 19.000000 0.000000 1.000000 0.000000 0.010000
20.000000 25.000000 19.000000 0.000000 1.000000 0.000000 0.010000
20.000000 26.000000 19.000000 0.000000 1.000000 0.000000 0.010000
21.000000 14.000000 19.000000 0.000000 1.000000 0.000000 0.010000
21.000000 15.000000 19.000000 0.000000 1.000000 0.000000 0.010000
21.000000 16.000000 19.000000 0.000000 1.000000 0.000000 0.010000
21.000000 17.000000 19.000000 0.000000 1.000000 0.000000 0.010000
21.000000 18.000000 19.000000 1.000000 0.000000 0.000000 1.000000
21.000000 19.000000 19.000000 1.000000 0.000000 0.000000 1.000000
21.000000 20.000000 19.000000 1.000000 0.000000 0.000000 1.000000
21.000000 21.000000 19.000000 1.000000 0.000000 0.000000 1.000000
21.000000 22.000000 19.000000 1.000000 0.000000 0.000000 1.000000
21.000000 23.000000 19.000000 0.000000 1.000000 0.000000 0.010000
21.000000 24.000000 19.000000 0.000000 1.000000 0.000000 0.010000
21.000000 25.000000 19.000000 0.000000 1.000000 0.000000 0.010000
21.000000 26.000000 19.000000 0.000000 1.000000 0.000000 0.010000
22.000000 14.000000 19.000000 0.000000 1.000000 0.000000 0.010000
22.000000 15.000000 19.000000 0.000000 1.000000 0.000000 0.010000
22.000000 16.000000 19.000000 0.000000 1.000000 0.000000 0.010000
22.000000 17.000000 19.000000 0.000000 1.000000 0.000000 0.010000
22.000000 18.000000 19.000000 1.000000 0.000000 0.000000 1.000000
22.000000 19.000000 19.000000 1.000000 0.000000 0.000000 1.000000
22.000000 20.000000 19.000000 1.000000 0.000000 0.000000 1.000000
22.000000 21.000000 19.000000 1.000000 0.000000 0.000000 1.000000
22.000000 22.000000 19.000000 1.000000 0.000000 0.000000 1.000000
22.000000 23.000000 19.000000 0.000000 1.000000 0.000000 0.010000
22.000000 24.000000 19.000000 0.000000 1.000000 0.000000 0.010000
22.000000 25.000000 19.000000 0.000000 1.000000 0.000000 0.010000
22.000000 26.000000 19.000000 0.000000 1.000000 0.000000 0.010000
23.000000 14.000000 19.000000 0.000000 1.000000 0.000000 0.010000
23.000000 15.000000 19.000000 0.000000 1.000000 0.000000 0.010000
23.000000 16.000000 19.000000 0.000000 1.000000 0.000000 0.010000
23.000000 17.000000 19.000000 0.000000 1.000000 0.000000 0.010000
23.000000 18.000000 19.000000 0.000000 1.000000 0.000000 0.010000
23.000000 19.000000 19.000000 0.000000 1.000000 0.000000 0.010000
23.000000 20.000000 19.000000 0.000000 1.000000 0.000000 0.010000
23.000000 21.000000 19.000000 0.000000 1.000000 0.000000 0.010000
23.000000 22.000000 19.000000 0.000000 1.000000 0.000000 0.010000
23.000000 23.000000 19.000000 0.000000 1.000000 0.000000 0.010000
23.000000 24.000000 19.000000 0.000000 1.000000 0.000000 0.010000
23.000000 25.000000 19.000000 0.000000 1.000000 0.000000 0.010000
23.000000 26.000000 19.000000 0.000000 1.000000 0.000000 0.010000
24.000000 15.000000 19.000000 0.000000 1.000000 0.000000 0.010000
24.000000 16.000000 19.000000 0.000000 1.000000 0.000000 0.010000
24.000000 17.000000 19.000000 0.000000 1.000000 0.000000 0.010000
24.000000 18.000000 19.000000 0.000000 1.000000 0.000000 0.010000
24.000000 19.000000 19.000000 0.000000 1.000000 0.000000 0.010000
24.000000 20.000000 19.000000 0.000000 1.000000 0.000000 0.010000
24.000000 21.000000 19.000000 0.000000 1.000000 0.000000 0.010000
24.000000 22.000000 19.000000 0.000000 1.000000 0.000000 0.010000
24.000000 23.000000 19.000000 0.000000 1.000000 0.000000 0.010000
24.000000 24.000000 19.000000 0.000000 1.000000 0.000000 0.010000
24.000000 25.000000 19.000000 0.000000 1.000000 0.000000 0.010000
25.000000 16.000000 19.000000 0.000000 1.000000 0.000000 0.010000
25.000000 17.000000 19.000000 0.000000 1.000000 0.000000 0.010000
25.000000 18.000000 19.000000 0.000000 1.000000 0.000000 0.010000
25.000000 19.000000 19.000000 0.000000 1.000000 0.000000 0.010000
25.000000 20.000000 19.000000 0.000000 1.000000 0.000000 0.010000
25.000000 21.000000 19.000000 0.000000 1.000000 0.000000 0.010000
25.000000 22.000000 19.000000 0.000000 1.000000 0.000000 0.010000
25.000000 23.000000 19.000000 0.000000 1.000000 0.000000 0.010000
25.000000 24.000000 19.000000 0.000000 1.000000 0.000000 0.010000
26.000000 17.000000 19.000000 0.000000 1.000000 0.000000 0.010000
26.000000 18.000000 19.000000 0.000000 1.000000 0.000000 0.010000
26.000000 19.000000 19.000000 0.000000 1.000000 0.000000 0.010000
26.000000 20.000000 19.000000 0.000000 1.000000 0.000000 0.010000
26.000000 21.000000 19.000000 0.000000 1.000000 0.000000 0.010000
26.000000 22.000000 19.000000 0.000000 1.000000 0.000000 0.010000
26.000000 23.000000 19.000000 0.000000 1.000000 0.000000 0.010000
13.000000 20.000000 20.000000 0.000000 1.000000 0.000000 0.010000
14.000000 17.000000 20.000000 0.000000 1.000000 0.000000 0.010000
14.000000 18.000000 20.000000 0.000000 1.000000 0.000000 0.010000
14.000000 19.000000 20.000000 0.000000 1.000000 0.000000 0.010000
14.000000 20.000000 20.000000 0.000000 1.000000 0.000000 0.010000
14.000000 21.000000 20.000000 0.000000 1.000000 0.000000 0.010000
14.000000 22.000000 20.000000 0.000000 1.000000 0.000000 0.010000
14.000000 23.000000 20.000000 0.000000 1.000000 0.000000 0.010000
15.000000 16.000000 20.000000 0.000000 1.000000 0.000000 0.010000
15.000000 17.000000 20.000000 0.000000 1.000000 0.000000 0.010000
15.000000 18.000000 20.000000 0.000000 1.000000 0.000000 0.010000
15.000000 19.000000 20.000000 0.000000 1.000000 0.000000 0.010000
15.000000 20.000000 20.000000 0.000000 1.000000 0.000000 0.010000
15.000000 21.000000 20.000000 0.000000 1.000000 0.000000 0.010000
15.000000 22.000000 20.000000 0.000000 1.000000 0.000000 0.010000
15.000000 23.000000 20.000000 0.000000 1.000000 0.000000 0.010000
15.000000 24.000000 20.000000 0.000000 1.000000 0.000000 0.010000
16.000000 15.000000 20.000000 0.000000 1.000000 0.000000 0.010000
16.000000 16.000000 20.000000 0.000000 1.000000 0.000000 0.010000
16.000000 17.000000 20.000000 0.000000 1.000000 0.000000 0.010000
16.000000 18.000000 20.000000 0.000000 1.000000 0.000000 0.010000
16.000000 19.000000 20.000000 0.000000 1.000000 0.000000 0.010000
16.000000 20.000000 20.000000 0.000000 1.000000 0.000000 0.010000
16.000000 21.000000 20.000000 0.000000 1.000000 0.000000 0.010000
16.000000 22.000000 20.000000 0.000000 1.000000 0.000000 0.010000
16.000000 23.000000 20.000000 0.000000 1.000000 0.000000 0.010000
16.000000 24.000000 20.000000 0.000000 1.000000 0.000000 0.010000
16.000000 25.000000 20.000000 0.000000 1.000000 0.000000 0.010000
17.000000 14.000000 20.000000 0.000000 1.000000 0.000000 0.010000
17.000000 15.000000 20.000000 0.000000 1.000000 0.000000 0.010000
17.000000 16.000000 20.000000 0.000000 1.000000 0.000000 0.010000
17.000000 17.000000 20.000000 0.000000 1.000000 0.000000 0.010000
17.000000 18.000000 20.000000 0.000000 1.000000 0.000000 0.010000
17.000000 19.000000 20.000000 0.000000 1.000000 0.000000 0.010000
17.000000 20.000000 20.000000 1.000000 0.000000 0.000000 1.000000
17.000000 21.000000 20.000000 0.000000 1.000000 0.000000 0.010000
17.000000 22.000000 20.000000 0.000000 1.000000 0.000000 0.010000
17.000000 23.000000 20.000000 0.000000 1.000000 0.000000 0.010000
17.000000 24.000000 20.000000 0.000000 1.000000 0.000000 0.010000
17.000000 25.000000 20.000000 0.000000 1.000000 0.000000 0.010000
17.000000 26.000000 20.000000 0.000000 1.000000 0.000000 0.010000
18.000000 14.000000 20.000000 0.000000 1.000000 0.000000 0.010000
18.000000 15.000000 20.000000 0.000000 1.000000 0.000000 0.010000
18.000000 16.000000 20.000000 0.000000 1.000000 0.000000 0.010000
18.000000 17.000000 20.000000 0.000000 1.000000 0.000000 0.010000
18.000000 18.000000 20.000000 1.000000 0.000000 0.000000 1.000000
18.000000 19.000000 20.000000 1.000000 0.000000 0.000000 1.000000
18.000000 20.000000 20.000000 1.000000 0.000000 0.000000 1.000000
18.000000 21.000000 20.000000 1.000000 0.000000 0.000000 1.000000
18.000000 22.000000 20.000000 1.000000 0.000000 0.000000 1.000000
18.000000 23.000000 20.000000 0.000000 1.000000 0.000000 0.010000
18.000000 24.000000 20.000000 0.000000 1.000000 0.000000 0.010000
18.000000 25.000000 20.000000 0.000000 1.000000 0.000000 0.010000
18.000000 26.000000 20.000000 0.000000 1.000000 0.000000 0.010000
19.000000 14.000000 20.000000 0.000000 1.000000 0.000000 0.010000
19.000000 15.000000 20.000000 0.000000 1.000000 0.000000 0.010000
19.000000 16.000000 20.000000 0.000000 1.000000 0.000000 0.010000
19.000000 17.000000 20.000000 0.000000 1.000000 0.000000 0.010000
19.000000 18.000000 20.000000 1.000000 0.000000 0.000000 1.000000
19.000000 19.000000 20.000000 1.000000 0.000000 0.000000 1.000000
19.000000 20.000000 20.000000 1.000000 0.000000 0.000000 1.000000
19.000000 21.000000 20.000000 1.000000 0.000000 0.000000 1.000000
19.000000 22.000000 20.000000 1.000000 0.000000 0.000000 1.000000
19.000000 23.000000 20.000000 0.000000 1.000000 0.000000 0.010000
19.000000 24.000000 20.000000 0.000000 1.000000 0.000000 0.010000
19.000000 25.000000 20.000000 0.000000 1.000000 0.000000 0.010000
19.000000 26.000000 20.000000 0.000000 1.000000 0.000000 0.010000
20.000000 13.000000 20.000000 0.000000 1.000000 0.000000 0.010000
20.000000 14.000000 20.000000 0.000000 1.000000 0.000000 0.010000
20.000000 15.000000 20.000000 0.000000 1.000000 0.000000 0.010000
20.000000 16.000000 20.000000 0.000000 1.000000 0.000000 0.010000
20.000000 17.000000 20.000000 1.000000 0.000000 0.000000 1.000000
20.000000 18.000000 20.000000 1.000000 0.000000 0.000000 1.000000
20.000000 19.000000 20.000000 1.000000 0.000000 0.000000 1.000000
20.000000 20.000000 20.000000 1.000000 0.000000 0.000000 1.000000
20.000000 21.000000 20.000000 1.000000 0.000000 0.000000 1.000000
20.000000 22.000000 20.000000 1.000000 0.000000 0.000000 1.000000
20.000000 23.000000 20.000000 1.000000 0.000000 0.000000 1.000000
20.000000 24.000000 20.000000 0.000000 1.000000 0.000000 0.010000
20.000000 25.000000 20.000000 0.000000 1.000000 0.000000 0.010000
20.000000 26.000000 20.000000 0.000000 1.000000 0.000000 0.010000
20.000000 27.000000 20.000000 0.000000 1.000000 0.000000 0.010000
21.000000 14.000000 20.000000 0.000000 1.000000 0.000000 0.010000
21.000000 15.000000 20.000000 0.000000 1.000000 0.000000 0.010000
21.000000 16.000000 20.000000 0.000000 1.000000 0.000000 0.010000
21.000000 17.000000 20.000000 0.000000 1.000000 0.000000 0.010000
21.000000 18.000000 20.000000 1.000000 0.000000 0.000000 1.000000
21.000000 19.000000 20.000000 1.000000 0.000000 0.000000 1.000000
21.000000 20.000000 20.000000 1.000000 0.000000 0.000000 1.000000
21.000000 21.000000 20.000000 1.000000 0.000000 0.000000 1.000000
21.000000 22.000000 20.000000 1.000000 0.000000 0.000000 1.000000
21.000000 23.000000 20.000000 0.000000 1.000000 0.000000 0.010000
21.000000 24.000000 20.000000 0.000000 1.000000 0.000000 0.010000
21.000000 25.000000 20.000000 0.000000 1.000000 0.000000 0.010000
21.000000 26.000000 20.000000 0.000000 1.000000 0.000000 0.010000
22.000000 14.000000 20.000000 0.000000 1.000000 0.000000 0.010000
22.000000 15.000000 20.000000 0.000000 1.000000 0.000000 0.010000
22.000000 16.000000 20.000000 0.000000 1.000000 0.000000 0.010000
22.000000 17.000000 20.000000 0.000000 1.000000 0.000000 0.010000
22.000000 18.000000 20.000000 1.000000 0.000000 0.000000 1.000000
22.000000 19.000000 20.000000 1.000000 0.000000 0.000000 1.000000
22.000000 20.000000 20.000000 1.000000 0.000000 0.000000 1.000000
22.000000 21.000000 20.000000 1.000000 0.000000 0.000000 1.000000
22.000000 22.000000 20.000000 1.000000 0.000000 0.000000 1.000000
22.000000 23.000000 20.000000 0.000000 1.000000 0.000000 0.010000
22.000000 24.000000 20.000000 0.000000 1.000000 0.000000 0.010000
22.000000 25.000000 20.000000 0.000000 1.000000 0.000000 0.010000
22.000000 26.000000 20.000000 0.000000 1.000000 0.000000 0.010000
23.000000 14.000000 20.000000 0.000000 1.000000 0.000000 0.010000
23.000000 15.000000 20.000000 0.000000 1.000000 0.000000 0.010000
23.000000 16.000000 20.000000 0.000000 1.000000 0.000000 0.010000
23.000000 17.000000 20.000000 0.000000 1.000000 0.000000 0.010000
23.000000 18.000000 20.000000 0.000000 1.000000 0.000000 0.010000
23.000000 19.000000 20.000000 0.000000 1.000000 0.000000 0.010000
23.000000 20.000000 20.000000 1.000000 0.000000 0.000000 1.000000
23.000000 21.000000 20.000000 0.000000 1.000000 0.000000 0.010000
23.000000 22.000000 20.000000 0.000000 1.000000 0.000000 0.010000
23.000000 23.000000 20.000000 0.000000 1.000000 0.000000 0.010000
23.000000 24.000000 20.000000 0.000000 1.000000 0.000000 0.010000
23.000000 25.000000 20.000000 0.000000 1.000000 0.000000 0.010000
23.000000 26.000000 20.000000 0.000000 1.000000 0.000000 0.010000
24.000000 15.000000 20.000000 0.000000 1.000000 0.000000 0.010000
24.000000 16.000000 20.000000 0.000000 1.000000 0.000000 0.010000
24.000000 17.000000 20.000000 0.000000 1.000000 0.000000 0.010000
24.000000 18.000000 20.000000 0.000000 1.000000 0.000000 0.010000
24.000000 19.000000 20.000000 0.000000 1.000000 0.000000 0.010000
24.000000 20.000000 20.000000 0.000000 1.000000 0.000000 0.010000
24.000000 21.000000 20.000000 0.000000 1.000000 0.000000 0.010000
24.000000 22.000000 20.000000 0.000000 1.000000 0.000000 0.010000
24.000000 23.000000 20.000000 0.000000 1.000000 0.000000 0.010000
24.000000 24.000000 20.000000 0.000000 1.000000 0.000000 0.010000
24.000000 25.000000 20.000000 0.000000 1.000000 0.000000 0.010000
25.000000 16.000000 20.000000 0.000000 1.000000 0.000000 0.010000
25.000000 17.000000 20.000000 0.000000 1.000000 0.000000 0.010000
25.000000 18.000000 20.000000 0.000000 1.000000 0.000000 0.010000
25.000000 19.000000 20.000000 0.000000 1.000000 0.000000 0.010000
25.000000 20.000000 20.000000 0.000000 1.000000 0.000000 0.010000
25.000000 21.000000 20.000000 0.000000 1.000000 0.000000 0.010000
25.000000 22.000000 20.000000 0.000000 1.000000 0.000000 0.010000
25.000000 23.000000 20.000000 0.000000 1.000000 0.000000 0.010000
25.000000 24.000000 20.000000 0.000000 1.000000 0.000000 0.010000
26.000000 17.000000 20.000000 0.000000 1.000000 0.000000 0.010000
26.000000 18.000000 20.000000 0.000000 1.000000 0.000000 0.010000
26.000000 19.000000 20.000000 0.000000 1.000000 0.000000 0.010000
26.000000 20.000000 20.000000 0.000000 1.000000 0.000000 0.010000
26.000000 21.000000 20.000000 0.000000 1.000000 0.000000 0.010000
26.000000 22.000000 20.000000 0.000000 1.000000 0.000000 0.010000
26.000000 23.000000 20.000000 0.000000 1.000000 0.000000 0.010000
27.000000 20.000000 20.000000 0.000000 1.000000 0.000000 0.010000
14.000000 17.000000 21.000000 0.000000 1.000000 0.000000 0.010000
14.000000 18.000000 21.000000 0.000000 1.000000 0.000000 0.010000
14.000000 19.000000 21.000000 0.000000 1.000000 0.000000 0.010000
14.000000 20.000000 21.000000 0.000000 1.000000 0.000000 0.010000
14.000000 21.000000 21.000000 0.000000 1.000000 0.000000 0.010000
14.000000 22.000000 21.000000 0.000000 1.000000 0.000000 0.010000
14.000000 23.000000 21.000000 0.000000 1.000000 0.000000 0.010000
15.000000 16.000000 21.000000 0.000000 1.000000 0.000000 0.010000
15.000000 17.000000 21.000000 0.000000 1.000000 0.000000 0.010000
15.000000 18.000000 21.000000 0.000000 1.000000 0.000000 0.010000
15.000000 19.000000 21.000000 0.000000 1.000000 0.000000 0.010000
15.000000 20.000000 21.000000 0.000000 1.000000 0.000000 0.010000
15.000000 21.000000 21.000000 0.000000 1.000000 0.000000 0.010000
15.000000 22.000000 21.000000 0.000000 1.000000 0.000000 0.010000
15.000000 23.000000 21.000000 0.000000 1.000000 0.000000 0.010000
15.000000 24.000000 21.000000 0.000000 1.000000 0.000000 0.010000
16.000000 15.000000 21.000000 0.000000 1.000000 0.000000 0.010000
16.000000 16.000000 21.000000 0.000000 1.000000 0.000000 0.010000
16.000000 17.000000 21.000000 0.000000 1.000000 0.000000 0.010000
16.000000 18.000000 21.000000 0.000000 1.000000 0.000000 0.010000
16.000000 19.000000 21.000000 0.000000 1.000000 0.000000 0.010000
16.000000 20.000000 21.000000 0.000000 1.000000 0.000000 0.010000
16.000000 21.000000 21.000000 0.000000 1.000000 0.000000 0.010000
16.000000 22.000000 21.000000 0.000000 1.000000 0.000000 0.010000
16.000000 23.000000 21.000000 0.000000 1.000000 0.000000 0.010000
16.000000 24.000000 21.000000 0.000000 1.000000 0.000000 0.010000
16.000000 25.000000 21.000000 0.000000 1.000000 0.000000 0.010000
17.000000 14.000000 21.000000 0.000000 1.000000 0.000000 0.010000
17.000000 15.000000 21.000000 0.000000 1.000000 0.000000 0.010000
17.000000 16.000000 21.000000 0.000000 1.000000 0.000000 0.010000
17.000000 17.000000 21.000000 0.000000 1.000000 0.000000 0.010000
17.000000 18.000000 21.000000 0.000000 1.000000 0.000000 0.010000
17.000000 19.000000 21.000000 0.000000 1.000000 0.000000 0.010000
17.000000 20.000000 21.000000 0.000000 1.000000 0.000000 0.010000
17.000000 21.000000 21.000000 0.000000 1.000000 0.000000 0.010000
17.000000 22.000000 21.000000 0.000000 1.000000 0.000000 0.010000
17.000000 23.000000 21.000000 0.000000 1.000000 0.000000 0.010000
17.000000 24.000000 21.000000 0.000000 1.000000 0.000000 0.010000
17.000000 25.000000 21.000000 0.000000 1.000000 0.000000 0.010000
17.000000 26.000000 21.000000 0.000000 1.000000 0.000000 0.010000
18.000000 14.000000 21.000000 0.000000 1.000000 0.000000 0.010000
18.000000 15.000000 21.000000 0.000000 1.000000 0.000000 0.010000
18.000000 16.000000 21.000000 0.000000 1.000000 0.000000 0.010000
18.000000 17.000000 21.000000 0.000000 1.000000 0.000000 0.010000
18.000000 18.000000 21.000000 1.000000 0.000000 0.000000 1.000000
18.000000 19.000000 21.000000 1.000000 0.000000 0.000000 1.000000
18.000000 20.000000 21.000000 1.000000 0.000000 0.000000 1.000000
18.000000 21.000000 21.000000 1.000000 0.000000 0.000000 1.000000
18.000000 22.000000 21.000000 1.000000 0.000000 0.000000 1.000000
18.000000 23.000000 21.000000 0.000000 1.000000 0.000000 0.010000
18.000000 24.000000 21.000000 0.000000 1.000000 0.000000 0.010000
18.000000 25.000000 21.000000 0.000000 1.000000 0.000000 0.010000
18.000000 26.000000 21.000000 0.000000 1.000000 0.000000 0.010000
19.000000 14.000000 21.000000 0.000000 1.000000 0.000000 0.010000
19.000000 15.000000 21.000000 0.000000 1.000000 0.000000 0.010000
19.000000 16.000000 21.000000 0.000000 1.000000 0.000000 0.010000
19.000000 17.000000 21.000000 0.000000 1.000000 0.000000 0.010000
19.000000 18.000000 21.000000 1.000000 0.000000 0.000000 1.000000
19.000000 19.000000 21.000000 1.000000 0.000000 0.000000 1.000000
19.000000 20.000000 21.000000 1.000000 0.000000 0.000000 1.000000
19.000000 21.000000 21.000000 1.000000 0.000000 0.000000 1.000000
19.000000 22.000000 21.000000 1.000000 0.000000 0.000000 1.000000
19.000000 23.000000 21.000000 0.000000 1.000000 0.000000 0.010000
19.000000 24.000000 21.000000 0.000000 1.000000 0.000000 0.010000
19.000000 25.000000 21.000000 0.000000 1.000000 0.000000 0.010000
19.000000 26.000000 21.000000 0.000000 1.000000 0.000000 0.010000
20.000000 14.000000 21.000000 0.000000 1.000000 0.000000 0.010000
20.000000 15.000000 21.000000 0.000000 1.000000 0.000000 0.010000
20.000000 16.000000 21.000000 0.000000 1.000000 0.000000 0.010000
20.000000 17.000000 21.000000 0.000000 1.000000 0.000000 0.010000
20.000000 18.000000 21.000000 1.000000 0.000000 0.000000 1.000000
20.000000 19.000000 21.000000 1.000000 0.000000 0.000000 1.000000
20.000000 20.000000 21.000000 1.000000 0.000000 0.000000 1.000000
20.000000 21.000000 21.000000 1.000000 0.000000 0.000000 1.000000
20.000000 22.000000 21.000000 1.000000 0.000000 0.000000 1.000000
20.000000 23.000000 21.000000 0.000000 1.000000 0.000000 0.010000
20.000000 24.000000 21.000000 0.000000 1.000000 0.000000 0.010000
20.000000 25.000000 21.000000 0.000000 1.000000 0.000000 0.010000
20.000000 26.000000 21.000000 0.000000 1.000000 0.000000 0.010000
21.000000 14.000000 21.000000 0.000000 1.000000 0.000000 0.010000
21.000000 15.000000 21.000000 0.000000 1.000000 0.000000 0.010000
21.000000 16.000000 21.000000 0.000000 1.000000 0.000000 0.010000
21.000000 17.000000 21.000000 0.000000 1.000000 0.000000 0.010000
21.000000 18.000000 21.000000 1.000000 0.000000 0.000000 1.000000
21.000000 19.000000 21.000000 1.000000 0.000000 0.000000 1.000000
21.000000 20.000000 21.000000 1.000000 0.000000 0.000000 1.000000
21.000000 21.000000 21.000000 1.000000 0.000000 0.000000 1.000000
21.000000 22.000000 21.000000 1.000000 0.000000 0.000000 1.000000
21.000000 23.000000 21.000000 0.000000 1.000000 0.000000 0.010000
21.000000 24.000000 21.000000 0.000000 1.000000 0.000000 0.010000
21.000000 25.000000 21.000000 0.000000 1.000000 0.000000 0.010000
21.000000 26.000000 21.000000 0.000000 1.000000 0.000000 0.010000
22.000000 14.000000 21.000000 0.000000 1.000000 0.000000 0.010000
22.000000 15.000000 21.000000 0.000000 1.000000 0.000000 0.010000
22.000000 16.000000 21.000000 0.000000 1.000000 0.000000 0.010000
22.000000 17.000000 21.000000 0.000000 1.000000 0.000000 0.010000
22.000000 18.000000 21.000000 1.000000 0.000000 0.000000 1.000000
22.000000 19.000000 21.000000 1.000000 0.000000 0.000000 1.000000
22.000000 20.000000 21.000000 1.000000 0.000000 0.000000 1.000000
22.000000 21.000000 21.000000 1.000000 0.000000 0.000000 1.000000
22.000000 22.000000 21.000000 1.000000 0.000000 0.000000 1.000000
22.000000 23.000000 21.000000 0.000000 1.000000 0.000000 0.010000
22.000000 24.000000 21.000000 0.000000 1.000000 0.000000 0.010000
22.000000 25.000000 21.000000 0.000000 1.000000 0.000000 0.010000
22.000000 26.000000 21.000000 0.000000 1.000000 0.000000 0.010000
23.000000 14.000000 21.000000 0.000000 1.000000 0.000000 0.010000
23.000000 15.000000 21.000000 0.000000 1.000000 0.000000 0.010000
23.000000 16.000000 21.000000 0.000000 1.000000 0.000000 0.010000
23.000000 17.000000 21.000000 0.000000 1.000000 0.000000 0.010000
23.000000 18.000000 21.000000 0.000000 1.000000 0.000000 0.010000
23.000000 19.000000 21.000000 0.000000 1.000000 0.000000 0.010000
23.000000 20.000000 21.000000 0.000000 1.000000 0.000000 0.010000
23.000000 21.000000 21.000000 0.000000 1.000000 0.000000 0.010000
23.000000 22.000000 21.000000 0.000000 1.000000 0.000000 0.010000
23.000000 23.000000 21.000000 0.000000 1.000000 0.000000 0.010000
23.000000 24.000000 21.000000 0.000000 1.000000 0.000000 0.010000
23.000000 25.000000 21.000000 0.000000 1.000000 0.000000 0.010000
23.000000 26.000000 21.000000 0.000000 1.000000 0.000000 0.010000
24.000000 15.000000 21.000000 0.000000 1.000000 0.000000 0.010000
24.000000 16.000000 21.000000 0.000000 1.000000 0.000000 0.010000
24.000000 17.000000 21.000000 0.000000 1.000000 0.000000 0.010000
24.000000 18.000000 21.000000 0.000000 1.000000 0.000000 0.010000
24.000000 19.000000 21.000000 0.000000 1.000000 0.000000 0.010000
24.000000 20.000000 21.000000 0.000000 1.000000 0.000000 0.010000
24.000000 21.000000 21.000000 0.000000 1.000000 0.000000 0.010000
24.000000 22.000000 21.000000 0.000000 1.000000 0.000000 0.010000
24.000000 23.000000 21.000000 0.000000 1.000000 0.000000 0.010000
24.000000 24.000000 21.000000 0.000000 1.000000 0.000000 0.010000
24.000000 25.000000 21.000000 0.000000 1.000000 0.000000 0.010000
25.000000 16.000000 21.000000 0.000000 1.000000 0.000000 0.010000
25.000000 17.000000 21.000000 0.000000 1.000000 0.000000 0.010000
25.000000 18.000000 21.000000 0.000000 1.000000 0.000000 0.010000
25.000000 19.000000 21.000000 0.000000 1.000000 0.000000 0.010000
25.000000 20.000000 21.000000 0.000000 1.000000 0.000000 0.010000
25.000000 21.000000 21.000000 0.000000 1.000000 0.000000 0.010000
25.000000 22.000000 21.000000 0.000000 1.000000 0.000000 0.010000
25.000000 23.000000 21.000000 0.000000 1.000000 0.000000 0.010000
25.000000 24.000000 21.000000 0.000000 1.000000 0.000000 0.010000
26.000000 17.000000 21.000000 0.000000 1.000000 0.000000 0.010000
26.000000 18.000000 21.000000 0.000000 1.000000 0.000000 0.010000
26.000000 19.000000 21.000000 0.000000 1.000000 0.000000 0.010000
26.000000 20.000000 21.000000 0.000000 1.000000 0.000000 0.010000
26.000000 21.000000 21.000000 0.000000 1.000000 0.000000 0.010000
26.000000 22.000000 21.000000 0.000000 1.000000 0.000000 0.010000
26.000000 23.000000 21.000000 0.000000 1.000000 0.000000 0.010000
14.000000 17.000000 22.000000 0.000000 1.000000 0.000000 0.010000
14.000000 18.000000 22.000000 0.000000 1.000000 0.000000 0.010000
14.000000 19.000000 22.000000 0.000000 1.000000 0.000000 0.010000
14.000000 20.000000 22.000000 0.000000 1.000000 0.000000 0.010000
14.000000 21.000000 22.000000 0.000000 1.000000 0.000000 0.010000
14.000000 22.000000 22.000000 0.000000 1.000000 0.000000 0.010000
14.000000 23.000000 22.000000 0.000000 1.000000 0.000000 0.010000
15.000000 16.000000 22.000000 0.000000 1.000000 0.000000 0.010000
15.000000 17.000000 22.000000 0.000000 1.000000 0.000000 0.010000
15.000000 18.000000 22.000000 0.000000 1.000000 0.000000 0.010000
15.000000 19.000000 22.000000 0.000000 1.000000 0.000000 0.010000
15.000000 20.000000 22.000000 0.000000 1.000000 0.000000 0.010000
15.000000 21.000000 22.000000 0.000000 1.000000 0.000000 0.010000
15.000000 22.000000 22.000000 0.000000 1.000000 0.000000 0.010000
15.000000 23.000000 22.000000 0.000000 1.000000 0.000000 0.010000
15.000000 24.000000 22.000000 0.000000 1.000000 0.000000 0.010000
16.000000 15.000000 22.000000 0.000000 1.000000 0.000000 0.010000
16.000000 16.000000 22.000000 0.000000 1.000000 0.000000 0.010000
16.000000 17.000000 22.000000 0.000000 1.000000 0.000000 0.010000
16.000000 18.000000 22.000000 0.000000 1.000000 0.000000 0.010000
16.000000 19.000000 22.000000 0.000000 1.000000 0.000000 0.010000
16.000000 20.000000 22.000000 0.000000 1.000000 0.000000 0.010000
16.000000 21.000000 22.000000 0.000000 1.000000 0.000000 0.010000
16.000000 22.000000 22.000000 0.000000 1.000000 0.000000 0.010000
16.000000 23.000000 22.000000 0.000000 1.000000 0.000000 0.010000
16.000000 24.000000 22.000000 0.000000 1.000000 0.000000 0.010000
16.000000 25.000000 22.000000 0.000000 1.000000 0.000000 0.010000
17.000000 14.000000 22.000000 0.000000 1.000000 0.000000 0.010000
17.000000 15.000000 22.000000 0.000000 1.000000 0.000000 0.010000
17.000000 16.000000 22.000000 0.000000 1.000000 0.000000 0.010000
17.000000 17.000000 22.000000 0.000000 1.000000 0.000000 0.010000
17.000000 18.000000 22.000000 0.000000 1.000000 0.000000 0.010000
17.000000 19.000000 22.000000 0.000000 1.000000 0.000000 0.010000
17.000000 20.000000 22.000000 0.000000 1.000000 0.000000 0.010000
17.000000 21.000000 22.000000 0.000000 1.000000 0.000000 0.010000
17.000000 22.000000 22.000000 0.000000 1.000000 0.000000 0.010000
17.000000 23.000000 22.000000 0.000000 1.000000 0.000000 0.010000
17.000000 24.000000 22.000000 0.000000 1.000000 0.000000 0.010000
17.000000 25.000000 22.000000 0.000000 1.000000 0.000000 0.010000
17.000000 26.000000 22.000000 0.000000 1.000000 0.000000 0.010000
18.000000 14.000000 22.000000 0.000000 1.000000 0.000000 0.010000
18.000000 15.000000 22.000000 0.000000 1.000000 0.000000 0.010000
18.000000 16.000000 22.000000 0.000000 1.000000 0.000000 0.010000
18.000000 17.000000 22.000000 0.000000 1.000000 0.000000 0.010000
18.000000 18.000000 22.000000 0.000000 1.000000 0.000000 0.010000
18.000000 19.000000 22.000000 1.000000 0.000000 0.000000 1.000000
18.000000 20.000000 22.000000 1.000000 0.000000 0.000000 1.000000
18.000000 21.000000 22.000000 1.000000 0.000000 0.000000 1.000000
18.000000 22.000000 22.000000 0.000000 1.000000 0.000000 0.010000
18.000000 23.000000 22.000000 0.000000 1.000000 0.000000 0.010000
18.000000 24.000000 22.000000 0.000000 1.000000 0.000000 0.010000
18.000000 25.000000 22.000000 0.000000 1.000000 0.000000 0.010000
18.000000 26.000000 22.000000 0.000000 1.000000 0.000000 0.010000
19.000000 14.000000 22.000000 0.000000 1.000000 0.000000 0.010000
19.000000 15.000000 22.000000 0.000000 1.000000 0.000000 0.010000
19.000000 16.000000 22.000000 0.000000 1.000000 0.000000 0.010000
19.000000 17.000000 22.000000 0.000000 1.000000 0.000000 0.010000
19.000000 18.000000 22.000000 1.000000 0.000000 0.000000 1.000000
19.000000 19.000000 22.000000 1.000000 0.000000 0.000000 1.000000
19.000000 20.000000 22.000000 1.000000 0.000000 0.000000 1.000000
19.000000 21.000000 22.000000 1.000000 0.000000 0.000000 1.000000
19.000000 22.000000 22.000000 1.000000 0.000000 0.000000 1.000000
19.000000 23.000000 22.000000 0.000000 1.000000 0.000000 0.010000
19.000000 24.000000 22.000000 0.000000 1.000000 0.000000 0.010000
19.000000 25.000000 22.000000 0.000000 1.000000 0.000000 0.010000
19.000000 26.000000 22.000000 0.000000 1.000000 0.000000 0.010000
20.000000 14.000000 22.000000 0.000000 1.000000 0.000000 0.010000
20.000000 15.000000 22.000000 0.000000 1.000000 0.000000 0.010000
20.000000 16.000000 22.000000 0.000000 1.000000 0.000000 0.010000
20.000000 17.000000 22.000000 0.000000 1.000000 0.000000 0.010000
20.000000 18.000000 22.000000 1.000000 0.000000 0.000000 1.000000
20.000000 19.000000 22.000000 1.000000 0.000000 0.000000 1.000000
20.000000 20.000000 22.000000 1.000000 0.000000 0.000000 1.000000
20.000000 21.000000 22.000000 1.000000 0.000000 0.000000 1.000000
20.000000 22.000000 22.000000 1.000000 0.000000 0.000000 1.000000
20.000000 23.000000 22.000000 0.000000 1.000000 0.000000 0.010000
20.000000 24.000000 22.000000 0.000000 1.000000 0.000000 0.010000
20.000000 25.000000 22.000000 0.000000 1.000000 0.000000 0.010000
20.000000 26.000000 22.000000 0.000000 1.000000 0.000000 0.010000
21.000000 14.000000 22.000000 0.000000 1.000000 0.000000 0.010000
21.000000 15.000000 22.000000 0.000000 1.000000 0.000000 0.010000
21.000000 16.000000 22.000000 0.000000 1.000000 0.000000 0.010000
21.000000 17.000000 22.000000 0.000000 1.000000 0.000000 0.010000
21.000000 18.000000 22.000000 1.000000 0.000000 0.000000 1.000000
21.000000 19.000000 22.000000 1.000000 0.000000 0.000000 1.000000
21.000000 20.000000 22.000000 1.000000 0.000000 0.000000 1.000000
21.000000 21.000000 22.000000 1.000000 0.000000 0.000000 1.000000
21.000000 22.000000 22.000000 1.000000 0.000000 0.000000 1.000000
21.000000 23.000000 22.000000 0.000000 1.000000 0.000000 0.010000
21.000000 24.000000 22.000000 0.000000 1.000000 0.000000 0.010000
21.000000 25.000000 22.000000 0.000000 1.000000 0.000000 0.010000
21.000000 26.000000 22.000000 0.000000 1.000000 0.000000 0.010000
22.000000 14.000000 22.000000 0.000000 1.000000 0.000000 0.010000
22.000000 15.000000 22.000000 0.000000 1.000000 0.000000 0.010000
22.000000 16.000000 22.000000 0.000000 1.000000 0.000000 0.010000
22.000000 17.000000 22.000000 0.000000 1.000000 0.000000 0.010000
22.000000 18.000000 22.000000 0.000000 1.000000 0.000000 0.010000
22.000000 19.000000 22.000000 1.000000 0.000000 0.000000 1.000000
22.000000 20.000000 22.000000 1.000000 0.000000 0.000000 1.000000
22.000000 21.000000 22.000000 1.000000 0.000000 0.000000 1.000000
22.000000 22.000000 22.000000 0.000000 1.000000 0.000000 0.010000
22.000000 23.000000 22.000000 0.000000 1.000000 0.000000 0.010000
22.000000 24.000000 22.000000 0.000000 1.000000 0.000000 0.010000
22.000000 25.000000 22.000000 0.000000 1.000000 0.000000 0.010000
22.000000 26.000000 22.000000 0.000000 1.000000 0.000000 0.010000
23.000000 14.000000 22.000000 0.000000 1.000000 0.000000 0.010000
23.000000 15.000000 22.000000 0.000000 1.000000 0.000000 0.010000
23.000000 16.000000 22.000000 0.000000 1.000000 0.000000 0.010000
23.000000 17.000000 22.000000 0.000000 1.000000 0.000000 0.010000
23.000000 18.000000 22.000000 0.000000 1.000000 0.000000 0.010000
23.000000 19.000000 22.000000 0.000000 1.000000 0.000000 0.010000
23.000000 20.000000 22.000000 0.000000 1.000000 0.000000 0.010000
23.000000 21.000000 22.000000 0.000000 1.000000 0.000000 0.010000
23.000000 22.000000 22.000000 0.000000 1.000000 0.000000 0.010000
23.000000 23.000000 22.000000 0.000000 1.000000 0.000000 0.010000
23.000000 24.000000 22.000000 0.000000 1.000000 0.000000 0.010000
23.000000 25.000000 22.000000 0.000000 1.000000 0.000000 0.010000
23.000000 26.000000 22.000000 0.000000 1.000000 0.000000 0.010000
24.000000 15.000000 22.000000 0.000000 1.000000 0.000000 0.010000
24.000000 16.000000 22.000000 0.000000 1.000000 0.000000 0.010000
24.000000 17.000000 22.000000 0.000000 1.000000 0.000000 0.010000
24.000000 18.000000 22.000000 0.000000 1.000000 0.000000 0.010000
24.000000 19.000000 22.000000 0.000000 1.000000 0.000000 0.010000
24.000000 20.000000 22.000000 0.000000 1.000000 0.000000 0.010000
24.000000 21.000000 22.000000 0.000000 1.000000 0.000000 0.010000
24.000000 22.000000 22.000000 0.000000 1.000000 0.000000 0.010000
24.000000 23.000000 22.000000 0.000000 1.000000 0.000000 0.010000
24.000000 24.000000 22.000000 0.000000 1.000000 0.000000 0.010000
24.000000 25.000000 22.000000 0.000000 1.000000 0.000000 0.010000
25.000000 16.000000 22.000000 0.000000 1.000000 0.000000 0.010000
25.000000 17.000000 22.000000 0.000000 1.000000 0.000000 0.010000
25.000000 18.000000 22.000000 0.000000 1.000000 0.000000 0.010000
25.000000 19.000000 22.000000 0.000000 1.000000 0.000000 0.010000
25.000000 20.000000 22.000000 0.000000 1.000000 0.000000 0.010000
25.000000 21.000000 22.000000 0.000000 1.000000 0.000000 0.010000
25.000000 22.000000 22.000000 0.000000 1.000000 0.000000 0.010000
25.000000 23.000000 22.000000 0.000000 1.000000 0.000000 0.010000
25.000000 24.000000 22.000000 0.000000 1.000000 0.000000 0.010000
26.000000 17.000000 22.000000 0.000000 1.000000 0.000000 0.010000
26.000000 18.000000 22.000000 0.000000 1.000000 0.000000 0.010000
26.000000 19.000000 22.000000 0.000000 1.000000 0.000000 0.010000
26.000000 20.000000 22.000000 0.000000 1.000000 0.000000 0.010000
26.000000 21.000000 22.000000 0.000000 1.000000 0.000000 0.010000
26.000000 22.000000 22.000000 0.000000 1.000000 0.000000 0.010000
26.000000 23.000000 22.000000 0.000000 1.000000 0.000000 0.010000
14.000000 18.000000 23.000000 0.000000 1.000000 0.000000 0.010000
14.000000 19.000000 23.000000 0.000000 1.000000 0.000000 0.010000
14.000000 20.000000 23.000000 0.000000 1.000000 0.000000 0.010000
14.000000 21.000000 23.000000 0.000000 1.000000 0.000000 0.010000
14.000000 22.000000 23.000000 0.000000 1.000000 0.000000 0.010000
15.000000 17.000000 23.000000 0.000000 1.000000 0.000000 0.010000
15.000000 18.000000 23.000000 0.000000 1.000000 0.000000 0.010000
15.000000 19.000000 23.000000 0.000000 1.000000 0.000000 0.010000
15.000000 20.000000 23.000000 0.000000 1.000000 0.000000 0.010000
15.000000 21.000000 23.000000 0.000000 1.000000 0.000000 0.010000
15.000000 22.000000 23.000000 0.000000 1.000000 0.000000 0.010000
15.000000 23.000000 23.000000 0.000000 1.000000 0.000000 0.010000
16.000000 16.000000 23.000000 0.000000 1.000000 0.000000 0.010000
16.000000 17.000000 23.000000 0.000000 1.000000 0.000000 0.010000
16.000000 18.000000 23.000000 0.000000 1.000000 0.000000 0.010000
16.000000 19.000000 23.000000 0.000000 1.000000 0.000000 0.010000
16.000000 20.000000 23.000000 0.000000 1.000000 0.000000 0.010000
16.000000 21.000000 23.000000 0.000000 1.000000 0.000000 0.010000
16.000000 22.000000 23.000000 0.000000 1.000000 0.000000 0.010000
16.000000 23.000000 23.000000 0.000000 1.000000 0.000000 0.010000
16.000000 24.000000 23.000000 0.000000 1.000000 0.000000 0.010000
17.000000 15.000000 23.000000 0.000000 1.000000 0.000000 0.010000
17.000000 16.000000 23.000000 0.000000 1.000000 0.000000 0.010000
17.000000 17.000000 23.000000 0.000000 1.000000 0.000000 0.010000
17.000000 18.000000 23.000000 0.000000 1.000000 0.000000 0.010000
17.000000 19.000000 23.000000 0.000000 1.000000 0.000000 0.010000
17.000000 20.000000 23.000000 0.000000 1.000000 0.000000 0.010000
17.000000 21.000000 23.000000 0.000000 1.000000 0.000000 0.010000
17.000000 22.000000 23.000000 0.000000 1.000000 0.000000 0.010000
17.000000 23.000000 23.000000 0.000000 1.000000 0.000000 0.010000
17.000000 24.000000 23.000000 0.000000 1.000000 0.000000 0.010000
17.000000 25.000000 23.000000 0.000000 1.000000 0.000000 0.010000
18.000000 14.000000 23.000000 0.000000 1.000000 0.000000 0.010000
18.000000 15.000000 23.000000 0.000000 1.000000 0.000000 0.010000
18.000000 16.000000 23.000000 0.000000 1.000000 0.000000 0.010000
18.000000 17.000000 23.000000 0.000000 1.000000 0.000000 0.010000
18.000000 18.000000 23.000000 0.000000 1.000000 0.000000 0.010000
18.000000 19.000000 23.000000 0.000000 1.000000 0.000000 0.010000
18.000000 20.000000 23.000000 0.000000 1.000000 0.000000 0.010000
18.000000 21.000000 23.000000 0.000000 1.000000 0.000000 0.010000
18.000000 22.000000 23.000000 0.000000 1.000000 0.000000 0.010000
18.000000 23.000000 23.000000 0.000000 1.000000 0.000000 0.010000
18.000000 24.000000 23.000000 0.000000 1.000000 0.000000 0.010000
18.000000 25.000000 23.000000 0.000000 1.000000 0.000000 0.010000
18.000000 26.000000 23.000000 0.000000 1.000000 0.000000 0.010000
19.000000 14.000000 23.000000 0.000000 1.000000 0.000000 0.010000
19.000000 15.000000 23.000000 0.000000 1.000000 0.000000 0.010000
19.000000 16.000000 23.000000 0.000000 1.000000 0.000000 0.010000
19.000000 17.000000 23.000000 0.000000 1.000000 0.000000 0.010000
19.000000 18.000000 23.000000 0.000000 1.000000 0.000000 0.010000
19.000000 19.000000 23.000000 0.000000 1.000000 0.000000 0.010000
19.000000 20.000000 23.000000 0.000000 1.000000 0.000000 0.010000
19.000000 21.000000 23.000000 0.000000 1.000000 0.000000 0.010000
19.000000 22.000000 23.000000 0.000000 1.000000 0.000000 0.010000
19.000000 23.000000 23.000000 0.000000 1.000000 0.000000 0.010000
19.000000 24.000000 23.000000 0.000000 1.000000 0.000000 0.010000
19.000000 25.000000 23.000000 0.000000 1.000000 0.000000 0.010000
19.000000 26.000000 23.000000 0.000000 1.000000 0.000000 0.010000
20.000000 14.000000 23.000000 0.000000 1.000000 0.000000 0.010000
20.000000 15.000000 23.000000 0.000000 1.000000 0.000000 0.010000
20.000000 16.000000 23.000000 0.000000 1.000000 0.000000 0.010000
20.000000 17.000000 23.000000 0.000000 1.000000 0.000000 0.010000
20.000000 18.000000 23.000000 0.000000 1.000000 0.000000 0.010000
20.000000 19.000000 23.000000 0.000000 1.000000 0.000000 0.010000
20.000000 20.000000 23.000000 1.000000 0.000000 0.000000 1.000000
20.000000 21.000000 23.000000 0.000000 1.000000 0.000000 0.010000
20.000000 22.000000 23.000000 0.000000 1.000000 0.000000 0.010000
20.000000 23.000000 23.000000 0.000000 1.000000 0.000000 0.010000
20.000000 24.000000 23.000000 0.000000 1.000000 0.000000 0.010000
20.000000 25.000000 23.000000 0.000000 1.000000 0.000000 0.010000
20.000000 26.000000 23.000000 0.000000 1.000000 0.000000 0.010000
21.000000 14.000000 23.000000 0.000000 1.000000 0.000000 0.010000
21.000000 15.000000 23.000000 0.000000 1.000000 0.000000 0.010000
21.000000 16.000000 23.000000 0.000000 1.000000 0.000000 0.010000
21.000000 17.000000 23.000000 0.000000 1.000000 0.000000 0.010000
21.000000 18.000000 23.000000 0.000000 1.000000 0.000000 0.010000
21.000000 19.000000 23.000000 0.000000 1.000000 0.000000 0.010000
21.000000 20.000000 23.000000 0.000000 1.000000 0.000000 0.010000
21.000000 21.000000 23.000000 0.000000 1.000000 0.000000 0.010000
21.000000 22.000000 23.000000 0.000000 1.000000 0.000000 0.010000
21.000000 23.000000 23.000000 0.000000 1.000000 0.000000 0.010000
21.000000 24.000000 23.000000 0.000000 1.000000 0.000000 0.010000
21.000000 25.000000 23.000000 0.000000 1.000000 0.000000 0.010000
21.000000 26.000000 23.000000 0.000000 1.000000 0.000000 0.010000
22.000000 14.000000 23.000000 0.000000 1.000000 0.000000 0.010000
22.000000 15.000000 23.000000 0.000000 1.000000 0.000000 0.010000
22.000000 16.000000 23.000000 0.000000 1.000000 0.000000 0.010000
22.000000 17.000000 23.000000 0.000000 1.000000 0.000000 0.010000
22.000000 18.000000 23.000000 0.000000 1.000000 0.000000 0.010000
22.000000 19.000000 23.000000 0.000000 1.000000 0.000000 0.010000
22.000000 20.000000 23.000000 0.000000 1.000000 0.000000 0.010000
22.000000 21.000000 23.000000 0.000000 1.000000 0.000000 0.010000
22.000000 22.000000 23.000000 0.000000 1.000000 0.000000 0.010000
22.000000 23.000000 23.000000 0.000000 1.000000 0.000000 0.010000
22.000000 24.000000 23.000000 0.000000 1.000000 0.000000 0.010000
22.000000 25.000000 23.000000 0.000000 1.000000 0.000000 0.010000
22.000000 26.000000 23.000000 0.000000 1.000000 0.000000 0.010000
23.000000 15.000000 23.000000 0.000000 1.000000 0.000000 0.010000
23.000000 16.000000 23.000000 0.000000 1.000000 0.000000 0.010000
23.000000 17.000000 23.000000 0.000000 1.000000 0.000000 0.010000
23.000000 18.000000 23.000000 0.000000 1.000000 0.000000 0.010000
23.000000 19.000000 23.000000 0.000000 1.000000 0.000000 0.010000
23.000000 20.000000 23.000000 0.000000 1.000000 0.000000 0.010000
23.000000 21.000000 23.000000 0.000000 1.000000 0.000000 0.010000
23.000000 22.000000 23.000000 0.000000 1.000000 0.000000 0.010000
23.000000 23.000000 23.000000 0.000000 1.000000 0.000000 0.010000
23.000000 24.000000 23.000000 0.000000 1.000000 0.000000 0.010000
23.000000 25.000000 23.000000 0.000000 1.000000 0.000000 0.010000
24.000000 16.000000 23.000000 0.000000 1.000000 0.000000 0.010000
24.000000 17.000000 23.000000 0.000000 1.000000 0.000000 0.010000
24.000000 18.000000 23.000000 0.000000 1.000000 0.000000 0.010000
24.000000 19.000000 23.000000 0.000000 1.000000 0.000000 0.010000
24.000000 20.000000 23.000000 0.000000 1.000000 0.000000 0.010000
24.000000 21.000000 23.000000 0.000000 1.000000 0.000000 0.010000
24.000000 22.000000 23.000000 0.000000 1.000000 0.000000 0.010000
24.000000 23.000000 23.000000 0.000000 1.000000 0.000000 0.010000
24.000000 24.000000 23.000000 0.000000 1.000000 0.000000 0.010000
25.000000 17.000000 23.000000 0.000000 1.000000 0.000000 0.010000
25.000000 18.000000 23.000000 0.000000 1.000000 0.000000 0.010000
25.000000 19.000000 23.000000 0.000000 1.000000 0.000000 0.010000
25.000000 20.000000 23.000000 0.000000 1.000000 0.000000 0.010000
25.000000 21.000000 23.000000 0.000000 1.000000 0.000000 0.010000
25.000000 22.000000 23.000000 0.000000 1.000000 0.000000 0.010000
25.000000 23.000000 23.000000 0.000000 1.000000 0.000000 0.010000
26.000000 18.000000 23.000000 0.000000 1.000000 0.000000 0.010000
26.000000 19.000000 23.000000 0.000000 1.000000 0.000000 0.010000
26.000000 20.000000 23.000000 0.000000 1.000000 0.000000 0.010000
26.000000 21.000000 23.000000 0.000000 1.000000 0.000000 0.010000
26.000000 22.000000 23.000000 0.000000 1.000000 0.000000 0.010000
15.000000 18.000000 24.000000 0.000000 1.000000 0.000000 0.010000
15.000000 19.000000 24.000000 0.000000 1.000000 0.000000 0.010000
15.000000 20.000000 24.000000 0.000000 1.000000 0.000000 0.010000
15.000000 21.000000 24.000000 0.000000 1.000000 0.000000 0.010000
15.000000 22.000000 24.000000 0.000000 1.000000 0.000000 0.010000
16.000000 16.000000 24.000000 0.000000 1.000000 0.000000 0.010000
16.000000 17.000000 24.000000 0.000000 1.000000 0.000000 0.010000
16.000000 18.000000 24.000000 0.000000 1.000000 0.000000 0.010000
16.000000 19.000000 24.000000 0.000000 1.000000 0.000000 0.010000
16.000000 20.000000 24.000000 0.000000 1.000000 0.000000 0.010000
16.000000 21.000000 24.000000 0.000000 1.000000 0.000000 0.010000
16.000000 22.000000 24.000000 0.000000 1.000000 0.000000 0.010000
16.000000 23.000000 24.000000 0.000000 1.000000 0.000000 0.010000
16.000000 24.000000 24.000000 0.000000 1.000000 0.000000 0.010000
17.000000 16.000000 24.000000 0.000000 1.000000 0.000000 0.010000
17.000000 17.000000 24.000000 0.000000 1.000000 0.000000 0.010000
17.000000 18.000000 24.000000 0.000000 1.000000 0.000000 0.010000
17.000000 19.000000 24.000000 0.000000 1.000000 0.000000 0.010000
17.000000 20.000000 24.000000 0.000000 1.000000 0.000000 0.010000
17.000000 21.000000 24.000000 0.000000 1.000000 0.000000 0.010000
17.000000 22.000000 24.000000 0.000000 1.000000 0.000000 0.010000
17.000000 23.000000 24.000000 0.000000 1.000000 0.000000 0.010000
17.000000 24.000000 24.000000 0.000000 1.000000 0.000000 0.010000
18.000000 15.000000 24.000000 0.000000 1.000000 0.000000 0.010000
18.000000 16.000000 24.000000 0.000000 1.000000 0.000000 0.010000
18.000000 17.000000 24.000000 0.000000 1.000000 0.000000 0.010000
18.000000 18.000000 24.000000 0.000000 1.000000 0.000000 0.010000
18.000000 19.000000 24.000000 0.000000 1.000000 0.000000 0.010000
18.000000 20.000000 24.000000 0.000000 1.000000 0.000000 0.010000
18.000000 21.000000 24.000000 0.000000 1.000000 0.000000 0.010000
18.000000 22.000000 24.000000 0.000000 1.000000 0.000000 0.010000
18.000000 23.000000 24.000000 0.000000 1.000000 0.000000 0.010000
18.000000 24.000000 24.000000 0.000000 1.000000 0.000000 0.010000
18.000000 25.000000 24.000000 0.000000 1.000000 0.000000 0.010000
19.000000 15.000000 24.000000 0.000000 1.000000 0.000000 0.010000
19.000000 16.000000 24.000000 0.000000 1.000000 0.000000 0.010000
19.000000 17.000000 24.000000 0.000000 1.000000 0.000000 0.010000
19.000000 18.000000 24.000000 0.000000 1.000000 0.000000 0.010000
19.000000 19.000000 24.000000 0.000000 1.000000 0.000000 0.010000
19.000000 20.000000 24.000000 0.000000 1.000000 0.000000 0.010000
19.000000 21.000000 24.000000 0.000000 1.000000 0.000000 0.010000
19.000000 22.000000 24.000000 0.000000 1.000000 0.000000 0.010000
19.000000 23.000000 24.000000 0.000000 1.000000 0.000000 0.010000
19.000000 24.000000 24.000000 0.000000 1.000000 0.000000 0.010000
19.000000 25.000000 24.000000 0.000000 1.000000 0.000000 0.010000
20.000000 15.000000 24.000000 0.000000 1.000000 0.000000 0.010000
20.000000 16.000000 24.000000 0.000000 1.000000 0.000000 0.010000
20.000000 17.000000 24.000000 0.000000 1.000000 0.000000 0.010000
20.000000 18.000000 24.000000 0.000000 1.000000 0.000000 0.010000
20.000000 19.000000 24.000000 0.000000 1.000000 0.000000 0.010000
20.000000 20.000000 24.000000 0.000000 1.000000 0.000000 0.010000
20.000000 21.000000 24.000000 0.000000 1.000000 0.000000 0.010000
20.000000 22.000000 24.000000 0.000000 1.000000 0.000000 0.010000
20.000000 23.000000 24.000000 0.000000 1.000000 0.000000 0.010000
20.000000 24.000000 24.000000 0.000000 1.000000 0.000000 0.010000
20.000000 25.000000 24.000000 0.000000 1.000000 0.000000 0.010000
21.000000 15.000000 24.000000 0.000000 1.000000 0.000000 0.010000
21.000000 16.000000 24.000000 0.000000 1.000000 0.000000 0.010000
21.000000 17.000000 24.000000 0.000000 1.000000 0.000000 0.010000
21.000000 18.000000 24.000000 0.000000 1.000000 0.000000 0.010000
21.000000 19.000000 24.000000 0.000000 1.000000 0.000000 0.010000
21.000000 20.000000 24.000000 0.000000 1.000000 0.000000 0.010000
21.000000 21.000000 24.000000 0.000000 1.000000 0.000000 0.010000
21.000000 22.000000 24.000000 0.000000 1.000000 0.000000 0.010000
21.000000 23.000000 24.000000 0.000000 1.000000 0.000000 0.010000
21.000000 24.000000 24.000000 0.000000 1.000000 0.000000 0.010000
21.000000 25.000000 24.000000 0.000000 1.000000 0.000000 0.010000
22.000000 15.000000 24.000000 0.000000 1.000000 0.000000 0.010000
22.000000 16.000000 24.000000 0.000000 1.000000 0.000000 0.010000
22.000000 17.000000 24.000000 0.000000 1.000000 0.000000 0.010000
22.000000 18.000000 24.000000 0.000000 1.000000 0.000000 0.010000
22.000000 19.000000 24.000000 0.000000 1.000000 0.000000 0.010000
22.000000 20.000000 24.000000 0.000000 1.000000 0.000000 0.010000
22.000000 21.000000 24.000000 0.000000 1.000000 0.000000 0.010000
22.000000 22.000000 24.000000 0.000000 1.000000 0.000000 0.010000
22.000000 23.000000 24.000000 0.000000 1.000000 0.000000 0.010000
22.000000 24.000000 24.000000 0.000000 1.000000 0.000000 0.010000
22.000000 25.000000 24.000000 0.000000 1.000000 0.000000 0.010000
23.000000 16.000000 24.000000 0.000000 1.000000 0.000000 0.010000
23.000000 17.000000 24.000000 0.000000 1.000000 0.000000 0.010000
23.000000 18.000000 24.000000 0.000000 1.000000 0.000000 0.010000
23.000000 19.000000 24.000000 0.000000 1.000000 0.000000 0.010000
23.000000 20.000000 24.000000 0.000000 1.000000 0.000000 0.010000
23.000000 21.000000 24.000000 0.000000 1.000000 0.000000 0.010000
23.000000 22.000000 24.000000 0.000000 1.000000 0.000000 0.010000
23.000000 23.000000 24.000000 0.000000 1.000000 0.000000 0.010000
23.000000 24.000000 24.000000 0.000000 1.000000 0.000000 0.010000
24.000000 16.000000 24.000000 0.000000 1.000000 0.000000 0.010000
24.000000 17.000000 24.000000 0.000000 1.000000 0.000000 0.010000
24.000000 18.000000 24.000000 0.000000 1.000000 0.000000 0.010000
24.000000 19.000000 24.000000 0.000000 1.000000 0.000000 0.010000
24.000000 20.000000 24.000000 0.000000 1.000000 0.000000 0.010000
24.000000 21.000000 24.000000 0.000000 1.000000 0.000000 0.010000
24.000000 22.000000 24.000000 0.000000 1.000000 0.000000 0.010000
24.000000 23.000000 24.000000 0.000000 1.000000 0.000000 0.010000
24.000000 24.000000 24.000000 0.000000 1.000000 0.000000 0.010000
25.000000 18.000000 24.000000 0.000000 1.000000 0.000000 0.010000
25.000000 19.000000 24.000000 0.000000 1.000000 0.000000 0.010000
25.000000 20.000000 24.000000 0.000000 1.000000 0.000000 0.010000
25.000000 21.000000 24.000000 0.000000 1.000000 0.000000 0.010000
25.000000 22.000000 24.000000 0.000000 1.000000 0.000000 0.010000
16.000000 18.000000 25.000000 0.000000 1.000000 0.000000 0.010000
16.000000 19.000000 25.000000 0.000000 1.000000 0.000000 0.010000
16.000000 20.000000 25.000000 0.000000 1.000000 0.000000 0.010000
16.000000 21.000000 25.000000 0.000000 1.000000 0.000000 0.010000
16.000000 22.000000 25.000000 0.000000 1.000000 0.000000 0.010000
17.000000 17.000000 25.000000 0.000000 1.000000 0.000000 0.010000
17.000000 18.000000 25.000000 0.000000 1.000000 0.000000 0.010000
17.000000 19.000000 25.000000 0.000000 1.000000 0.000000 0.010000
17.000000 20.000000 25.000000 0.000000 1.000000 0.000000 0.010000
17.000000 21.000000 25.000000 0.000000 1.000000 0.000000 0.010000
17.000000 22.000000 25.000000 0.000000 1.000000 0.000000 0.010000
17.000000 23.000000 25.000000 0.000000 1.000000 0.000000 0.010000
18.000000 16.000000 25.000000 0.000000 1.000000 0.000000 0.010000
18.000000 17.000000 25.000000 0.000000 1.000000 0.000000 0.010000
18.000000 18.000000 25.000000 0.000000 1.000000 0.000000 0.010000
18.000000 19.000000 25.000000 0.000000 1.000000 0.000000 0.010000
18.000000 20.000000 25.000000 0.000000 1.000000 0.000000 0.010000
18.000000 21.000000 25.000000 0.000000 1.000000 0.000000 0.010000
18.000000 22.000000 25.000000 0.000000 1.000000 0.000000 0.010000
18.000000 23.000000 25.000000 0.000000 1.000000 0.000000 0.010000
18.000000 24.000000 25.000000 0.000000 1.000000 0.000000 0.010000
19.000000 16.000000 25.000000 0.000000 1.000000 0.000000 0.010000
19.000000 17.000000 25.000000 0.000000 1.000000 0.000000 0.010000
19.000000 18.000000 25.000000 0.000000 1.000000 0.000000 0.010000
19.000000 19.000000 25.000000 0.000000 1.000000 0.000000 0.010000
19.000000 20.000000 25.000000 0.000000 1.000000 0.000000 0.010000
19.000000 21.000000 25.000000 0.000000 1.000000 0.000000 0.010000
19.000000 22.000000 25.000000 0.000000 1.000000 0.000000 0.010000
19.000000 23.000000 25.000000 0.000000 1.000000 0.000000 0.010000
19.000000 24.000000 25.000000 0.000000 1.000000 0.000000 0.010000
20.000000 16.000000 25.000000 0.000000 1.000000 0.000000 0.010000
20.000000 17.000000 25.000000 0.000000 1.000000 0.000000 0.010000
20.000000 18.000000 25.000000 0.000000 1.000000 0.000000 0.010000
20.000000 19.000000 25.000000 0.000000 1.000000 0.000000 0.010000
20.000000 20.000000 25.000000 0.000000 1.000000 0.000000 0.010000
20.000000 21.000000 25.000000 0.000000 1.000000 0.000000 0.010000
20.000000 22.000000 25.000000 0.000000 1.000000 0.000000 0.010000
20.000000 23.000000 25.000000 0.000000 1.000000 0.000000 0.010000
20.000000 24.000000 25.000000 0.000000 1.000000 0.000000 0.010000
21.000000 16.000000 25.000000 0.000000 1.000000 0.000000 0.010000
21.000000 17.000000 25.000000 0.000000 1.000000 0.000000 0.010000
21.000000 18.000000 25.000000 0.000000 1.000000 0.000000 0.010000
21.000000 19.000000 25.000000 0.000000 1.000000 0.000000 0.010000
21.000000 20.000000 25.000000 0.000000 1.000000 0.000000 0.010000
21.000000 21.000000 25.000000 0.000000 1.000000 0.000000 0.010000
21.000000 22.000000 25.000000 0.000000 1.000000 0.000000 0.010000
21.000000 23.000000 25.000000 0.000000 1.000000 0.000000 0.010000
21.000000 24.000000 25.000000 0.000000 1.000000 0.000000 0.010000
22.000000 16.000000 25.000000 0.000000 1.000000 0.000000 0.010000
22.000000 17.000000 25.000000 0.000000 1.000000 0.000000 0.010000
22.000000 18.000000 25.000000 0.000000 1.000000 0.000000 0.010000
22.000000 19.000000 25.000000 0.000000 1.000000 0.000000 0.010000
22.000000 20.000000 25.000000 0.000000 1.000000 0.000000 0.010000
22.000000 21.000000 25.000000 0.000000 1.000000 0.000000 0.010000
22.000000 22.000000 25.000000 0.000000 1.000000 0.000000 0.010000
22.000000 23.000000 25.000000 0.000000 1.000000 0.000000 0.010000
22.000000 24.000000 25.000000 0.000000 1.000000 0.000000 0.010000
23.000000 17.000000 25.000000 0.000000 1.000000 0.000000 0.010000
23.000000 18.000000 25.000000 0.000000 1.000000 0.000000 0.010000
23.000000 19.000000 25.000000 0.000000 1.000000 0.000000 0.010000
23.000000 20.000000 25.000000 0.000000 1.000000 0.000000 0.010000
23.000000 21.000000 25.000000 0.000000 1.000000 0.000000 0.010000
23.000000 22.000000 25.000000 0.000000 1.000000 0.000000 0.010000
23.000000 23.000000 25.000000 0.000000 1.000000 0.000000 0.010000
24.000000 18.000000 25.000000 0.000000 1.000000 0.000000 0.010000
24.000000 19.000000 25.000000 0.000000 1.000000 0.000000 0.010000
24.000000 20.000000 25.000000 0.000000 1.000000 0.000000 0.010000
24.000000 21.000000 25.000000 0.000000 1.000000 0.000000 0.010000
24.000000 22.000000 25.000000 0.000000 1.000000 0.000000 0.010000
17.000000 18.000000 26.000000 0.000000 1.000000 0.000000 0.010000
17.000000 19.000000 26.000000 0.000000 1.000000 0.000000 0.010000
17.000000 20.000000 26.000000 0.000000 1.000000 0.000000 0.010000
17.000000 21.000000 26.000000 0.000000 1.000000 0.000000 0.010000
17.000000 22.000000 26.000000 0.000000 1.000000 0.000000 0.010000
18.000000 17.000000 26.000000 0.000000 1.000000 0.000000 0.010000
18.000000 18.000000 26.000000 0.000000 1.000000 0.000000 0.010000
18.000000 19.000000 26.000000 0.000000 1.000000 0.000000 0.010000
18.000000 20.000000 26.000000 0.000000 1.000000 0.000000 0.010000
18.000000 21.000000 26.000000 0.000000 1.000000 0.000000 0.010000
18.000000 22.000000 26.000000 0.000000 1.000000 0.000000 0.010000
18.000000 23.000000 26.000000 0.000000 1.000000 0.000000 0.010000
19.000000 17.000000 26.000000 0.000000 1.000000 0.000000 0.010000
19.000000 18.000000 26.000000 0.000000 1.000000 0.000000 0.010000
19.000000 19.000000 26.000000 0.000000 1.000000 0.000000 0.010000
19.000000 20.000000 26.000000 0.000000 1.000000 0.000000 0.010000
19.000000 21.000000 26.000000 0.000000 1.000000 0.000000 0.010000
19.000000 22.000000 26.000000 0.000000 1.000000 0.000000 0.010000
19.000000 23.000000 26.000000 0.000000 1.000000 0.000000 0.010000
20.000000 17.000000 26.000000 0.000000 1.000000 0.000000 0.010000
20.000000 18.000000 26.000000 0.000000 1.000000 0.000000 0.010000
20.000000 19.000000 26.000000 0.000000 1.000000 0.000000 0.010000
20.000000 20.000000 26.000000 0.000000 1.000000 0.000000 0.010000
20.000000 21.000000 26.000000 0.000000 1.000000 0.000000 0.010000
20.000000 22.000000 26.000000 0.000000 1.000000 0.000000 0.010000
20.000000 23.000000 26.000000 0.000000 1.000000 0.000000 0.010000
21.000000 17.000000 26.000000 0.000000 1.000000 0.000000 0.010000
21.000000 18.000000 26.000000 0.000000 1.000000 0.000000 0.010000
21.000000 19.000000 26.000000 0.000000 1.000000 0.000000 0.010000
21.000000 20.000000 26.000000 0.000000 1.000000 0.000000 0.010000
21.000000 21.000000 26.000000 0.000000 1.000000 0.000000 0.010000
21.000000 22.000000 26.000000 0.000000 1.000000 0.000000 0.010000
21.000000 23.000000 26.000000 0.000000 1.000000 0.000000 0.010000
22.000000 17.000000 26.000000 0.000000 1.000000 0.000000 0.010000
22.000000 18.000000 26.000000 0.000000 1.000000 0.000000 0.010000
22.000000 19.000000 26.000000 0.000000 1.000000 0.000000 0.010000
22.000000 20.000000 26.000000 0.000000 1.000000 0.000000 0.010000
22.000000 21.000000 26.000000 0.000000 1.000000 0.000000 0.010000
22.000000 22.000000 26.000000 0.000000 1.000000 0.000000 0.010000
22.000000 23.000000 26.000000 0.000000 1.000000 0.000000 0.010000
23.000000 18.000000 26.000000 0.000000 1.000000 0.000000 0.010000
23.000000 19.000000 26.000000 0.000000 1.000000 0.000000 0.010000
23.000000 20.000000 26.000000 0.000000 1.000000 0.000000 0.010000
23.000000 21.000000 26.000000 0.000000 1.000000 0.000000 0.010000
23.000000 22.000000 26.000000 0.000000 1.000000 0.000000 0.010000
20.000000 20.000000 27.000000 0.000000 1.000000 0.000000 0.010000
