# i (x-axis) 
#  j (y-axis) 
#  k (z-axis) 
#  RGB (R) 
#  RGB (G) 
#  RGB (B) 
#  number per voxel 
#  glucose 
#  oxygen
0.000000 0.000000 10.000000 0.000000 0.000000 0.000000 0.000000 5147469932.928595 43464426100.982407
0.000000 1.000000 10.000000 0.000000 0.000000 0.000000 0.000000 10071232537.427996 84486571374.682083
0.000000 2.000000 10.000000 0.000000 0.000000 0.000000 0.000000 14575392465.328838 120978037843.634537
0.000000 3.000000 10.000000 0.000000 0.000000 0.000000 0.000000 18513886728.040710 151485773715.153534
0.000000 4.000000 10.000000 0.000000 0.000000 0.000000 0.000000 21802450711.310711 175346876237.451843
0.000000 5.000000 10.000000 0.000000 0.000000 0.000000 0.000000 24418798441.044147 192692772635.427612
0.000000 6.000000 10.000000 0.000000 0.000000 0.000000 0.000000 26391999422.423862 204311730609.107666
0.000000 7.000000 10.000000 0.000000 0.000000 0.000000 0.000000 27784156964.234612 211405190740.097717
0.000000 8.000000 10.000000 0.000000 0.000000 0.000000 0.000000 28668586383.215313 215288470433.496979
0.000000 9.000000 10.000000 0.000000 0.000000 0.000000 0.000000 29108748911.039978 217089784307.757874
0.000000 10.000000 10.000000 0.000000 0.000000 0.000000 0.000000 29141534998.235100 217496798077.402191
0.000000 11.000000 10.000000 0.000000 0.000000 0.000000 0.000000 28767508206.372593 216591280761.107788
0.000000 12.000000 10.000000 0.000000 0.000000 0.000000 0.000000 27949678712.695644 213802039656.243469
0.000000 13.000000 10.000000 0.000000 0.000000 0.000000 0.000000 26621300503.802578 207993266549.681824
0.000000 14.000000 10.000000 0.000000 0.000000 0.000000 0.000000 24701951049.474228 197686997588.925720
0.000000 15.000000 10.000000 0.000000 0.000000 0.000000 0.000000 22119672093.497070 181393264752.145264
0.000000 16.000000 10.000000 0.000000 0.000000 0.000000 0.000000 18835370991.060349 157992603825.681702
0.000000 17.000000 10.000000 0.000000 0.000000 0.000000 0.000000 14864449315.986399 127091203577.628723
0.000000 18.000000 10.000000 0.000000 0.000000 0.000000 0.000000 10290338586.291235 89260164594.540085
0.000000 19.000000 10.000000 0.000000 0.000000 0.000000 0.000000 5265747770.052504 46085880022.775520
1.000000 0.000000 10.000000 0.000000 0.000000 0.000000 0.000000 9999272731.788155 83379917045.882660
1.000000 1.000000 10.000000 0.000000 0.000000 0.000000 0.000000 19563646231.887562 162026695586.845795
1.000000 2.000000 10.000000 0.000000 0.000000 0.000000 0.000000 28312338884.889832 231897821195.988403
1.000000 3.000000 10.000000 0.000000 0.000000 0.000000 0.000000 35961530248.486122 290190131633.941406
1.000000 4.000000 10.000000 0.000000 0.000000 0.000000 0.000000 42347633172.859604 335640547291.248840
1.000000 5.000000 10.000000 0.000000 0.000000 0.000000 0.000000 47427624873.818825 368532240983.698853
1.000000 6.000000 10.000000 0.000000 0.000000 0.000000 0.000000 51258352633.606834 390424366013.657593
1.000000 7.000000 10.000000 0.000000 0.000000 0.000000 0.000000 53960857466.272774 403675209359.177612
1.000000 8.000000 10.000000 0.000000 0.000000 0.000000 0.000000 55677895004.969841 410858057858.043945
1.000000 9.000000 10.000000 0.000000 0.000000 0.000000 0.000000 56532937315.466614 414175026139.073486
1.000000 10.000000 10.000000 0.000000 0.000000 0.000000 0.000000 56597656731.382614 414964666875.414246
1.000000 11.000000 10.000000 0.000000 0.000000 0.000000 0.000000 55872972705.245316 413381821840.521057
1.000000 12.000000 10.000000 0.000000 0.000000 0.000000 0.000000 54286711097.898361 408307877997.840820
1.000000 13.000000 10.000000 0.000000 0.000000 0.000000 0.000000 51708824449.623459 397524145320.867004
1.000000 14.000000 10.000000 0.000000 0.000000 0.000000 0.000000 47982714110.366348 378145413727.582275
1.000000 15.000000 10.000000 0.000000 0.000000 0.000000 0.000000 42968314297.058563 347262060747.767090
1.000000 16.000000 10.000000 0.000000 0.000000 0.000000 0.000000 36589536466.413811 302683182232.514771
1.000000 17.000000 10.000000 0.000000 0.000000 0.000000 0.000000 28876288203.419155 243626042761.795135
1.000000 18.000000 10.000000 0.000000 0.000000 0.000000 0.000000 19990738373.120213 171180198368.194458
1.000000 19.000000 10.000000 0.000000 0.000000 0.000000 0.000000 10229702149.442579 88405130250.641144
2.000000 0.000000 10.000000 0.000000 0.000000 0.000000 0.000000 14308596501.597755 116878164248.858093
2.000000 1.000000 10.000000 0.000000 0.000000 0.000000 0.000000 27993988852.031696 227007048109.175537
2.000000 2.000000 10.000000 0.000000 0.000000 0.000000 0.000000 40510645818.342453 324633445770.794067
2.000000 3.000000 10.000000 0.000000 0.000000 0.000000 0.000000 51452189546.913132 405790310326.974243
2.000000 4.000000 10.000000 0.000000 0.000000 0.000000 0.000000 60584767596.511642 468727224027.965088
2.000000 5.000000 10.000000 0.000000 0.000000 0.000000 0.000000 67847480871.943039 513914632511.275269
2.000000 6.000000 10.000000 0.000000 0.000000 0.000000 0.000000 73322622614.526154 543649351377.130371
2.000000 7.000000 10.000000 0.000000 0.000000 0.000000 0.000000 77184417206.255005 561363893643.773438
2.000000 8.000000 10.000000 0.000000 0.000000 0.000000 0.000000 79638009799.299423 570783918990.182007
2.000000 9.000000 10.000000 0.000000 102.000000 204.000000 4.000000 80860614580.769348 575085963571.534058
2.000000 10.000000 10.000000 0.000000 102.000000 204.000000 2.000000 80954879463.494690 576192772343.880371
2.000000 11.000000 10.000000 0.000000 102.000000 204.000000 2.000000 79921761869.661972 574317798184.670532
2.000000 12.000000 10.000000 0.000000 0.000000 0.000000 0.000000 77657277927.551971 567840823659.408569
2.000000 13.000000 10.000000 0.000000 0.000000 0.000000 0.000000 73974455714.093307 553560176900.640015
2.000000 14.000000 10.000000 0.000000 0.000000 0.000000 0.000000 68648355526.839119 527316218411.665344
2.000000 15.000000 10.000000 0.000000 0.000000 0.000000 0.000000 61477892515.185066 484911637938.879211
2.000000 16.000000 10.000000 0.000000 0.000000 0.000000 0.000000 52353824949.236465 423174613057.134521
2.000000 17.000000 10.000000 0.000000 0.000000 0.000000 0.000000 41318890125.253288 340944005302.040405
2.000000 18.000000 10.000000 0.000000 0.000000 0.000000 0.000000 28605325108.691711 239731881338.344421
2.000000 19.000000 10.000000 0.000000 0.000000 0.000000 0.000000 14638184982.500622 123862403436.066864
3.000000 0.000000 10.000000 0.000000 0.000000 0.000000 0.000000 17913449272.022278 142270078973.395294
3.000000 1.000000 10.000000 0.000000 0.000000 0.000000 0.000000 35044944706.590134 276123885411.373047
3.000000 2.000000 10.000000 0.000000 0.000000 0.000000 0.000000 50710217958.269562 394406440552.380493
3.000000 3.000000 10.000000 0.000000 0.000000 0.000000 0.000000 64399986498.856392 492222215946.983582
3.000000 4.000000 10.000000 0.000000 0.000000 0.000000 0.000000 75821870138.342957 567474609214.179565
3.000000 5.000000 10.000000 0.000000 0.000000 0.000000 0.000000 84900842818.015732 620863278683.631836
3.000000 6.000000 10.000000 0.000000 102.000000 204.000000 3.000000 91741699092.504364 655376650712.171143
3.000000 7.000000 10.000000 0.000000 102.000000 204.000000 3.000000 96564486851.796082 675412423010.721680
3.000000 8.000000 10.000000 0.000000 102.000000 204.000000 3.000000 99627714390.223343 685710964772.680054
3.000000 9.000000 10.000000 0.000000 102.000000 204.000000 7.000000 101154333980.962753 690294732075.264526
3.000000 10.000000 10.000000 0.000000 102.000000 204.000000 10.000000 101273166779.693619 691586079100.963989
3.000000 11.000000 10.000000 0.000000 102.000000 204.000000 3.000000 99984939174.953812 689841789386.754517
3.000000 12.000000 10.000000 0.000000 102.000000 204.000000 3.000000 97158384192.866516 683004512943.276489
3.000000 13.000000 10.000000 0.000000 102.000000 204.000000 3.000000 92558019971.711670 667025454684.764160
3.000000 14.000000 10.000000 0.000000 102.000000 204.000000 9.000000 85900846683.317078 636649731806.904663
3.000000 15.000000 10.000000 0.000000 0.000000 0.000000 0.000000 76934023841.351929 586570139167.219116
3.000000 16.000000 10.000000 0.000000 0.000000 0.000000 0.000000 65520143172.058182 512756796810.402100
3.000000 17.000000 10.000000 0.000000 0.000000 0.000000 0.000000 51712523543.319962 413687356208.262207
3.000000 18.000000 10.000000 0.000000 0.000000 0.000000 0.000000 35802079484.919518 291173260018.020447
3.000000 19.000000 10.000000 0.000000 0.000000 0.000000 0.000000 18321324758.925591 150532342025.727234
4.000000 0.000000 10.000000 0.000000 0.000000 0.000000 0.000000 20751362233.474388 159242921785.316040
4.000000 1.000000 10.000000 0.000000 0.000000 0.000000 0.000000 40593942338.225838 308768985618.873901
4.000000 2.000000 10.000000 0.000000 0.000000 0.000000 0.000000 58732842300.734329 440344789826.819519
4.000000 3.000000 10.000000 0.000000 0.000000 0.000000 0.000000 74577134642.552963 548391062666.424622
4.000000 4.000000 10.000000 0.000000 0.000000 0.000000 0.000000 87788646124.059845 630609112414.471680
4.000000 5.000000 10.000000 0.000000 102.000000 204.000000 2.000000 98282352160.605743 687966216863.726685
4.000000 6.000000 10.000000 0.000000 102.000000 204.000000 7.000000 106182461746.981628 724087427897.947876
4.000000 7.000000 10.000000 104.000000 24.000000 24.000000 6.000000 111747001312.966843 744214378885.665161
4.000000 8.000000 10.000000 0.000000 102.000000 204.000000 8.000000 115278212499.191467 753951966508.729736
4.000000 9.000000 10.000000 104.000000 24.000000 24.000000 8.000000 117036283061.089539 758030380541.906006
4.000000 10.000000 10.000000 0.000000 102.000000 204.000000 9.000000 117171203108.134720 759283319227.321289
4.000000 11.000000 10.000000 0.000000 102.000000 204.000000 9.000000 115683411124.555328 758000222951.423706
4.000000 12.000000 10.000000 0.000000 102.000000 204.000000 10.000000 112419525938.916901 751764770126.906860
4.000000 13.000000 10.000000 104.000000 24.000000 24.000000 6.000000 107104945804.151260 735838532286.574463
4.000000 14.000000 10.000000 0.000000 102.000000 204.000000 5.000000 99409989912.631683 704076749735.662720
4.000000 15.000000 10.000000 0.000000 102.000000 204.000000 5.000000 89040258497.398102 650265776872.876709
4.000000 16.000000 10.000000 0.000000 0.000000 0.000000 0.000000 75835613774.507523 569659736909.671875
4.000000 17.000000 10.000000 0.000000 0.000000 0.000000 0.000000 59857403374.642838 460399634608.295654
4.000000 18.000000 10.000000 0.000000 0.000000 0.000000 0.000000 41442607659.096619 324465276132.670959
4.000000 19.000000 10.000000 0.000000 0.000000 0.000000 0.000000 21208280908.828171 167873536946.044861
5.000000 0.000000 10.000000 0.000000 0.000000 0.000000 0.000000 22851456164.077347 168734255972.064117
5.000000 1.000000 10.000000 0.000000 0.000000 0.000000 0.000000 44697704951.197556 326782887610.531311
5.000000 2.000000 10.000000 0.000000 0.000000 0.000000 0.000000 64660001599.455627 465125560049.800720
5.000000 3.000000 10.000000 0.000000 0.000000 0.000000 0.000000 82086055943.309387 577717253218.288208
5.000000 4.000000 10.000000 0.000000 102.000000 204.000000 5.000000 96604089121.440521 662181381864.590332
5.000000 5.000000 10.000000 0.000000 102.000000 204.000000 6.000000 108123090331.732025 719778983579.180176
5.000000 6.000000 10.000000 104.000000 24.000000 24.000000 7.000000 116783840423.619125 754711885232.440063
5.000000 7.000000 10.000000 104.000000 24.000000 24.000000 7.000000 122874988457.002869 772945889348.247925
5.000000 8.000000 10.000000 0.000000 102.000000 204.000000 4.000000 126733471710.805511 780806030735.651367
5.000000 9.000000 10.000000 0.000000 102.000000 204.000000 5.000000 128648791941.640472 783600467573.687866
5.000000 10.000000 10.000000 104.000000 24.000000 24.000000 4.000000 128787578964.395630 784495148395.541626
5.000000 11.000000 10.000000 104.000000 24.000000 24.000000 11.000000 127150241373.566864 783810169504.424316
5.000000 12.000000 10.000000 104.000000 24.000000 24.000000 6.000000 123566589898.939835 778855916747.442627
5.000000 13.000000 10.000000 104.000000 24.000000 24.000000 9.000000 117732262962.165970 764367944591.838501
5.000000 14.000000 10.000000 0.000000 102.000000 204.000000 13.000000 109282124981.852417 733522072592.061279
5.000000 15.000000 10.000000 0.000000 102.000000 204.000000 5.000000 97890206009.475861 679406364592.984375
5.000000 16.000000 10.000000 0.000000 102.000000 204.000000 6.000000 83378910271.731339 596706415834.190796
5.000000 17.000000 10.000000 0.000000 0.000000 0.000000 0.000000 65815038799.653358 483258498515.858704
5.000000 18.000000 10.000000 0.000000 0.000000 0.000000 0.000000 45569231512.843033 341090141792.098267
5.000000 19.000000 10.000000 0.000000 0.000000 0.000000 0.000000 23320637019.368591 176636612183.124878
6.000000 0.000000 10.000000 0.000000 0.000000 0.000000 0.000000 24309006860.427925 172553736331.985596
6.000000 1.000000 10.000000 0.000000 0.000000 0.000000 0.000000 47542574489.481827 333714987498.191528
6.000000 2.000000 10.000000 0.000000 0.000000 0.000000 0.000000 68761192563.573685 473904533527.854553
6.000000 3.000000 10.000000 0.000000 102.000000 204.000000 4.000000 87268700576.532257 586778196255.896606
6.000000 4.000000 10.000000 0.000000 102.000000 204.000000 2.000000 102670246457.779114 669970177212.614868
6.000000 5.000000 10.000000 104.000000 24.000000 24.000000 5.000000 114872336314.931717 725043300424.281250
6.000000 6.000000 10.000000 104.000000 24.000000 24.000000 3.000000 124029934524.876144 756714579057.474609
6.000000 7.000000 10.000000 104.000000 24.000000 24.000000 6.000000 130456053029.245560 771565340507.167480
6.000000 8.000000 10.000000 104.000000 24.000000 24.000000 3.000000 134514650493.946335 776515381670.743164
6.000000 9.000000 10.000000 104.000000 24.000000 24.000000 8.000000 136517884825.328110 777341987661.521729
6.000000 10.000000 10.000000 104.000000 24.000000 24.000000 4.000000 136645373646.523193 777481735727.346680
6.000000 11.000000 10.000000 104.000000 24.000000 24.000000 6.000000 134898070034.913162 777293394058.099731
6.000000 12.000000 10.000000 104.000000 24.000000 24.000000 6.000000 131093992999.843613 773900364867.155762
6.000000 13.000000 10.000000 104.000000 24.000000 24.000000 5.000000 124907583500.396484 761667831581.591309
6.000000 14.000000 10.000000 0.000000 102.000000 204.000000 5.000000 115948396493.451859 733289279164.863525
6.000000 15.000000 10.000000 0.000000 102.000000 204.000000 43.000000 103867854576.319550 681349399925.214966
6.000000 16.000000 10.000000 0.000000 102.000000 204.000000 5.000000 88475592677.472672 600106225812.785767
6.000000 17.000000 10.000000 0.000000 102.000000 204.000000 7.000000 69841524336.755478 487129927936.621765
6.000000 18.000000 10.000000 0.000000 0.000000 0.000000 0.000000 48358849720.980553 344399603244.054565
6.000000 19.000000 10.000000 0.000000 0.000000 0.000000 0.000000 24748800327.016830 178531571942.200836
7.000000 0.000000 10.000000 0.000000 0.000000 0.000000 0.000000 25251322735.499603 172878848682.537170
7.000000 1.000000 10.000000 0.000000 0.000000 0.000000 0.000000 49377828591.082458 333837773974.465271
7.000000 2.000000 10.000000 0.000000 0.000000 0.000000 0.000000 71397610719.248947 472891875580.466492
7.000000 3.000000 10.000000 0.000000 102.000000 204.000000 3.000000 90584545659.677460 583503835234.109497
7.000000 4.000000 10.000000 0.000000 102.000000 204.000000 5.000000 106529061725.400803 663365686131.604614
7.000000 5.000000 10.000000 104.000000 24.000000 24.000000 7.000000 119137930970.964706 714329344372.276978
7.000000 6.000000 10.000000 104.000000 24.000000 24.000000 6.000000 128578360717.113983 741564419024.176758
7.000000 7.000000 10.000000 104.000000 24.000000 24.000000 9.000000 135182719378.906006 752173660024.147705
7.000000 8.000000 10.000000 104.000000 24.000000 24.000000 3.000000 139335898448.386292 753569942525.238403
7.000000 9.000000 10.000000 104.000000 24.000000 24.000000 7.000000 141367504612.591187 751915943740.211792
7.000000 10.000000 10.000000 104.000000 24.000000 24.000000 7.000000 141467435228.408112 750876555065.443481
7.000000 11.000000 10.000000 104.000000 24.000000 24.000000 7.000000 139637967336.278748 750865164323.026001
7.000000 12.000000 10.000000 104.000000 24.000000 24.000000 7.000000 135689761009.772858 748898628237.581665
7.000000 13.000000 10.000000 104.000000 24.000000 24.000000 5.000000 129283386076.488358 739108914338.656494
7.000000 14.000000 10.000000 104.000000 24.000000 24.000000 8.000000 120011669775.477905 713878368282.896851
7.000000 15.000000 10.000000 0.000000 102.000000 204.000000 9.000000 107510964669.621292 665458188057.411011
7.000000 16.000000 10.000000 0.000000 102.000000 204.000000 12.000000 91582079591.815964 587805626706.723511
7.000000 17.000000 10.000000 0.000000 102.000000 204.000000 1.000000 72296131970.636322 478269472335.904175
7.000000 18.000000 10.000000 0.000000 0.000000 0.000000 0.000000 50059725154.132057 338716877747.928955
7.000000 19.000000 10.000000 0.000000 0.000000 0.000000 0.000000 25619673957.222141 175768523900.749817
8.000000 0.000000 10.000000 0.000000 0.000000 0.000000 0.000000 25803865427.021542 171756539116.431702
8.000000 1.000000 10.000000 0.000000 0.000000 0.000000 0.000000 50449438605.288025 331173292002.846497
8.000000 2.000000 10.000000 0.000000 0.000000 0.000000 0.000000 72926391806.783997 467947129509.568970
8.000000 3.000000 10.000000 0.000000 102.000000 204.000000 8.000000 92489158691.614273 575399400629.915771
8.000000 4.000000 10.000000 0.000000 102.000000 204.000000 9.000000 108719673765.743942 651288467662.499268
8.000000 5.000000 10.000000 104.000000 24.000000 24.000000 13.000000 121526878898.403336 697721829639.643921
8.000000 6.000000 10.000000 104.000000 24.000000 24.000000 8.000000 131088529338.695587 720255546952.730103
8.000000 7.000000 10.000000 104.000000 24.000000 24.000000 10.000000 137752330511.840302 726430188755.879150
8.000000 8.000000 10.000000 104.000000 24.000000 24.000000 5.000000 141919312162.514435 724068837943.287476
8.000000 9.000000 10.000000 104.000000 24.000000 24.000000 5.000000 143932501248.475220 719656063420.216553
8.000000 10.000000 10.000000 104.000000 24.000000 24.000000 3.000000 143990073754.044861 717057143125.169556
8.000000 11.000000 10.000000 104.000000 24.000000 24.000000 7.000000 142096428180.910583 716759098625.840210
8.000000 12.000000 10.000000 104.000000 24.000000 24.000000 5.000000 138058574576.688873 715741747229.537720
8.000000 13.000000 10.000000 104.000000 24.000000 24.000000 6.000000 131529213805.700577 708017485917.541992
8.000000 14.000000 10.000000 104.000000 24.000000 24.000000 7.000000 122091425150.434311 685798103323.839233
8.000000 15.000000 10.000000 0.000000 102.000000 204.000000 3.000000 109372621258.440689 641142450965.973511
8.000000 16.000000 10.000000 0.000000 102.000000 204.000000 14.000000 93168051531.090775 567817519044.803345
8.000000 17.000000 10.000000 0.000000 102.000000 204.000000 4.000000 73548676031.350769 463001442145.611755
8.000000 18.000000 10.000000 0.000000 0.000000 0.000000 0.000000 50927435899.320679 328420767709.221924
8.000000 19.000000 10.000000 0.000000 0.000000 0.000000 0.000000 26063904443.662327 170588418340.678711
9.000000 0.000000 10.000000 0.000000 0.000000 0.000000 0.000000 26063018105.616142 170709273034.057861
9.000000 1.000000 10.000000 0.000000 0.000000 0.000000 0.000000 50946777048.993225 328723786466.236328
9.000000 2.000000 10.000000 0.000000 102.000000 204.000000 2.000000 73623457578.931519 463469273141.239807
9.000000 3.000000 10.000000 0.000000 102.000000 204.000000 3.000000 93336153235.935165 568141945085.519287
9.000000 4.000000 10.000000 104.000000 24.000000 24.000000 13.000000 109662908034.159042 640546534520.807129
9.000000 5.000000 10.000000 104.000000 24.000000 24.000000 12.000000 122515935837.165451 682993259454.403076
9.000000 6.000000 10.000000 104.000000 24.000000 24.000000 9.000000 132081756776.021103 701349082896.327759
9.000000 7.000000 10.000000 104.000000 24.000000 24.000000 12.000000 138719805548.683228 703508436692.708008
9.000000 8.000000 10.000000 104.000000 24.000000 24.000000 8.000000 142843096722.182129 697627710973.638306
9.000000 9.000000 10.000000 104.000000 24.000000 24.000000 5.000000 144804630201.258667 690457572482.478760
9.000000 10.000000 10.000000 104.000000 24.000000 24.000000 7.000000 144809138994.404083 686040252233.112793
9.000000 11.000000 10.000000 104.000000 24.000000 24.000000 5.000000 142863750661.602173 684952146749.478149
9.000000 12.000000 10.000000 104.000000 24.000000 24.000000 7.000000 138774833945.814026 684192267415.086792
9.000000 13.000000 10.000000 104.000000 24.000000 24.000000 5.000000 132192112507.903427 677744679653.068481
9.000000 14.000000 10.000000 104.000000 24.000000 24.000000 4.000000 122694626911.507614 657764156681.133057
9.000000 15.000000 10.000000 0.000000 102.000000 204.000000 2.000000 109905913761.505600 616234029683.932861
9.000000 16.000000 10.000000 104.000000 24.000000 24.000000 11.000000 93618488988.965332 546828780574.471863
9.000000 17.000000 10.000000 0.000000 102.000000 204.000000 9.000000 73902356950.078766 446613427684.462280
9.000000 18.000000 10.000000 0.000000 102.000000 204.000000 3.000000 51171538346.916161 317176716519.744812
9.000000 19.000000 10.000000 0.000000 0.000000 0.000000 0.000000 26188613147.343628 164868413172.366394
10.000000 0.000000 10.000000 0.000000 0.000000 0.000000 0.000000 26078505803.646130 170493894683.172607
10.000000 1.000000 10.000000 0.000000 0.000000 0.000000 0.000000 50968138685.571075 327999825653.871582
10.000000 2.000000 10.000000 0.000000 102.000000 204.000000 4.000000 73633419739.863388 461713700126.472046
10.000000 3.000000 10.000000 0.000000 102.000000 204.000000 11.000000 93313218833.115997 564712736605.501221
10.000000 4.000000 10.000000 104.000000 24.000000 24.000000 12.000000 109585460061.348846 634813750485.059937
10.000000 5.000000 10.000000 104.000000 24.000000 24.000000 9.000000 122366080860.090683 674459841953.875610
10.000000 6.000000 10.000000 104.000000 24.000000 24.000000 7.000000 131848119389.455719 689736168150.932251
10.000000 7.000000 10.000000 104.000000 24.000000 24.000000 11.000000 138398836053.676514 688792145336.353271
10.000000 8.000000 10.000000 104.000000 24.000000 24.000000 5.000000 142438892102.301971 680028941193.746826
10.000000 9.000000 10.000000 104.000000 24.000000 24.000000 6.000000 144327664946.842407 670398912716.322510
10.000000 10.000000 10.000000 104.000000 24.000000 24.000000 5.000000 144274512443.780182 664090126738.140137
10.000000 11.000000 10.000000 104.000000 24.000000 24.000000 5.000000 142289548499.633148 661775004853.867432
10.000000 12.000000 10.000000 104.000000 24.000000 24.000000 7.000000 138180980214.579773 660515630377.220337
10.000000 13.000000 10.000000 104.000000 24.000000 24.000000 6.000000 131599774366.424942 654343336142.170410
10.000000 14.000000 10.000000 104.000000 24.000000 24.000000 3.000000 122125947098.481201 635452712372.278564
10.000000 15.000000 10.000000 104.000000 24.000000 24.000000 4.000000 109383697349.628601 595854852706.211060
10.000000 16.000000 10.000000 104.000000 24.000000 24.000000 11.000000 93165503051.853973 529224275004.601440
10.000000 17.000000 10.000000 0.000000 102.000000 204.000000 14.000000 73540084182.454834 432578241626.981750
10.000000 18.000000 10.000000 0.000000 102.000000 204.000000 5.000000 50918478321.647369 307394223058.621155
10.000000 19.000000 10.000000 0.000000 0.000000 0.000000 0.000000 26058440174.584938 159842957908.256836
11.000000 0.000000 10.000000 0.000000 0.000000 0.000000 0.000000 25845814492.719353 171017377077.918304
11.000000 1.000000 10.000000 0.000000 0.000000 0.000000 0.000000 50505757026.049881 328852810343.220703
11.000000 2.000000 10.000000 0.000000 102.000000 204.000000 5.000000 72947539271.668488 462543614631.916626
11.000000 3.000000 10.000000 0.000000 102.000000 204.000000 6.000000 92413512311.574585 565070850859.219360
11.000000 4.000000 10.000000 104.000000 24.000000 24.000000 7.000000 108485324646.410950 634230178685.296753
11.000000 5.000000 10.000000 104.000000 24.000000 24.000000 6.000000 121082672548.679672 672514175809.588257
11.000000 6.000000 10.000000 104.000000 24.000000 24.000000 7.000000 130402085375.921265 686109423349.839844
11.000000 7.000000 10.000000 104.000000 24.000000 24.000000 12.000000 136813776231.200241 683292287501.650146
11.000000 8.000000 10.000000 104.000000 24.000000 24.000000 3.000000 140740741870.483429 672591463079.576538
11.000000 9.000000 10.000000 104.000000 24.000000 24.000000 6.000000 142544298382.126190 661071973244.592041
11.000000 10.000000 10.000000 104.000000 24.000000 24.000000 7.000000 142435860257.612244 653017984481.133179
11.000000 11.000000 10.000000 104.000000 24.000000 24.000000 6.000000 140428361131.330322 649191681983.723755
11.000000 12.000000 10.000000 104.000000 24.000000 24.000000 5.000000 136334082952.622070 646753730727.005615
11.000000 13.000000 10.000000 104.000000 24.000000 24.000000 6.000000 129809347178.237717 639853198023.910278
11.000000 14.000000 10.000000 104.000000 24.000000 24.000000 2.000000 120440152015.961243 620818788125.256592
11.000000 15.000000 10.000000 104.000000 24.000000 24.000000 7.000000 107855977394.954147 581792893395.592529
11.000000 16.000000 10.000000 0.000000 102.000000 204.000000 7.000000 91852130890.031509 516546366411.890808
11.000000 17.000000 10.000000 0.000000 102.000000 204.000000 9.000000 72495994178.799332 422122157875.865784
11.000000 18.000000 10.000000 0.000000 102.000000 204.000000 3.000000 50191930708.938072 299925442612.129333
11.000000 19.000000 10.000000 0.000000 0.000000 0.000000 0.000000 25685505379.728226 155948865414.542877
12.000000 0.000000 10.000000 0.000000 0.000000 0.000000 0.000000 25307812511.925713 171389055520.461243
12.000000 1.000000 10.000000 0.000000 0.000000 0.000000 0.000000 49448787320.352242 329571909051.500916
12.000000 2.000000 10.000000 0.000000 0.000000 0.000000 0.000000 71407596403.873825 463557914817.737427
12.000000 3.000000 10.000000 0.000000 102.000000 204.000000 4.000000 90439809971.417511 566294476201.197632
12.000000 4.000000 10.000000 0.000000 102.000000 204.000000 3.000000 106135590414.526199 635538209312.235352
12.000000 5.000000 10.000000 104.000000 24.000000 24.000000 4.000000 118418312707.470474 673739403082.466064
12.000000 6.000000 10.000000 104.000000 24.000000 24.000000 4.000000 127484009176.221024 687041956725.323486
12.000000 7.000000 10.000000 104.000000 24.000000 24.000000 5.000000 133699516039.641052 683682809453.137207
12.000000 8.000000 10.000000 104.000000 24.000000 24.000000 7.000000 137483279397.239685 672160073783.540161
12.000000 9.000000 10.000000 104.000000 24.000000 24.000000 11.000000 139192756074.301300 659526642744.805420
12.000000 10.000000 10.000000 104.000000 24.000000 24.000000 6.000000 139037923618.416168 650087198055.356689
12.000000 11.000000 10.000000 104.000000 24.000000 24.000000 4.000000 137033970353.012299 644673582522.941284
12.000000 12.000000 10.000000 104.000000 24.000000 24.000000 5.000000 132999585886.106171 640578010533.635254
12.000000 13.000000 10.000000 104.000000 24.000000 24.000000 6.000000 126601026026.900894 632144030292.740723
12.000000 14.000000 10.000000 104.000000 24.000000 24.000000 4.000000 117435934293.303741 611940368857.138794
12.000000 15.000000 10.000000 0.000000 102.000000 204.000000 5.000000 105144325130.138901 572357424503.780151
12.000000 16.000000 10.000000 0.000000 102.000000 204.000000 9.000000 89527608316.082962 507369875518.032776
12.000000 17.000000 10.000000 0.000000 102.000000 204.000000 6.000000 70651768812.842621 414125938584.303833
12.000000 18.000000 10.000000 0.000000 0.000000 0.000000 0.000000 48910295073.494225 293997110662.954163
12.000000 19.000000 10.000000 0.000000 0.000000 0.000000 0.000000 25028142069.829353 152790644537.154633
13.000000 0.000000 10.000000 0.000000 0.000000 0.000000 0.000000 24364910511.484238 170085731956.521851
13.000000 1.000000 10.000000 0.000000 0.000000 0.000000 0.000000 47603007004.684097 327200493327.335754
13.000000 2.000000 10.000000 0.000000 0.000000 0.000000 0.000000 68733985474.535461 460533692079.802856
13.000000 3.000000 10.000000 0.000000 102.000000 204.000000 4.000000 87039482886.508270 563116566902.611816
13.000000 4.000000 10.000000 0.000000 102.000000 204.000000 9.000000 102124620007.917633 632675914476.613892
13.000000 5.000000 10.000000 104.000000 24.000000 24.000000 4.000000 113916580310.486938 671526730943.126709
13.000000 6.000000 10.000000 104.000000 24.000000 24.000000 5.000000 122605956674.501282 685601512946.580811
13.000000 7.000000 10.000000 104.000000 24.000000 24.000000 3.000000 128548206230.008316 682891763085.110596
13.000000 8.000000 10.000000 104.000000 24.000000 24.000000 8.000000 132148461663.428009 671662530693.010376
13.000000 9.000000 10.000000 104.000000 24.000000 24.000000 8.000000 133752900025.900146 658790144728.633789
13.000000 10.000000 10.000000 104.000000 24.000000 24.000000 8.000000 133565530578.448776 648496537254.682861
13.000000 11.000000 10.000000 104.000000 24.000000 24.000000 3.000000 131602930451.482391 641650947954.862427
13.000000 12.000000 10.000000 104.000000 24.000000 24.000000 6.000000 127692941147.542542 635713403560.610229
13.000000 13.000000 10.000000 104.000000 24.000000 24.000000 7.000000 121517274334.326767 625314095405.610352
13.000000 14.000000 10.000000 104.000000 24.000000 24.000000 5.000000 112692055289.290604 603389590996.096680
13.000000 15.000000 10.000000 0.000000 102.000000 204.000000 8.000000 100874124483.415909 562716628090.200317
13.000000 16.000000 10.000000 0.000000 102.000000 204.000000 10.000000 85874792219.390686 497595744362.737183
13.000000 17.000000 10.000000 0.000000 102.000000 204.000000 4.000000 67758287548.334084 405362019112.091187
13.000000 18.000000 10.000000 0.000000 0.000000 0.000000 0.000000 46901690347.933792 287377596474.608765
13.000000 19.000000 10.000000 0.000000 0.000000 0.000000 0.000000 23998575748.141037 149227038185.503540
14.000000 0.000000 10.000000 0.000000 0.000000 0.000000 0.000000 22893537212.812561 165214208514.705505
14.000000 1.000000 10.000000 0.000000 0.000000 0.000000 0.000000 44726854358.027885 318044100678.700439
14.000000 2.000000 10.000000 0.000000 0.000000 0.000000 0.000000 64577612730.088661 448147932233.295532
14.000000 3.000000 10.000000 0.000000 102.000000 204.000000 5.000000 81769984361.889053 548818763826.810730
14.000000 4.000000 10.000000 0.000000 102.000000 204.000000 6.000000 95932554819.094559 617797274678.808960
14.000000 5.000000 10.000000 0.000000 102.000000 204.000000 9.000000 106996958151.330765 657177757416.112427
14.000000 6.000000 10.000000 0.000000 102.000000 204.000000 7.000000 115142638094.303085 672496599322.003418
14.000000 7.000000 10.000000 104.000000 24.000000 24.000000 5.000000 120704101957.829742 671261997763.317993
14.000000 8.000000 10.000000 104.000000 24.000000 24.000000 6.000000 124062572824.517258 661265020352.510986
14.000000 9.000000 10.000000 104.000000 24.000000 24.000000 3.000000 125543938124.570251 649005827977.693481
14.000000 10.000000 10.000000 104.000000 24.000000 24.000000 2.000000 125340733295.806000 638496178091.215088
14.000000 11.000000 10.000000 104.000000 24.000000 24.000000 2.000000 123469887544.421570 630601778766.054321
14.000000 12.000000 10.000000 104.000000 24.000000 24.000000 3.000000 119771755421.567825 622993963210.839844
14.000000 13.000000 10.000000 0.000000 102.000000 204.000000 3.000000 113950225450.515411 610701340483.672485
14.000000 14.000000 10.000000 104.000000 24.000000 24.000000 8.000000 105648167997.168823 587181634978.205200
14.000000 15.000000 10.000000 104.000000 24.000000 24.000000 5.000000 94546745527.706619 545759430248.271301
14.000000 16.000000 10.000000 0.000000 102.000000 204.000000 5.000000 80471484981.817017 481195841678.965576
14.000000 17.000000 10.000000 0.000000 102.000000 204.000000 5.000000 63483935981.326401 391089900771.666809
14.000000 18.000000 10.000000 0.000000 0.000000 0.000000 0.000000 43937365455.590889 276793621077.103027
14.000000 19.000000 10.000000 0.000000 0.000000 0.000000 0.000000 22480009315.140701 143585680076.941833
15.000000 0.000000 10.000000 0.000000 0.000000 0.000000 0.000000 20772330172.323006 154859350057.127380
15.000000 1.000000 10.000000 0.000000 0.000000 0.000000 0.000000 40582664736.056328 298348725193.847534
15.000000 2.000000 10.000000 0.000000 0.000000 0.000000 0.000000 58594033057.160606 420952777113.698608
15.000000 3.000000 10.000000 0.000000 102.000000 204.000000 4.000000 74192995092.202576 516459056037.989624
15.000000 4.000000 10.000000 0.000000 102.000000 204.000000 4.000000 87042156415.915100 582702045648.940063
15.000000 5.000000 10.000000 0.000000 102.000000 204.000000 7.000000 97078940920.665924 621485767126.310547
15.000000 6.000000 10.000000 104.000000 24.000000 24.000000 6.000000 104465515211.949493 637763220750.958618
15.000000 7.000000 10.000000 0.000000 102.000000 204.000000 5.000000 109504703401.428925 638304416724.243042
15.000000 8.000000 10.000000 104.000000 24.000000 24.000000 6.000000 112541798025.497971 630161573144.590576
15.000000 9.000000 10.000000 104.000000 24.000000 24.000000 7.000000 113872133368.021347 619235602347.190308
15.000000 10.000000 10.000000 104.000000 24.000000 24.000000 7.000000 113670524234.753021 609184535618.576660
15.000000 11.000000 10.000000 104.000000 24.000000 24.000000 6.000000 111953167202.589035 600825142118.385254
15.000000 12.000000 10.000000 104.000000 24.000000 24.000000 6.000000 108576933321.155762 592091491630.279541
15.000000 13.000000 10.000000 104.000000 24.000000 24.000000 7.000000 103275760289.213638 578539890107.446167
15.000000 14.000000 10.000000 0.000000 102.000000 204.000000 6.000000 95728852639.550766 554323650128.245605
15.000000 15.000000 10.000000 0.000000 102.000000 204.000000 4.000000 85650264477.434082 513493951905.574768
15.000000 16.000000 10.000000 0.000000 102.000000 204.000000 4.000000 72884428752.561859 451413039954.704529
15.000000 17.000000 10.000000 0.000000 0.000000 0.000000 0.000000 57488591510.165665 366009679508.805603
15.000000 18.000000 10.000000 0.000000 0.000000 0.000000 0.000000 39782809403.790924 258593576521.342407
15.000000 19.000000 10.000000 0.000000 0.000000 0.000000 0.000000 20352743212.420021 134003595752.149017
16.000000 0.000000 10.000000 0.000000 0.000000 0.000000 0.000000 17913605704.238533 137491237196.753235
16.000000 1.000000 10.000000 0.000000 0.000000 0.000000 0.000000 34998339184.551727 265098779581.218994
16.000000 2.000000 10.000000 0.000000 0.000000 0.000000 0.000000 50532922346.534088 374533273878.411621
16.000000 3.000000 10.000000 0.000000 0.000000 0.000000 0.000000 63988453366.320488 460346976781.713135
16.000000 4.000000 10.000000 0.000000 102.000000 204.000000 2.000000 75073623090.717438 520578657622.216187
16.000000 5.000000 10.000000 0.000000 102.000000 204.000000 5.000000 83733691364.342224 556694201700.953369
16.000000 6.000000 10.000000 0.000000 102.000000 204.000000 8.000000 90107425921.295105 572887496532.501587
16.000000 7.000000 10.000000 0.000000 102.000000 204.000000 11.000000 94454771811.493591 574938252350.456299
16.000000 8.000000 10.000000 0.000000 102.000000 204.000000 5.000000 97072389220.742203 568890966483.655884
16.000000 9.000000 10.000000 0.000000 102.000000 204.000000 5.000000 98214171988.026672 559817652992.045166
16.000000 10.000000 10.000000 0.000000 102.000000 204.000000 6.000000 98030615883.528870 550874038008.789307
16.000000 11.000000 10.000000 104.000000 24.000000 24.000000 8.000000 96536146473.999146 542782141859.868225
16.000000 12.000000 10.000000 0.000000 102.000000 204.000000 9.000000 93608610782.276154 533795448266.292725
16.000000 13.000000 10.000000 0.000000 102.000000 204.000000 8.000000 89020617915.837906 520136432144.153320
16.000000 14.000000 10.000000 0.000000 102.000000 204.000000 4.000000 82498126623.311081 496838040733.201416
16.000000 15.000000 10.000000 0.000000 102.000000 204.000000 3.000000 73797270727.802200 458861803445.260437
16.000000 16.000000 10.000000 0.000000 0.000000 0.000000 0.000000 62786186045.624664 402307516916.939941
16.000000 17.000000 10.000000 0.000000 0.000000 0.000000 0.000000 49515533777.359802 325482859218.366821
16.000000 18.000000 10.000000 0.000000 0.000000 0.000000 0.000000 34261201496.828186 229592829923.430847
16.000000 19.000000 10.000000 0.000000 0.000000 0.000000 0.000000 17526585691.149788 118859755824.411346
17.000000 0.000000 10.000000 0.000000 0.000000 0.000000 0.000000 14294753799.959219 112371540597.085541
17.000000 1.000000 10.000000 0.000000 0.000000 0.000000 0.000000 27928929766.062965 216816952596.593445
17.000000 2.000000 10.000000 0.000000 0.000000 0.000000 0.000000 40327579120.596405 306675891969.863281
17.000000 3.000000 10.000000 0.000000 0.000000 0.000000 0.000000 51068865544.999908 377545657685.638306
17.000000 4.000000 10.000000 0.000000 0.000000 0.000000 0.000000 59920074080.928932 427797059004.173950
17.000000 5.000000 10.000000 0.000000 102.000000 204.000000 5.000000 66836830122.200706 458532485055.093140
17.000000 6.000000 10.000000 0.000000 102.000000 204.000000 5.000000 71928864892.783997 473035513774.353271
17.000000 7.000000 10.000000 0.000000 102.000000 204.000000 5.000000 75402481385.220062 475866217813.707275
17.000000 8.000000 10.000000 0.000000 102.000000 204.000000 6.000000 77493358766.375443 471811022811.199158
17.000000 9.000000 10.000000 0.000000 102.000000 204.000000 5.000000 78403322382.839874 464896394368.322937
17.000000 10.000000 10.000000 0.000000 102.000000 204.000000 8.000000 78252126086.577271 457634854843.577026
17.000000 11.000000 10.000000 0.000000 102.000000 204.000000 4.000000 77051500311.490723 450611198804.932861
17.000000 12.000000 10.000000 0.000000 102.000000 204.000000 3.000000 74704796250.167023 442454782997.998047
17.000000 13.000000 10.000000 0.000000 102.000000 204.000000 4.000000 71031948213.256042 430189478577.472717
17.000000 14.000000 10.000000 0.000000 102.000000 204.000000 4.000000 65816055141.886421 409905000116.276550
17.000000 15.000000 10.000000 0.000000 0.000000 0.000000 0.000000 58864396484.980293 377646293235.209900
17.000000 16.000000 10.000000 0.000000 0.000000 0.000000 0.000000 50073355324.231949 330372317808.073914
17.000000 17.000000 10.000000 0.000000 0.000000 0.000000 0.000000 39484319655.857864 266800477921.869049
17.000000 18.000000 10.000000 0.000000 0.000000 0.000000 0.000000 27317480076.887802 187947773599.471924
17.000000 19.000000 10.000000 0.000000 0.000000 0.000000 0.000000 13973564335.513519 97221067145.442200
18.000000 0.000000 10.000000 0.000000 0.000000 0.000000 0.000000 9981636376.430424 79863225102.429504
18.000000 1.000000 10.000000 0.000000 0.000000 0.000000 0.000000 19502584603.016113 154176443362.036407
18.000000 2.000000 10.000000 0.000000 0.000000 0.000000 0.000000 28161799540.561527 218268933352.552856
18.000000 3.000000 10.000000 0.000000 0.000000 0.000000 0.000000 35664889342.033798 269039169673.003845
18.000000 4.000000 10.000000 0.000000 0.000000 0.000000 0.000000 41849211824.421143 305315327793.777832
18.000000 5.000000 10.000000 0.000000 0.000000 0.000000 0.000000 46683352783.209915 327829080917.318909
18.000000 6.000000 10.000000 0.000000 102.000000 204.000000 3.000000 50243305432.614014 338835910904.469666
18.000000 7.000000 10.000000 0.000000 102.000000 204.000000 4.000000 52672414944.855011 341487812984.943176
18.000000 8.000000 10.000000 0.000000 102.000000 204.000000 3.000000 54134587903.416328 339103044446.841553
18.000000 9.000000 10.000000 0.000000 102.000000 204.000000 5.000000 54770257857.392151 334478559269.294861
18.000000 10.000000 10.000000 0.000000 102.000000 204.000000 3.000000 54662810477.725952 329363423904.158508
18.000000 11.000000 10.000000 0.000000 102.000000 204.000000 4.000000 53820522921.535164 324169413916.019165
18.000000 12.000000 10.000000 0.000000 102.000000 204.000000 2.000000 52176335489.363251 317951553478.898499
18.000000 13.000000 10.000000 0.000000 102.000000 204.000000 2.000000 49605249721.578049 308652642492.069458
18.000000 14.000000 10.000000 0.000000 0.000000 0.000000 0.000000 45956759451.063141 293571676924.561035
18.000000 15.000000 10.000000 0.000000 0.000000 0.000000 0.000000 41097302550.385040 269983183126.895416
18.000000 16.000000 10.000000 0.000000 0.000000 0.000000 0.000000 34955398884.810837 235803081007.398529
18.000000 17.000000 10.000000 0.000000 0.000000 0.000000 0.000000 27560488042.250755 190173328131.326355
18.000000 18.000000 10.000000 0.000000 0.000000 0.000000 0.000000 19066384149.388676 133834885567.595627
18.000000 19.000000 10.000000 0.000000 0.000000 0.000000 0.000000 9752440734.090139 69187755364.855713
19.000000 0.000000 10.000000 0.000000 0.000000 0.000000 0.000000 5135743510.019687 41536593717.523987
19.000000 1.000000 10.000000 0.000000 0.000000 0.000000 0.000000 10034663406.836847 80213754645.898743
19.000000 2.000000 10.000000 0.000000 0.000000 0.000000 0.000000 14490570098.120838 113622757450.912140
19.000000 3.000000 10.000000 0.000000 0.000000 0.000000 0.000000 18352055737.328091 140159520539.906982
19.000000 4.000000 10.000000 0.000000 0.000000 0.000000 0.000000 21535389978.731140 159210116861.408356
19.000000 5.000000 10.000000 0.000000 0.000000 0.000000 0.000000 24024259326.751160 171138287105.673462
19.000000 6.000000 10.000000 0.000000 0.000000 0.000000 0.000000 25857542895.015129 177091752771.408508
19.000000 7.000000 10.000000 0.000000 0.000000 0.000000 0.000000 27108744506.184662 178681020076.670837
19.000000 8.000000 10.000000 0.000000 102.000000 204.000000 1.000000 27861964372.575939 177604813737.695465
19.000000 9.000000 10.000000 0.000000 102.000000 204.000000 2.000000 28189283277.226353 175296820520.669189
19.000000 10.000000 10.000000 0.000000 102.000000 204.000000 1.000000 28133518776.646061 172654779574.195984
19.000000 11.000000 10.000000 0.000000 102.000000 204.000000 1.000000 27698951957.806984 169891445398.234802
19.000000 12.000000 10.000000 0.000000 0.000000 0.000000 0.000000 26851214697.506641 166524493447.897949
19.000000 13.000000 10.000000 0.000000 0.000000 0.000000 0.000000 25526229564.958958 161502339185.872681
19.000000 14.000000 10.000000 0.000000 0.000000 0.000000 0.000000 23646864709.357227 153444985133.041016
19.000000 15.000000 10.000000 0.000000 0.000000 0.000000 0.000000 21144726373.170513 140962082700.897858
19.000000 16.000000 10.000000 0.000000 0.000000 0.000000 0.000000 17983320589.835739 122994319711.347748
19.000000 17.000000 10.000000 0.000000 0.000000 0.000000 0.000000 14177973475.794632 99112592776.436493
19.000000 18.000000 10.000000 0.000000 0.000000 0.000000 0.000000 9807852888.610249 69708297244.445374
19.000000 19.000000 10.000000 0.000000 0.000000 0.000000 0.000000 5016552731.948085 36023237012.190872
0.000000 0.000000 15.000000 0.000000 0.000000 0.000000 0.000000 4061881764.060439 36236103017.717659
0.000000 1.000000 15.000000 0.000000 0.000000 0.000000 0.000000 7944465372.943334 70434851326.607422
0.000000 2.000000 15.000000 0.000000 0.000000 0.000000 0.000000 11490911711.733927 100850202980.887604
0.000000 3.000000 15.000000 0.000000 0.000000 0.000000 0.000000 14584656560.779497 126260888130.284058
0.000000 4.000000 15.000000 0.000000 0.000000 0.000000 0.000000 17159145679.897993 146101798114.555359
0.000000 5.000000 15.000000 0.000000 0.000000 0.000000 0.000000 19198065180.959198 160472490229.659943
0.000000 6.000000 15.000000 0.000000 0.000000 0.000000 0.000000 20726801066.024612 170027576429.473633
0.000000 7.000000 15.000000 0.000000 0.000000 0.000000 0.000000 21797580647.878929 175775739519.080902
0.000000 8.000000 15.000000 0.000000 0.000000 0.000000 0.000000 22471666416.579422 178828008632.254211
0.000000 9.000000 15.000000 0.000000 0.000000 0.000000 0.000000 22802079509.911148 180141254274.849396
0.000000 10.000000 15.000000 0.000000 0.000000 0.000000 0.000000 22819844249.279060 180301020192.051361
0.000000 11.000000 15.000000 0.000000 0.000000 0.000000 0.000000 22525963160.661263 179381129992.844940
0.000000 12.000000 15.000000 0.000000 0.000000 0.000000 0.000000 21890447818.998764 176907187878.589417
0.000000 13.000000 15.000000 0.000000 0.000000 0.000000 0.000000 20858784803.066521 171937133664.628448
0.000000 14.000000 15.000000 0.000000 0.000000 0.000000 0.000000 19365143650.104996 163253794837.781097
0.000000 15.000000 15.000000 0.000000 0.000000 0.000000 0.000000 17350408552.273438 149642516862.015320
0.000000 16.000000 15.000000 0.000000 0.000000 0.000000 0.000000 14781876291.304502 130204678451.600754
0.000000 17.000000 15.000000 0.000000 0.000000 0.000000 0.000000 11670553975.816082 104641430333.500092
0.000000 18.000000 15.000000 0.000000 0.000000 0.000000 0.000000 8081852179.851398 73438629440.831573
0.000000 19.000000 15.000000 0.000000 0.000000 0.000000 0.000000 4136430488.616068 37898937573.389236
1.000000 0.000000 15.000000 0.000000 0.000000 0.000000 0.000000 7894502439.073340 69788653660.754456
1.000000 1.000000 15.000000 0.000000 0.000000 0.000000 0.000000 15440145246.902334 135614168965.166046
1.000000 2.000000 15.000000 0.000000 0.000000 0.000000 0.000000 22331819023.814560 194083860036.514343
1.000000 3.000000 15.000000 0.000000 0.000000 0.000000 0.000000 28342865725.992229 242832233063.974976
1.000000 4.000000 15.000000 0.000000 0.000000 0.000000 0.000000 33344036180.876339 280777394118.639587
1.000000 5.000000 15.000000 0.000000 0.000000 0.000000 0.000000 37303923468.714325 308136293464.783813
1.000000 6.000000 15.000000 0.000000 0.000000 0.000000 0.000000 40272305508.315323 326208630439.046753
1.000000 7.000000 15.000000 0.000000 0.000000 0.000000 0.000000 42351175674.017960 336982200110.079712
1.000000 8.000000 15.000000 0.000000 0.000000 0.000000 0.000000 43660033356.823700 342639658927.369812
1.000000 9.000000 15.000000 0.000000 0.000000 0.000000 0.000000 44302213396.282433 345056798918.224121
1.000000 10.000000 15.000000 0.000000 0.000000 0.000000 0.000000 44338088235.537033 345378560303.766602
1.000000 11.000000 15.000000 0.000000 0.000000 0.000000 0.000000 43769449558.601448 343745667586.352539
1.000000 12.000000 15.000000 0.000000 0.000000 0.000000 0.000000 42537650137.530388 339224507350.084778
1.000000 13.000000 15.000000 0.000000 0.000000 0.000000 0.000000 40536237461.788849 329965572859.375427
1.000000 14.000000 15.000000 0.000000 0.000000 0.000000 0.000000 37636718593.628525 313580349695.466064
1.000000 15.000000 15.000000 0.000000 0.000000 0.000000 0.000000 33723706815.390102 287683900933.951050
1.000000 16.000000 15.000000 0.000000 0.000000 0.000000 0.000000 28733292837.303558 250507118228.444794
1.000000 17.000000 15.000000 0.000000 0.000000 0.000000 0.000000 22686719732.164906 201450526204.368408
1.000000 18.000000 15.000000 0.000000 0.000000 0.000000 0.000000 15711182530.289619 141445093865.982758
1.000000 19.000000 15.000000 0.000000 0.000000 0.000000 0.000000 8041450946.306978 73014804681.235962
2.000000 0.000000 15.000000 0.000000 0.000000 0.000000 0.000000 11306234491.721722 98472573388.927551
2.000000 1.000000 15.000000 0.000000 0.000000 0.000000 0.000000 22111901033.309128 191260147178.339355
2.000000 2.000000 15.000000 0.000000 0.000000 0.000000 0.000000 31979332653.278061 273504847822.105713
2.000000 3.000000 15.000000 0.000000 0.000000 0.000000 0.000000 40583645982.769333 341837253320.769775
2.000000 4.000000 15.000000 0.000000 0.000000 0.000000 0.000000 47739976196.814537 394745944256.283203
2.000000 5.000000 15.000000 0.000000 0.000000 0.000000 0.000000 53404062148.728722 432596290268.338867
2.000000 6.000000 15.000000 0.000000 0.000000 0.000000 0.000000 57648245439.847305 457313645169.786011
2.000000 7.000000 15.000000 0.000000 0.000000 0.000000 0.000000 60619762629.265320 471808649998.671509
2.000000 8.000000 15.000000 0.000000 0.000000 0.000000 0.000000 62490791467.319023 479261495116.920715
2.000000 9.000000 15.000000 0.000000 0.000000 0.000000 0.000000 63410012617.604996 482396058289.865112
2.000000 10.000000 15.000000 0.000000 0.000000 0.000000 0.000000 63464085487.209686 482868437689.057556
2.000000 11.000000 15.000000 0.000000 0.000000 0.000000 0.000000 62655234829.525650 480874503219.195190
2.000000 12.000000 15.000000 0.000000 0.000000 0.000000 0.000000 60898651831.438385 475051485078.441223
2.000000 13.000000 15.000000 0.000000 0.000000 0.000000 0.000000 58040743663.669357 462709250619.003540
2.000000 14.000000 15.000000 0.000000 0.000000 0.000000 0.000000 53896248492.118927 440375977823.714966
2.000000 15.000000 15.000000 0.000000 0.000000 0.000000 0.000000 48298800449.316429 404581841966.572449
2.000000 16.000000 15.000000 0.000000 0.000000 0.000000 0.000000 41156077699.320015 352742180845.854126
2.000000 17.000000 15.000000 0.000000 0.000000 0.000000 0.000000 32498153535.463058 283955693313.024963
2.000000 18.000000 15.000000 0.000000 0.000000 0.000000 0.000000 22507320071.091927 199524149277.258240
2.000000 19.000000 15.000000 0.000000 0.000000 0.000000 0.000000 11520364179.381523 103042396114.950623
3.000000 0.000000 15.000000 0.000000 0.000000 0.000000 0.000000 14170800471.788921 120968346713.680511
3.000000 1.000000 15.000000 0.000000 0.000000 0.000000 0.000000 27712484588.126823 234792430833.835297
3.000000 2.000000 15.000000 0.000000 0.000000 0.000000 0.000000 40075213892.853592 335382398648.880127
3.000000 3.000000 15.000000 0.000000 0.000000 0.000000 0.000000 50851282015.065872 418544253889.581116
3.000000 4.000000 15.000000 0.000000 0.000000 0.000000 0.000000 59809397232.126915 482446989951.507568
3.000000 5.000000 15.000000 0.000000 0.000000 0.000000 0.000000 66895346484.056198 527640730014.050171
3.000000 6.000000 15.000000 0.000000 0.000000 0.000000 0.000000 72201650504.578674 556646886078.129150
3.000000 7.000000 15.000000 0.000000 0.000000 0.000000 0.000000 75914898510.780731 573221463186.533203
3.000000 8.000000 15.000000 0.000000 0.000000 0.000000 0.000000 78252712693.151962 581442131554.636230
3.000000 9.000000 15.000000 0.000000 0.000000 0.000000 0.000000 79402668266.789047 584786342458.339844
3.000000 10.000000 15.000000 0.000000 0.000000 0.000000 0.000000 79473770361.406662 585358269323.446167
3.000000 11.000000 15.000000 0.000000 0.000000 0.000000 0.000000 78468296614.620316 583395868203.446289
3.000000 12.000000 15.000000 0.000000 0.000000 0.000000 0.000000 76278654303.467667 577151276875.957031
3.000000 13.000000 15.000000 0.000000 0.000000 0.000000 0.000000 72710517547.593491 563187948425.731689
3.000000 14.000000 15.000000 0.000000 0.000000 0.000000 0.000000 67529700354.752365 537074004385.242676
3.000000 15.000000 15.000000 0.000000 0.000000 0.000000 0.000000 60525899809.500359 494374634953.863647
3.000000 16.000000 15.000000 0.000000 0.000000 0.000000 0.000000 51582121417.537033 431768532849.958374
3.000000 17.000000 15.000000 0.000000 0.000000 0.000000 0.000000 40735467262.049576 348055792536.245239
3.000000 18.000000 15.000000 0.000000 0.000000 0.000000 0.000000 28214562712.448875 244813615803.321014
3.000000 19.000000 15.000000 0.000000 0.000000 0.000000 0.000000 14442328409.983850 126509721646.534790
4.000000 0.000000 15.000000 0.000000 0.000000 0.000000 0.000000 16438650356.179871 136971553145.690796
4.000000 1.000000 15.000000 0.000000 0.000000 0.000000 0.000000 32144813834.579155 265620795102.524658
4.000000 2.000000 15.000000 0.000000 0.000000 0.000000 0.000000 46478646303.753532 378874841345.478516
4.000000 3.000000 15.000000 0.000000 0.000000 0.000000 0.000000 58966367366.580444 471904880303.419739
4.000000 4.000000 15.000000 0.000000 0.000000 0.000000 0.000000 69340249783.371918 542673870663.917847
4.000000 5.000000 15.000000 0.000000 0.000000 0.000000 0.000000 77539274165.569534 591949479297.131714
4.000000 6.000000 15.000000 0.000000 0.000000 0.000000 0.000000 83673521599.400391 622809839221.463501
4.000000 7.000000 15.000000 0.000000 102.000000 204.000000 6.000000 87962490699.038040 639765085992.628296
4.000000 8.000000 15.000000 0.000000 102.000000 204.000000 5.000000 90661346320.618088 647675639108.514893
4.000000 9.000000 15.000000 0.000000 102.000000 204.000000 8.000000 91989536887.530350 650666003953.050903
4.000000 10.000000 15.000000 0.000000 102.000000 204.000000 5.000000 92074182005.252319 651219417385.336304
4.000000 11.000000 15.000000 0.000000 102.000000 204.000000 5.000000 90917339608.452377 649605524955.590332
4.000000 12.000000 15.000000 0.000000 102.000000 204.000000 3.000000 88392540344.164383 643747588465.530396
4.000000 13.000000 15.000000 0.000000 102.000000 204.000000 7.000000 84272002866.114502 629577350773.746582
4.000000 14.000000 15.000000 0.000000 0.000000 0.000000 0.000000 78281487315.266190 601851592560.783325
4.000000 15.000000 15.000000 0.000000 0.000000 0.000000 0.000000 70174717743.813568 555315840206.267822
4.000000 16.000000 15.000000 0.000000 0.000000 0.000000 0.000000 59814297455.545784 486010587404.198853
4.000000 17.000000 15.000000 0.000000 0.000000 0.000000 0.000000 47242442823.936218 392448899454.632935
4.000000 18.000000 15.000000 0.000000 0.000000 0.000000 0.000000 32724438136.897793 276381789350.667969
4.000000 19.000000 15.000000 0.000000 0.000000 0.000000 0.000000 16751735708.691288 142930384367.656525
5.000000 0.000000 15.000000 0.000000 0.000000 0.000000 0.000000 18130960192.136375 147108524261.711731
5.000000 1.000000 15.000000 0.000000 0.000000 0.000000 0.000000 35450250439.694847 284979212289.607178
5.000000 2.000000 15.000000 0.000000 0.000000 0.000000 0.000000 51249313239.004288 405787241926.243774
5.000000 3.000000 15.000000 0.000000 0.000000 0.000000 0.000000 65004381367.820038 504242623394.035889
5.000000 4.000000 15.000000 0.000000 0.000000 0.000000 0.000000 76420876149.104416 578201929282.581787
5.000000 5.000000 15.000000 0.000000 102.000000 204.000000 3.000000 85433963625.101105 628671955096.111328
5.000000 6.000000 15.000000 0.000000 102.000000 204.000000 3.000000 92168718504.809326 659239786034.135132
5.000000 7.000000 15.000000 0.000000 102.000000 204.000000 5.000000 96871295271.992249 675072799376.674683
5.000000 8.000000 15.000000 0.000000 102.000000 204.000000 4.000000 99826756080.144348 681696489548.774048
5.000000 9.000000 15.000000 0.000000 102.000000 204.000000 6.000000 101279669287.198380 683775729967.646484
5.000000 10.000000 15.000000 104.000000 24.000000 24.000000 6.000000 101371285335.873764 684106612212.403809
5.000000 11.000000 15.000000 0.000000 102.000000 204.000000 5.000000 100103386266.915924 682986100076.295654
5.000000 12.000000 15.000000 0.000000 102.000000 204.000000 6.000000 97334721053.633560 678074113243.024170
5.000000 13.000000 15.000000 0.000000 102.000000 204.000000 4.000000 92811495336.423645 664797620988.819946
5.000000 14.000000 15.000000 0.000000 102.000000 204.000000 4.000000 86228434747.793243 637265025793.885742
5.000000 15.000000 15.000000 0.000000 102.000000 204.000000 4.000000 77311393011.747406 589562324317.370239
5.000000 16.000000 15.000000 0.000000 0.000000 0.000000 0.000000 65906978930.382278 517203953321.981934
5.000000 17.000000 15.000000 0.000000 0.000000 0.000000 0.000000 52060759397.273773 418438634575.425964
5.000000 18.000000 15.000000 0.000000 0.000000 0.000000 0.000000 36065180793.734329 295097047044.690735
5.000000 19.000000 15.000000 0.000000 0.000000 0.000000 0.000000 18462842627.970406 152738016821.689697
6.000000 0.000000 15.000000 0.000000 0.000000 0.000000 0.000000 19320187858.207329 152667366915.425049
6.000000 1.000000 15.000000 0.000000 0.000000 0.000000 0.000000 37770581576.386002 295398449037.693481
6.000000 2.000000 15.000000 0.000000 0.000000 0.000000 0.000000 54592441396.855743 419805740116.184326
6.000000 3.000000 15.000000 0.000000 0.000000 0.000000 0.000000 69225993748.846924 520276450795.992126
6.000000 4.000000 15.000000 0.000000 0.000000 0.000000 0.000000 81358105678.501205 594634136775.366211
6.000000 5.000000 15.000000 0.000000 102.000000 204.000000 1.000000 90922657423.947723 644129889335.977783
6.000000 6.000000 15.000000 0.000000 102.000000 204.000000 4.000000 98057384434.436462 672805185881.787476
6.000000 7.000000 15.000000 0.000000 102.000000 204.000000 10.000000 103029545514.411789 686388899276.984619
6.000000 8.000000 15.000000 0.000000 102.000000 204.000000 10.000000 106147360775.024170 690960559955.210571
6.000000 9.000000 15.000000 0.000000 102.000000 204.000000 11.000000 107674624946.510300 691628026253.543091
6.000000 10.000000 15.000000 104.000000 24.000000 24.000000 7.000000 107763358210.556931 691443541727.151855
6.000000 11.000000 15.000000 0.000000 102.000000 204.000000 12.000000 106415287348.291397 690735019275.556641
6.000000 12.000000 15.000000 0.000000 102.000000 204.000000 8.000000 103478388701.637650 686970401243.633789
6.000000 13.000000 15.000000 0.000000 102.000000 204.000000 8.000000 98679920390.512360 675202820178.364502
6.000000 14.000000 15.000000 0.000000 102.000000 204.000000 4.000000 91692072985.421509 649058586696.171143
6.000000 15.000000 15.000000 0.000000 102.000000 204.000000 2.000000 82220475437.089142 602128641606.667358
6.000000 16.000000 15.000000 0.000000 0.000000 0.000000 0.000000 70099987459.240204 529520805262.106323
6.000000 17.000000 15.000000 0.000000 0.000000 0.000000 0.000000 55378104469.848373 429254010478.391357
6.000000 18.000000 15.000000 0.000000 0.000000 0.000000 0.000000 38365929590.643341 303162160754.856934
6.000000 19.000000 15.000000 0.000000 0.000000 0.000000 0.000000 19641485811.957542 157049578665.258484
7.000000 0.000000 15.000000 0.000000 0.000000 0.000000 0.000000 20103891108.637169 155231961150.809937
7.000000 1.000000 15.000000 0.000000 0.000000 0.000000 0.000000 39296831586.131645 299989713878.991516
7.000000 2.000000 15.000000 0.000000 0.000000 0.000000 0.000000 56784805812.560699 425460246684.818726
7.000000 3.000000 15.000000 0.000000 0.000000 0.000000 0.000000 71983234964.033356 525802913929.856689
7.000000 4.000000 15.000000 0.000000 102.000000 204.000000 3.000000 84567003234.785614 598849689168.557495
7.000000 5.000000 15.000000 0.000000 102.000000 204.000000 4.000000 94470586259.092911 646082356032.738647
7.000000 6.000000 15.000000 0.000000 102.000000 204.000000 10.000000 101842314779.291885 671936154269.742188
7.000000 7.000000 15.000000 0.000000 102.000000 204.000000 8.000000 106965897050.864700 682610284802.525269
7.000000 8.000000 15.000000 104.000000 24.000000 24.000000 5.000000 110167144546.967834 684638775300.386597
7.000000 9.000000 15.000000 0.000000 102.000000 204.000000 4.000000 111724294250.347672 683489216191.779053
7.000000 10.000000 15.000000 104.000000 24.000000 24.000000 6.000000 111797548434.128311 682425912507.478027
7.000000 11.000000 15.000000 0.000000 102.000000 204.000000 3.000000 110389074716.180435 681819479988.853516
7.000000 12.000000 15.000000 0.000000 102.000000 204.000000 2.000000 107339830494.049973 679019594982.951904
7.000000 13.000000 15.000000 0.000000 102.000000 204.000000 7.000000 102364506795.219849 668833767633.459595
7.000000 14.000000 15.000000 0.000000 102.000000 204.000000 6.000000 95120365627.195312 644567200305.810791
7.000000 15.000000 15.000000 0.000000 102.000000 204.000000 3.000000 85299668155.598679 599476183029.578247
7.000000 16.000000 15.000000 0.000000 102.000000 204.000000 5.000000 72729435668.464005 528382800334.687378
7.000000 17.000000 15.000000 0.000000 0.000000 0.000000 0.000000 57458112220.931877 429121756502.871338
7.000000 18.000000 15.000000 0.000000 0.000000 0.000000 0.000000 39808374539.059402 303476650889.711792
7.000000 19.000000 15.000000 0.000000 0.000000 0.000000 0.000000 20380385373.713337 157340500840.889343
8.000000 0.000000 15.000000 0.000000 0.000000 0.000000 0.000000 20578577129.955528 156311179206.771729
8.000000 1.000000 15.000000 0.000000 0.000000 0.000000 0.000000 40218133894.259811 301719928181.202271
8.000000 2.000000 15.000000 0.000000 0.000000 0.000000 0.000000 58100831399.393692 427077724253.416382
8.000000 3.000000 15.000000 0.000000 102.000000 204.000000 2.000000 73625801508.183838 526370726289.870789
8.000000 4.000000 15.000000 0.000000 102.000000 204.000000 4.000000 86460805536.964142 597450311465.367798
8.000000 5.000000 15.000000 0.000000 102.000000 204.000000 3.000000 96542083076.783600 641996351618.302734
8.000000 6.000000 15.000000 0.000000 102.000000 204.000000 6.000000 104026651266.764481 664770078404.450806
8.000000 7.000000 15.000000 0.000000 102.000000 204.000000 7.000000 109210775385.443085 672352866610.479736
8.000000 8.000000 15.000000 0.000000 102.000000 204.000000 4.000000 112433339992.958649 671643818064.241211
8.000000 9.000000 15.000000 0.000000 102.000000 204.000000 5.000000 113983246061.702789 668399867461.645630
8.000000 10.000000 15.000000 104.000000 24.000000 24.000000 5.000000 114026984483.196152 666064569555.012817
8.000000 11.000000 15.000000 0.000000 102.000000 204.000000 4.000000 112567869657.031189 665069165036.211792
8.000000 12.000000 15.000000 104.000000 24.000000 24.000000 4.000000 109443275666.819016 662718182756.829712
8.000000 13.000000 15.000000 104.000000 24.000000 24.000000 14.000000 104360953747.560745 653694919799.593384
8.000000 14.000000 15.000000 104.000000 24.000000 24.000000 14.000000 96969879522.741135 631134286215.044800
8.000000 15.000000 15.000000 0.000000 102.000000 204.000000 5.000000 86954949957.200623 588109309454.096191
8.000000 16.000000 15.000000 0.000000 102.000000 204.000000 5.000000 74138886740.625458 519274790171.554932
8.000000 17.000000 15.000000 0.000000 0.000000 0.000000 0.000000 58570544077.302910 422335647780.255188
8.000000 18.000000 15.000000 0.000000 0.000000 0.000000 0.000000 40578570841.604591 298995290181.445251
8.000000 19.000000 15.000000 0.000000 0.000000 0.000000 0.000000 20774532640.590630 155117247502.327271
9.000000 0.000000 15.000000 0.000000 0.000000 0.000000 0.000000 20818443731.100933 157034096445.003540
9.000000 1.000000 15.000000 0.000000 0.000000 0.000000 0.000000 40680158719.798454 302816666679.609436
9.000000 2.000000 15.000000 0.000000 0.000000 0.000000 0.000000 58752480711.313683 427924115039.552734
9.000000 3.000000 15.000000 0.000000 102.000000 204.000000 4.000000 74424808135.358292 526196879716.018555
9.000000 4.000000 15.000000 0.000000 102.000000 204.000000 4.000000 87361310050.131531 595493518016.359741
9.000000 5.000000 15.000000 0.000000 102.000000 204.000000 5.000000 97500495820.969437 637641966327.254150
9.000000 6.000000 15.000000 0.000000 102.000000 204.000000 8.000000 105006090248.190079 657651146287.634888
9.000000 7.000000 15.000000 0.000000 102.000000 204.000000 7.000000 110183397039.938141 662393130303.772949
9.000000 8.000000 15.000000 104.000000 24.000000 24.000000 6.000000 113380460796.539337 659045112404.625732
9.000000 9.000000 15.000000 104.000000 24.000000 24.000000 2.000000 114893684198.919846 653588694964.955811
9.000000 10.000000 15.000000 104.000000 24.000000 24.000000 6.000000 114894376417.547058 649619430109.596558
9.000000 11.000000 15.000000 0.000000 102.000000 204.000000 5.000000 113387793819.922607 647649434930.807983
9.000000 12.000000 15.000000 104.000000 24.000000 24.000000 5.000000 110210864171.456329 645008342773.779053
9.000000 13.000000 15.000000 104.000000 24.000000 24.000000 15.000000 105069396137.413818 636368624771.001465
9.000000 14.000000 15.000000 0.000000 102.000000 204.000000 13.000000 97609925445.013565 614834690302.800903
9.000000 15.000000 15.000000 0.000000 102.000000 204.000000 6.000000 87515286543.181519 573437765589.366333
9.000000 16.000000 15.000000 0.000000 102.000000 204.000000 7.000000 74607128315.254501 506779726997.106873
9.000000 17.000000 15.000000 0.000000 0.000000 0.000000 0.000000 58934546343.203362 412496958178.395020
9.000000 18.000000 15.000000 0.000000 0.000000 0.000000 0.000000 40827785047.394905 292203153217.741394
9.000000 19.000000 15.000000 0.000000 0.000000 0.000000 0.000000 20901194876.397854 151648963676.796631
10.000000 0.000000 15.000000 0.000000 0.000000 0.000000 0.000000 20861359206.806458 157950155210.230347
10.000000 1.000000 15.000000 0.000000 0.000000 0.000000 0.000000 40757659693.935539 304377561329.813110
10.000000 2.000000 15.000000 0.000000 102.000000 204.000000 1.000000 58849477431.054863 429640265404.746399
10.000000 3.000000 15.000000 0.000000 102.000000 204.000000 5.000000 74522200267.171143 527452733875.650391
10.000000 4.000000 15.000000 0.000000 102.000000 204.000000 5.000000 87439243073.099289 595656644447.823364
10.000000 5.000000 15.000000 0.000000 102.000000 204.000000 9.000000 97541369903.275742 636163428014.599854
10.000000 6.000000 15.000000 0.000000 102.000000 204.000000 9.000000 104996701714.769043 654136548952.371826
10.000000 7.000000 15.000000 0.000000 102.000000 204.000000 6.000000 110115905496.862076 656634455561.752441
10.000000 8.000000 15.000000 104.000000 24.000000 24.000000 5.000000 113252257845.608521 651016280775.418945
10.000000 9.000000 15.000000 0.000000 102.000000 204.000000 1.000000 114706554596.509445 643418069850.448486
10.000000 10.000000 15.000000 104.000000 24.000000 24.000000 1.000000 114653489178.384079 637556967646.206787
10.000000 11.000000 15.000000 104.000000 24.000000 24.000000 4.000000 113100984573.998871 634043261141.821167
10.000000 12.000000 15.000000 104.000000 24.000000 24.000000 5.000000 109888426699.647171 630297300255.295044
10.000000 13.000000 15.000000 104.000000 24.000000 24.000000 7.000000 104724283636.071991 621086921451.212036
10.000000 14.000000 15.000000 104.000000 24.000000 24.000000 11.000000 97258015400.224716 599617007511.524170
10.000000 15.000000 15.000000 0.000000 102.000000 204.000000 13.000000 87175265042.537445 559010396758.547974
10.000000 16.000000 15.000000 0.000000 102.000000 204.000000 7.000000 74299651921.847946 493927097243.223083
10.000000 17.000000 15.000000 0.000000 0.000000 0.000000 0.000000 58680564590.644318 402000421082.156555
10.000000 18.000000 15.000000 0.000000 0.000000 0.000000 0.000000 40646235910.562065 284759811384.818237
10.000000 19.000000 15.000000 0.000000 0.000000 0.000000 0.000000 20806510667.779678 147785376677.384766
11.000000 0.000000 15.000000 0.000000 0.000000 0.000000 0.000000 20702493094.948505 158944891692.383728
11.000000 1.000000 15.000000 0.000000 0.000000 0.000000 0.000000 40441933234.286957 306203829531.002563
11.000000 2.000000 15.000000 0.000000 102.000000 204.000000 1.000000 58380977009.676422 431997464380.399536
11.000000 3.000000 15.000000 0.000000 102.000000 204.000000 5.000000 73907175698.280685 529947854841.390320
11.000000 4.000000 15.000000 0.000000 102.000000 204.000000 5.000000 86686094012.932785 597857215626.295166
11.000000 5.000000 15.000000 0.000000 102.000000 204.000000 5.000000 96660438783.720963 637645850524.079956
11.000000 6.000000 15.000000 0.000000 102.000000 204.000000 6.000000 103999856945.867767 654520350049.990234
11.000000 7.000000 15.000000 104.000000 24.000000 24.000000 7.000000 109016026050.166229 655599313122.524536
11.000000 8.000000 15.000000 0.000000 102.000000 204.000000 4.000000 112062867846.180420 648306413805.212036
11.000000 9.000000 15.000000 104.000000 24.000000 24.000000 7.000000 113441926010.338089 638844468125.294556
11.000000 10.000000 15.000000 104.000000 24.000000 24.000000 5.000000 113329465089.453125 631009100192.449829
11.000000 11.000000 15.000000 104.000000 24.000000 24.000000 5.000000 111736560340.382660 625517429166.191528
11.000000 12.000000 15.000000 0.000000 102.000000 204.000000 4.000000 108507803488.568832 619939740999.191284
11.000000 13.000000 15.000000 104.000000 24.000000 24.000000 7.000000 103358797379.079666 609239811709.346436
11.000000 14.000000 15.000000 0.000000 102.000000 204.000000 41.000000 95947162192.661530 586848398771.498413
11.000000 15.000000 15.000000 104.000000 24.000000 24.000000 7.000000 85966104967.593842 546108659813.338867
11.000000 16.000000 15.000000 0.000000 102.000000 204.000000 5.000000 73244184987.921219 481847127024.554199
11.000000 17.000000 15.000000 0.000000 0.000000 0.000000 0.000000 57831183362.833420 391761711853.453674
11.000000 18.000000 15.000000 0.000000 0.000000 0.000000 0.000000 40049906200.193069 277310798409.259155
11.000000 19.000000 15.000000 0.000000 0.000000 0.000000 0.000000 20498765757.685638 143860370301.649048
12.000000 0.000000 15.000000 0.000000 0.000000 0.000000 0.000000 20295197597.198387 159265298334.323303
12.000000 1.000000 15.000000 0.000000 0.000000 0.000000 0.000000 39642416536.915215 306846069533.632202
12.000000 2.000000 15.000000 0.000000 102.000000 204.000000 1.000000 57217581233.374527 432954702632.212769
12.000000 3.000000 15.000000 0.000000 102.000000 204.000000 4.000000 72418241908.176239 531187594162.995544
12.000000 4.000000 15.000000 0.000000 102.000000 204.000000 5.000000 84915830728.529419 599299382337.608887
12.000000 5.000000 15.000000 0.000000 102.000000 204.000000 5.000000 94654674856.410263 639140939886.464233
12.000000 6.000000 15.000000 0.000000 102.000000 204.000000 8.000000 101802402448.028107 655832135421.572876
12.000000 7.000000 15.000000 0.000000 102.000000 204.000000 6.000000 106666280335.501282 656398323808.126953
12.000000 8.000000 15.000000 104.000000 24.000000 24.000000 3.000000 109595118982.700668 648180904196.803833
12.000000 9.000000 15.000000 0.000000 102.000000 204.000000 5.000000 110886537037.514404 637335327889.578979
12.000000 10.000000 15.000000 0.000000 102.000000 204.000000 2.000000 110715826536.985413 627672226364.445679
12.000000 11.000000 15.000000 104.000000 24.000000 24.000000 8.000000 109097311842.016602 620010529251.711792
12.000000 12.000000 15.000000 104.000000 24.000000 24.000000 6.000000 105883450243.103195 612121551935.828613
12.000000 13.000000 15.000000 0.000000 102.000000 204.000000 14.000000 100801564296.212799 599260855401.583862
12.000000 14.000000 15.000000 104.000000 24.000000 24.000000 10.000000 93522859217.544571 575207404250.756836
12.000000 15.000000 15.000000 0.000000 102.000000 204.000000 5.000000 83753008909.498199 533650687324.877686
12.000000 16.000000 15.000000 0.000000 102.000000 204.000000 8.000000 71328508489.153107 469690196486.364258
12.000000 17.000000 15.000000 0.000000 0.000000 0.000000 0.000000 56299454672.935097 381154656647.224976
12.000000 18.000000 15.000000 0.000000 0.000000 0.000000 0.000000 38979414880.527893 269444670961.366791
12.000000 19.000000 15.000000 0.000000 0.000000 0.000000 0.000000 19947825648.030159 139670196138.432587
13.000000 0.000000 15.000000 0.000000 0.000000 0.000000 0.000000 19558830161.796799 157644507893.714722
13.000000 1.000000 15.000000 0.000000 0.000000 0.000000 0.000000 38201849998.548859 303843001940.490723
13.000000 2.000000 15.000000 0.000000 102.000000 204.000000 1.000000 55132946498.107521 428991950409.366882
13.000000 3.000000 15.000000 0.000000 102.000000 204.000000 5.000000 69770080919.894730 526775181108.723755
13.000000 4.000000 15.000000 0.000000 102.000000 204.000000 5.000000 81795709682.155914 594917274055.926392
13.000000 5.000000 15.000000 0.000000 102.000000 204.000000 5.000000 91155743834.141312 635125207164.904663
13.000000 6.000000 15.000000 0.000000 102.000000 204.000000 12.000000 98011607408.497131 652288370561.229614
13.000000 7.000000 15.000000 0.000000 102.000000 204.000000 7.000000 102659500087.713531 653159535107.642578
13.000000 8.000000 15.000000 0.000000 102.000000 204.000000 5.000000 105435919720.247513 644820049675.055176
13.000000 9.000000 15.000000 104.000000 24.000000 24.000000 7.000000 106628574672.456558 633234264912.838989
13.000000 10.000000 15.000000 0.000000 102.000000 204.000000 3.000000 106408292665.744888 622140307344.932861
13.000000 11.000000 15.000000 0.000000 102.000000 204.000000 5.000000 104792261315.715698 612437166432.431519
13.000000 12.000000 15.000000 0.000000 102.000000 204.000000 5.000000 101643420128.501907 602138303015.300659
13.000000 13.000000 15.000000 0.000000 102.000000 204.000000 11.000000 96705670616.364075 586881746957.060791
13.000000 14.000000 15.000000 0.000000 102.000000 204.000000 11.000000 89669633935.959320 560914144424.275513
13.000000 15.000000 15.000000 0.000000 102.000000 204.000000 4.000000 80258692448.915390 518395027817.078613
13.000000 16.000000 15.000000 0.000000 102.000000 204.000000 3.000000 68320322720.593048 454799354587.789429
13.000000 17.000000 15.000000 0.000000 0.000000 0.000000 0.000000 53904478842.087021 368147370245.904297
13.000000 18.000000 15.000000 0.000000 0.000000 0.000000 0.000000 37310757689.223602 259787437606.149323
13.000000 19.000000 15.000000 0.000000 0.000000 0.000000 0.000000 19090617677.923168 134521873714.751587
14.000000 0.000000 15.000000 0.000000 0.000000 0.000000 0.000000 18393460882.787933 152516876893.068298
14.000000 1.000000 15.000000 0.000000 0.000000 0.000000 0.000000 35924942321.548187 294137578628.505432
14.000000 2.000000 15.000000 0.000000 0.000000 0.000000 0.000000 51845001698.650986 415701016413.086060
14.000000 3.000000 15.000000 0.000000 102.000000 204.000000 2.000000 65605446857.176582 511142769509.719299
14.000000 4.000000 15.000000 0.000000 102.000000 204.000000 3.000000 76906699866.750259 578206795505.214233
14.000000 5.000000 15.000000 0.000000 102.000000 204.000000 5.000000 85696783433.813339 618394211106.236816
14.000000 6.000000 15.000000 0.000000 102.000000 204.000000 5.000000 92126262941.172470 636214885274.400635
14.000000 7.000000 15.000000 0.000000 102.000000 204.000000 4.000000 96472471196.967056 637951705168.483032
14.000000 8.000000 15.000000 0.000000 102.000000 204.000000 7.000000 99050972453.834061 630223452607.547119
14.000000 9.000000 15.000000 0.000000 102.000000 204.000000 8.000000 100132245774.131454 618633785145.776611
14.000000 10.000000 15.000000 104.000000 24.000000 24.000000 8.000000 99878178805.919907 606738191475.730225
14.000000 11.000000 15.000000 104.000000 24.000000 24.000000 11.000000 98307933797.856567 595476854889.358887
14.000000 12.000000 15.000000 0.000000 102.000000 204.000000 11.000000 95297524594.532959 583135095619.998779
14.000000 13.000000 15.000000 0.000000 102.000000 204.000000 8.000000 90612627388.269104 565817077363.037964
14.000000 14.000000 15.000000 0.000000 102.000000 204.000000 9.000000 83969605077.553955 538351840695.317505
14.000000 15.000000 15.000000 0.000000 102.000000 204.000000 3.000000 75115180924.077911 495487529554.198792
14.000000 16.000000 15.000000 0.000000 0.000000 0.000000 0.000000 63910901573.980682 433170276211.595459
14.000000 17.000000 15.000000 0.000000 0.000000 0.000000 0.000000 50405571169.007088 349662066743.764771
14.000000 18.000000 15.000000 0.000000 0.000000 0.000000 0.000000 34878816336.817825 246250181517.730927
14.000000 19.000000 15.000000 0.000000 0.000000 0.000000 0.000000 17843117162.243309 127359499298.562485
15.000000 0.000000 15.000000 0.000000 0.000000 0.000000 0.000000 16700984660.686178 142311713148.103638
15.000000 1.000000 15.000000 0.000000 0.000000 0.000000 0.000000 32619635973.841545 274649258149.883423
15.000000 2.000000 15.000000 0.000000 0.000000 0.000000 0.000000 47075570003.069611 388607979226.337097
15.000000 3.000000 15.000000 0.000000 0.000000 0.000000 0.000000 59570703234.995392 478585229747.853333
15.000000 4.000000 15.000000 0.000000 102.000000 204.000000 3.000000 69832145174.053528 542426980806.412170
15.000000 5.000000 15.000000 0.000000 102.000000 204.000000 4.000000 77811268530.927887 581385553841.717407
15.000000 6.000000 15.000000 0.000000 102.000000 204.000000 3.000000 83642943077.305161 599448263745.558594
15.000000 7.000000 15.000000 0.000000 102.000000 204.000000 4.000000 87577036615.902252 602226006147.699585
15.000000 8.000000 15.000000 0.000000 102.000000 204.000000 4.000000 89898472172.682556 595660264305.335815
15.000000 9.000000 15.000000 104.000000 24.000000 24.000000 7.000000 90852111441.199142 584808539806.632324
15.000000 10.000000 15.000000 0.000000 102.000000 204.000000 6.000000 90585605853.602585 572917218425.143311
15.000000 11.000000 15.000000 0.000000 102.000000 204.000000 4.000000 89118762702.415253 560914220442.173462
15.000000 12.000000 15.000000 0.000000 102.000000 204.000000 3.000000 86343221059.585281 547374486702.086731
15.000000 13.000000 15.000000 0.000000 102.000000 204.000000 4.000000 82051900172.492493 528942308462.783752
15.000000 14.000000 15.000000 0.000000 102.000000 204.000000 4.000000 75993643355.631027 501135220279.058289
15.000000 15.000000 15.000000 0.000000 102.000000 204.000000 4.000000 67944468877.945572 459399497822.616028
15.000000 16.000000 15.000000 0.000000 0.000000 0.000000 0.000000 57783050050.282684 400236881958.228027
15.000000 17.000000 15.000000 0.000000 0.000000 0.000000 0.000000 45555426903.158600 322186885063.814514
15.000000 18.000000 15.000000 0.000000 0.000000 0.000000 0.000000 31513927488.551346 226448601501.853210
15.000000 19.000000 15.000000 0.000000 0.000000 0.000000 0.000000 16118985970.310835 116977677439.107422
16.000000 0.000000 15.000000 0.000000 0.000000 0.000000 0.000000 14410595862.981861 125798335795.094589
16.000000 1.000000 15.000000 0.000000 0.000000 0.000000 0.000000 28146996283.709152 242950243151.710144
16.000000 2.000000 15.000000 0.000000 0.000000 0.000000 0.000000 40622666126.863899 344153910376.751343
16.000000 3.000000 15.000000 0.000000 0.000000 0.000000 0.000000 51407816951.645447 424509086931.662720
16.000000 4.000000 15.000000 0.000000 102.000000 204.000000 2.000000 60266275015.347984 482073285131.096802
16.000000 5.000000 15.000000 0.000000 102.000000 204.000000 4.000000 67154697170.579506 517829647530.024536
16.000000 6.000000 15.000000 0.000000 102.000000 204.000000 4.000000 72187575231.181046 535116694660.451233
16.000000 7.000000 15.000000 0.000000 102.000000 204.000000 4.000000 75578470179.012970 538681592821.833801
16.000000 8.000000 15.000000 0.000000 102.000000 204.000000 3.000000 77571484964.484818 533577781865.446716
16.000000 9.000000 15.000000 0.000000 102.000000 204.000000 5.000000 78376938528.315750 524129315227.473877
16.000000 10.000000 15.000000 0.000000 102.000000 204.000000 4.000000 78122485031.390976 513140685517.044739
16.000000 11.000000 15.000000 0.000000 102.000000 204.000000 4.000000 76826945273.623123 501464681361.162170
16.000000 12.000000 15.000000 0.000000 102.000000 204.000000 4.000000 74400030761.368988 487972400869.044067
16.000000 13.000000 15.000000 0.000000 102.000000 204.000000 3.000000 70667439605.510132 469910039861.211853
16.000000 14.000000 15.000000 0.000000 102.000000 204.000000 2.000000 65417383039.412025 443576808940.890930
16.000000 15.000000 15.000000 0.000000 102.000000 204.000000 2.000000 58461217580.906578 405212883590.103149
16.000000 16.000000 15.000000 0.000000 0.000000 0.000000 0.000000 49697661378.405243 351945158149.113770
16.000000 17.000000 15.000000 0.000000 0.000000 0.000000 0.000000 39167852133.511955 282610150623.301392
16.000000 18.000000 15.000000 0.000000 0.000000 0.000000 0.000000 27088474021.056236 198273809538.856110
16.000000 19.000000 15.000000 0.000000 0.000000 0.000000 0.000000 13853321441.506615 102311521820.174500
17.000000 0.000000 15.000000 0.000000 0.000000 0.000000 0.000000 11504211771.713953 102427542944.787735
17.000000 1.000000 15.000000 0.000000 0.000000 0.000000 0.000000 22471064544.800545 197937705271.691589
17.000000 2.000000 15.000000 0.000000 0.000000 0.000000 0.000000 32432913304.466972 280677572561.740295
17.000000 3.000000 15.000000 0.000000 0.000000 0.000000 0.000000 41046764769.087311 346696047057.490234
17.000000 4.000000 15.000000 0.000000 0.000000 0.000000 0.000000 48123597521.622406 394386003961.639526
17.000000 5.000000 15.000000 0.000000 102.000000 204.000000 1.000000 53627753296.648827 424461777851.252380
17.000000 6.000000 15.000000 0.000000 102.000000 204.000000 2.000000 57649155619.335754 439511404932.842773
17.000000 7.000000 15.000000 0.000000 102.000000 204.000000 3.000000 60356674521.418991 443251086020.286987
17.000000 8.000000 15.000000 0.000000 102.000000 204.000000 3.000000 61943770383.918907 439655973637.190918
17.000000 9.000000 15.000000 0.000000 102.000000 204.000000 3.000000 62577506566.663246 432143222358.198547
17.000000 10.000000 15.000000 0.000000 102.000000 204.000000 4.000000 62359826034.192352 422948341219.895325
17.000000 11.000000 15.000000 0.000000 102.000000 204.000000 4.000000 61306829530.532654 412783884048.380859
17.000000 12.000000 15.000000 0.000000 102.000000 204.000000 4.000000 59348534590.652565 400814674121.643738
17.000000 13.000000 15.000000 0.000000 102.000000 204.000000 3.000000 56348678590.748657 384936785286.946777
17.000000 14.000000 15.000000 0.000000 0.000000 0.000000 0.000000 52141433008.556961 362307654050.160889
17.000000 15.000000 15.000000 0.000000 0.000000 0.000000 0.000000 46579246317.121567 330039587306.319336
17.000000 16.000000 15.000000 0.000000 0.000000 0.000000 0.000000 39583518519.224342 285937329633.717896
17.000000 17.000000 15.000000 0.000000 0.000000 0.000000 0.000000 31188060426.245155 229138954007.258179
17.000000 18.000000 15.000000 0.000000 0.000000 0.000000 0.000000 21565256246.965462 160520052915.969666
17.000000 19.000000 15.000000 0.000000 0.000000 0.000000 0.000000 11027316063.405220 82755277258.059906
18.000000 0.000000 15.000000 0.000000 0.000000 0.000000 0.000000 8035386504.968438 72587314502.049988
18.000000 1.000000 15.000000 0.000000 0.000000 0.000000 0.000000 15696005549.787317 140339935959.605499
18.000000 2.000000 15.000000 0.000000 0.000000 0.000000 0.000000 22655618897.641083 199160959385.314575
18.000000 3.000000 15.000000 0.000000 0.000000 0.000000 0.000000 28674761364.588287 246272085188.266693
18.000000 4.000000 15.000000 0.000000 0.000000 0.000000 0.000000 33621151342.664223 280521073963.217407
18.000000 5.000000 15.000000 0.000000 0.000000 0.000000 0.000000 37469278989.598122 302367838531.580933
18.000000 6.000000 15.000000 0.000000 102.000000 204.000000 1.000000 40281097515.997635 313576186646.931519
18.000000 7.000000 15.000000 0.000000 102.000000 204.000000 2.000000 42173612702.508888 316699166033.781189
18.000000 8.000000 15.000000 0.000000 102.000000 204.000000 2.000000 43281121661.313614 314478490272.254211
18.000000 9.000000 15.000000 0.000000 102.000000 204.000000 3.000000 43719801175.412102 309279548220.590332
18.000000 10.000000 15.000000 0.000000 102.000000 204.000000 3.000000 43560824617.402069 302659917740.109070
18.000000 11.000000 15.000000 0.000000 102.000000 204.000000 3.000000 42815971184.298454 295132775800.602295
18.000000 12.000000 15.000000 0.000000 102.000000 204.000000 3.000000 41437440069.165291 286148967314.793518
18.000000 13.000000 15.000000 0.000000 102.000000 204.000000 3.000000 39331549165.901009 274288378262.152283
18.000000 14.000000 15.000000 0.000000 0.000000 0.000000 0.000000 36384156419.038239 257624394712.345764
18.000000 15.000000 15.000000 0.000000 0.000000 0.000000 0.000000 32493778807.390541 234199966775.898346
18.000000 16.000000 15.000000 0.000000 0.000000 0.000000 0.000000 27606688705.657185 202533829740.930969
18.000000 17.000000 15.000000 0.000000 0.000000 0.000000 0.000000 21747019494.015060 162059872590.563751
18.000000 18.000000 15.000000 0.000000 0.000000 0.000000 0.000000 15034899483.249161 113403948410.784760
18.000000 19.000000 15.000000 0.000000 0.000000 0.000000 0.000000 7687332190.068552 58425692965.836967
19.000000 0.000000 15.000000 0.000000 0.000000 0.000000 0.000000 4135053408.872691 37685070708.616898
19.000000 1.000000 15.000000 0.000000 0.000000 0.000000 0.000000 8077451691.849349 72882177770.273239
19.000000 2.000000 15.000000 0.000000 0.000000 0.000000 0.000000 11659456232.802238 103481009293.552094
19.000000 3.000000 15.000000 0.000000 0.000000 0.000000 0.000000 14757880195.906687 128046332435.082321
19.000000 4.000000 15.000000 0.000000 0.000000 0.000000 0.000000 17304568813.342937 145975718685.225037
19.000000 5.000000 15.000000 0.000000 0.000000 0.000000 0.000000 19286192526.630825 157492997998.025208
19.000000 6.000000 15.000000 0.000000 0.000000 0.000000 0.000000 20734343159.444290 163491145743.555969
19.000000 7.000000 15.000000 0.000000 0.000000 0.000000 0.000000 21708912248.732098 165269576358.049774
19.000000 8.000000 15.000000 0.000000 0.000000 0.000000 0.000000 22278726689.638157 164227283961.225525
19.000000 9.000000 15.000000 0.000000 0.000000 0.000000 0.000000 22503394265.008160 161574065611.830627
19.000000 10.000000 15.000000 0.000000 0.000000 0.000000 0.000000 22419520819.841980 158109777512.010712
19.000000 11.000000 15.000000 0.000000 0.000000 0.000000 0.000000 22033331647.857876 154103197415.417114
19.000000 12.000000 15.000000 0.000000 0.000000 0.000000 0.000000 21320567224.327274 149282499908.032684
19.000000 13.000000 15.000000 0.000000 0.000000 0.000000 0.000000 20233491507.938137 142932669140.626587
19.000000 14.000000 15.000000 0.000000 0.000000 0.000000 0.000000 18713896962.101440 134080972747.082153
19.000000 15.000000 15.000000 0.000000 0.000000 0.000000 0.000000 16710058586.959291 121739459019.410385
19.000000 16.000000 15.000000 0.000000 0.000000 0.000000 0.000000 14194698679.054840 105162533481.435272
19.000000 17.000000 15.000000 0.000000 0.000000 0.000000 0.000000 11180402727.798241 84070479986.842590
19.000000 18.000000 15.000000 0.000000 0.000000 0.000000 0.000000 7728908550.465141 58790187277.577927
19.000000 19.000000 15.000000 0.000000 0.000000 0.000000 0.000000 3951561579.208728 30276305995.126335
