# i (x-axis) 
#  j (y-axis) 
#  k (z-axis) 
#  RGB (R) 
#  RGB (G) 
#  RGB (B) 
#  number per voxel 
#  glucose 
#  oxygen
0.000000 0.000000 10.000000 0.000000 0.000000 0.000000 0.000000 4908142390335.064453 38180903090735.937500
0.000000 1.000000 10.000000 0.000000 0.000000 0.000000 0.000000 9653668231917.324219 74774175541441.984375
0.000000 2.000000 10.000000 0.000000 0.000000 0.000000 0.000000 14088381542782.859375 108375485248464.125000
0.000000 3.000000 10.000000 0.000000 0.000000 0.000000 0.000000 18090394892284.597656 137913470341449.000000
0.000000 4.000000 10.000000 0.000000 0.000000 0.000000 0.000000 21571485570039.578125 162739035845019.812500
0.000000 5.000000 10.000000 0.000000 0.000000 0.000000 0.000000 24478857872120.773438 182639677985451.062500
0.000000 6.000000 10.000000 0.000000 0.000000 0.000000 0.000000 26791370967926.824219 197778933833489.125000
0.000000 7.000000 10.000000 0.000000 0.000000 0.000000 0.000000 28511351846237.359375 208575216398353.937500
0.000000 8.000000 10.000000 0.000000 0.000000 0.000000 0.000000 29653902568501.332031 215545263631482.312500
0.000000 9.000000 10.000000 0.000000 0.000000 0.000000 0.000000 30236001020720.613281 219143457169380.718750
0.000000 10.000000 10.000000 0.000000 0.000000 0.000000 0.000000 30267646207148.917969 219628652858807.312500
0.000000 11.000000 10.000000 0.000000 0.000000 0.000000 0.000000 29746851860592.292969 216985103976255.687500
0.000000 12.000000 10.000000 0.000000 0.000000 0.000000 0.000000 28659537105924.921875 210914391745871.250000
0.000000 13.000000 10.000000 0.000000 0.000000 0.000000 0.000000 26984422416660.132812 200902339640183.375000
0.000000 14.000000 10.000000 0.000000 0.000000 0.000000 0.000000 24702055356231.234375 186350487136276.812500
0.000000 15.000000 10.000000 0.000000 0.000000 0.000000 0.000000 21806220881114.687500 166748142189107.875000
0.000000 16.000000 10.000000 0.000000 0.000000 0.000000 0.000000 18315397936481.226562 141850987761303.468750
0.000000 17.000000 10.000000 0.000000 0.000000 0.000000 0.000000 14281751341292.859375 111828267680866.000000
0.000000 18.000000 10.000000 0.000000 0.000000 0.000000 0.000000 9795481081808.023438 77344476739210.937500
0.000000 19.000000 10.000000 0.000000 0.000000 0.000000 0.000000 4983176131260.576172 39553367051344.109375
1.000000 0.000000 10.000000 0.000000 0.000000 0.000000 0.000000 9604989284255.667969 74032910748735.625000
1.000000 1.000000 10.000000 0.000000 0.000000 0.000000 0.000000 18891534598330.242188 144967212875648.437500
1.000000 2.000000 10.000000 0.000000 0.000000 0.000000 0.000000 27569456364796.164062 210064079041361.125000
1.000000 3.000000 10.000000 0.000000 0.000000 0.000000 0.000000 35400138320305.390625 267238120329729.937500
1.000000 4.000000 10.000000 0.000000 0.000000 0.000000 0.000000 42210941384575.195312 315232347213098.312500
1.000000 5.000000 10.000000 0.000000 0.000000 0.000000 0.000000 47898650657999.695312 353645792953823.812500
1.000000 6.000000 10.000000 0.000000 0.000000 0.000000 0.000000 52422072982600.265625 382814080017517.875000
1.000000 7.000000 10.000000 0.000000 0.000000 0.000000 0.000000 55785981028099.585938 403571052661333.000000
1.000000 8.000000 10.000000 0.000000 0.000000 0.000000 0.000000 58020148080363.031250 416941120185124.250000
1.000000 9.000000 10.000000 0.000000 0.000000 0.000000 0.000000 59157981641848.906250 423823728091392.187500
1.000000 10.000000 10.000000 0.000000 0.000000 0.000000 0.000000 59219168460145.890625 424732045569107.750000
1.000000 11.000000 10.000000 0.000000 0.000000 0.000000 0.000000 58199865376330.328125 419637939279122.625000
1.000000 12.000000 10.000000 0.000000 0.000000 0.000000 0.000000 56072489029968.765625 407956280605419.125000
1.000000 13.000000 10.000000 0.000000 0.000000 0.000000 0.000000 52795313339839.382812 388676244066912.875000
1.000000 14.000000 10.000000 0.000000 0.000000 0.000000 0.000000 48330156034386.234375 360619052488759.500000
1.000000 15.000000 10.000000 0.000000 0.000000 0.000000 0.000000 42664732697332.500000 322775121067802.000000
1.000000 16.000000 10.000000 0.000000 0.000000 0.000000 0.000000 35835097127775.000000 274653952520632.000000
1.000000 17.000000 10.000000 0.000000 0.000000 0.000000 0.000000 27943250882430.820312 216572467266684.062500
1.000000 18.000000 10.000000 0.000000 0.000000 0.000000 0.000000 19165659236017.796875 149815130396898.406250
1.000000 19.000000 10.000000 0.000000 0.000000 0.000000 0.000000 9750027253568.533203 76622516350915.171875
2.000000 0.000000 10.000000 0.000000 0.000000 0.000000 0.000000 13905264676866.824219 105583410961823.734375
2.000000 1.000000 10.000000 0.000000 0.000000 0.000000 0.000000 27348978818203.699219 206699080875179.000000
2.000000 2.000000 10.000000 0.000000 0.000000 0.000000 0.000000 39910620520369.679688 299402827018908.000000
2.000000 3.000000 10.000000 0.000000 0.000000 0.000000 0.000000 51244513408831.140625 380701075627120.250000
2.000000 4.000000 10.000000 0.000000 0.000000 0.000000 0.000000 61100739578543.046875 448804738288459.625000
2.000000 5.000000 10.000000 0.000000 0.000000 0.000000 0.000000 69330126295339.601562 503168262959001.500000
2.000000 6.000000 10.000000 0.000000 0.000000 0.000000 0.000000 75873479153371.890625 544314480727489.125000
2.000000 7.000000 10.000000 0.000000 0.000000 0.000000 0.000000 80738253592874.296875 573486489475348.500000
2.000000 8.000000 10.000000 0.000000 0.000000 0.000000 0.000000 83968104768936.812500 592199111580361.750000
2.000000 9.000000 10.000000 0.000000 102.000000 204.000000 3.000000 85611863580115.828125 601779452739047.875000
2.000000 10.000000 10.000000 0.000000 102.000000 204.000000 1.000000 85698345185769.359375 602986854170236.250000
2.000000 11.000000 10.000000 0.000000 102.000000 204.000000 2.000000 84222117671002.828125 595787748925615.500000
2.000000 12.000000 10.000000 0.000000 0.000000 0.000000 0.000000 81143204712292.375000 579333134374191.875000
2.000000 13.000000 10.000000 0.000000 0.000000 0.000000 0.000000 76401017647886.125000 552149446674432.625000
2.000000 14.000000 10.000000 0.000000 0.000000 0.000000 0.000000 69940015744468.304688 512512746818989.875000
2.000000 15.000000 10.000000 0.000000 0.000000 0.000000 0.000000 61742126423567.742188 458937823950347.125000
2.000000 16.000000 10.000000 0.000000 0.000000 0.000000 0.000000 51859280581002.593750 390685583349698.875000
2.000000 17.000000 10.000000 0.000000 0.000000 0.000000 0.000000 40438936859229.398438 308181135884513.375000
2.000000 18.000000 10.000000 0.000000 0.000000 0.000000 0.000000 27736421904362.417969 213246231295217.687500
2.000000 19.000000 10.000000 0.000000 0.000000 0.000000 0.000000 14110258455218.941406 109083416845113.437500
3.000000 0.000000 10.000000 0.000000 0.000000 0.000000 0.000000 17670270915202.652344 131494663691516.312500
3.000000 1.000000 10.000000 0.000000 0.000000 0.000000 0.000000 34753010079424.953125 257339185281144.500000
3.000000 2.000000 10.000000 0.000000 0.000000 0.000000 0.000000 50713027183393.046875 372553797844378.625000
3.000000 3.000000 10.000000 0.000000 0.000000 0.000000 0.000000 65110607760970.750000 473375435207828.500000
3.000000 4.000000 10.000000 0.000000 0.000000 0.000000 0.000000 77628174379802.781250 557581570362120.937500
3.000000 5.000000 10.000000 0.000000 0.000000 0.000000 0.000000 88076618652610.218750 624538292725509.750000
3.000000 6.000000 10.000000 0.000000 102.000000 204.000000 2.000000 96381528564803.437500 674973792833305.750000
3.000000 7.000000 10.000000 0.000000 102.000000 204.000000 2.000000 102553390754574.453125 710530605499108.500000
3.000000 8.000000 10.000000 0.000000 102.000000 204.000000 2.000000 106648716276279.234375 733189986768524.500000
3.000000 9.000000 10.000000 0.000000 102.000000 204.000000 6.000000 108730449270952.343750 744683295597895.500000
3.000000 10.000000 10.000000 0.000000 102.000000 204.000000 8.000000 108835832060299.000000 746005853320649.125000
3.000000 11.000000 10.000000 0.000000 102.000000 204.000000 3.000000 106958262002626.218750 737129469818072.500000
3.000000 12.000000 10.000000 0.000000 102.000000 204.000000 3.000000 103046921884612.250000 716974034412496.875000
3.000000 13.000000 10.000000 0.000000 102.000000 204.000000 3.000000 97024546567658.078125 683651342278040.375000
3.000000 14.000000 10.000000 0.000000 102.000000 204.000000 8.000000 88820124534173.328125 634942302750892.500000
3.000000 15.000000 10.000000 0.000000 0.000000 0.000000 0.000000 78410195027045.296875 568920124452555.375000
3.000000 16.000000 10.000000 0.000000 0.000000 0.000000 0.000000 65860275066309.156250 484596438423689.500000
3.000000 17.000000 10.000000 0.000000 0.000000 0.000000 0.000000 51357347990107.507812 382453675677327.687500
3.000000 18.000000 10.000000 0.000000 0.000000 0.000000 0.000000 35225566544810.218750 264741474759375.843750
3.000000 19.000000 10.000000 0.000000 0.000000 0.000000 0.000000 17920311060325.296875 135457825789998.328125
4.000000 0.000000 10.000000 0.000000 0.000000 0.000000 0.000000 20818967792811.593750 151207652658195.156250
4.000000 1.000000 10.000000 0.000000 0.000000 0.000000 0.000000 40944079577241.312500 295789755522839.625000
4.000000 2.000000 10.000000 0.000000 0.000000 0.000000 0.000000 59743469540995.976562 427918704471539.625000
4.000000 3.000000 10.000000 0.000000 0.000000 0.000000 0.000000 76698337788582.265625 543214457431913.562500
4.000000 4.000000 10.000000 0.000000 0.000000 0.000000 0.000000 91434499490038.750000 639128276615857.500000
4.000000 5.000000 10.000000 0.000000 102.000000 204.000000 1.000000 103729840520173.328125 714997283332580.500000
4.000000 6.000000 10.000000 0.000000 102.000000 204.000000 2.000000 113497952174477.750000 771771766114797.500000
4.000000 7.000000 10.000000 0.000000 102.000000 204.000000 4.000000 120752788297291.343750 811479532410579.500000
4.000000 8.000000 10.000000 0.000000 102.000000 204.000000 8.000000 125562586751464.000000 836539146392059.125000
4.000000 9.000000 10.000000 104.000000 24.000000 24.000000 6.000000 128002963815414.296875 849059083361566.000000
4.000000 10.000000 10.000000 0.000000 102.000000 204.000000 6.000000 128118861097141.187500 850259976872835.000000
4.000000 11.000000 10.000000 0.000000 102.000000 204.000000 7.000000 125903073758759.187500 840133650042151.625000
4.000000 12.000000 10.000000 0.000000 102.000000 204.000000 9.000000 121295819294482.937500 817409742354139.125000
4.000000 13.000000 10.000000 104.000000 24.000000 24.000000 5.000000 114205754854712.500000 779844641704828.375000
4.000000 14.000000 10.000000 0.000000 102.000000 204.000000 4.000000 104548637138926.703125 724786021245980.875000
4.000000 15.000000 10.000000 0.000000 102.000000 204.000000 4.000000 92296118066520.734375 649909276626857.500000
4.000000 16.000000 10.000000 0.000000 0.000000 0.000000 0.000000 77524670876455.968750 553980565512933.000000
4.000000 17.000000 10.000000 0.000000 0.000000 0.000000 0.000000 60453944733714.976562 437485489322361.187500
4.000000 18.000000 10.000000 0.000000 0.000000 0.000000 0.000000 41465299646899.492188 302979780261562.812500
4.000000 19.000000 10.000000 0.000000 0.000000 0.000000 0.000000 21094804386384.562500 155069010172062.718750
5.000000 0.000000 10.000000 0.000000 0.000000 0.000000 0.000000 23327952757760.773438 164928593913403.375000
5.000000 1.000000 10.000000 0.000000 0.000000 0.000000 0.000000 45876071471389.226562 322459825480826.125000
5.000000 2.000000 10.000000 0.000000 0.000000 0.000000 0.000000 66934438537496.015625 466102176109016.000000
5.000000 3.000000 10.000000 0.000000 0.000000 0.000000 0.000000 85920645643160.406250 591006600372284.250000
5.000000 4.000000 10.000000 0.000000 102.000000 204.000000 4.000000 102415341418499.234375 694400053295786.500000
5.000000 5.000000 10.000000 0.000000 102.000000 204.000000 3.000000 116170583412252.046875 775644192552092.500000
5.000000 6.000000 10.000000 0.000000 102.000000 204.000000 5.000000 127091311497919.562500 835922176652495.750000
5.000000 7.000000 10.000000 104.000000 24.000000 24.000000 8.000000 135195421242314.984375 877627544084796.875000
5.000000 8.000000 10.000000 104.000000 24.000000 24.000000 4.000000 140561749190108.375000 903582998541013.250000
5.000000 9.000000 10.000000 0.000000 102.000000 204.000000 2.000000 143277154743534.937500 916244969709874.375000
5.000000 10.000000 10.000000 104.000000 24.000000 24.000000 3.000000 143393612209081.625000 917049217295678.000000
5.000000 11.000000 10.000000 104.000000 24.000000 24.000000 8.000000 140904011659614.406250 906025382123629.500000
5.000000 12.000000 10.000000 104.000000 24.000000 24.000000 3.000000 135741669135741.968750 881759364695960.750000
5.000000 13.000000 10.000000 104.000000 24.000000 24.000000 8.000000 127803976703134.593750 841718921998258.250000
5.000000 14.000000 10.000000 0.000000 102.000000 204.000000 7.000000 116995882228789.531250 782888913379779.250000
5.000000 15.000000 10.000000 0.000000 102.000000 204.000000 2.000000 103284738204729.062500 702599037974887.250000
5.000000 16.000000 10.000000 0.000000 102.000000 204.000000 6.000000 86755269254684.046875 599380844731562.750000
5.000000 17.000000 10.000000 0.000000 0.000000 0.000000 0.000000 67652645600278.390625 473673815750927.687500
5.000000 18.000000 10.000000 0.000000 0.000000 0.000000 0.000000 46403297727186.429688 328220118062717.562500
5.000000 19.000000 10.000000 0.000000 0.000000 0.000000 0.000000 23607077410326.378906 168044454473367.062500
6.000000 0.000000 10.000000 0.000000 0.000000 0.000000 0.000000 25221319510784.367188 173472808164947.437500
6.000000 1.000000 10.000000 0.000000 0.000000 0.000000 0.000000 49596387764531.578125 338958684633389.875000
6.000000 2.000000 10.000000 0.000000 0.000000 0.000000 0.000000 72355135026695.781250 489465695823986.625000
6.000000 3.000000 10.000000 0.000000 102.000000 204.000000 3.000000 92866410239698.484375 619805126447582.750000
6.000000 4.000000 10.000000 0.000000 102.000000 204.000000 2.000000 110676671288196.921875 727065382141058.000000
6.000000 5.000000 10.000000 0.000000 102.000000 204.000000 3.000000 125519017697214.000000 810673003620154.750000
6.000000 6.000000 10.000000 104.000000 24.000000 24.000000 3.000000 137292924085702.359375 872044851444493.625000
6.000000 7.000000 10.000000 104.000000 24.000000 24.000000 5.000000 146020663814451.812500 913913880165543.125000
6.000000 8.000000 10.000000 104.000000 24.000000 24.000000 4.000000 151790588293639.468750 939469852447610.625000
6.000000 9.000000 10.000000 104.000000 24.000000 24.000000 7.000000 154699457765492.656250 951486460998454.875000
6.000000 10.000000 10.000000 104.000000 24.000000 24.000000 2.000000 154805706623428.250000 951604718312618.125000
6.000000 11.000000 10.000000 104.000000 24.000000 24.000000 5.000000 152103094379714.218750 939911571229330.625000
6.000000 12.000000 10.000000 104.000000 24.000000 24.000000 4.000000 146520151793247.437500 914898459046930.375000
6.000000 13.000000 10.000000 104.000000 24.000000 24.000000 4.000000 137945853714476.593750 873815100689089.125000
6.000000 14.000000 10.000000 104.000000 24.000000 24.000000 4.000000 126276803172107.984375 813359058535011.125000
6.000000 15.000000 10.000000 0.000000 102.000000 204.000000 27.000000 111476721222250.281250 730573251887623.250000
6.000000 16.000000 10.000000 0.000000 102.000000 204.000000 3.000000 93636034719736.171875 623774494249714.875000
6.000000 17.000000 10.000000 0.000000 102.000000 204.000000 5.000000 73018552674500.093750 493318493435111.375000
6.000000 18.000000 10.000000 0.000000 0.000000 0.000000 0.000000 50084026042683.679688 342028626505586.250000
6.000000 19.000000 10.000000 0.000000 0.000000 0.000000 0.000000 25479692734549.820312 175177324288349.875000
7.000000 0.000000 10.000000 0.000000 0.000000 0.000000 0.000000 26553429707195.277344 178010213302520.593750
7.000000 1.000000 10.000000 0.000000 0.000000 0.000000 0.000000 52212086281198.500000 347595727661528.562500
7.000000 2.000000 10.000000 0.000000 0.000000 0.000000 0.000000 76162109821252.640625 501398770577443.125000
7.000000 3.000000 10.000000 0.000000 102.000000 204.000000 3.000000 97737168975305.937500 633994247184345.250000
7.000000 4.000000 10.000000 0.000000 102.000000 204.000000 4.000000 116459506763885.750000 742395668762712.000000
7.000000 5.000000 10.000000 104.000000 24.000000 24.000000 3.000000 132049460312655.765625 826117276760389.250000
7.000000 6.000000 10.000000 104.000000 24.000000 24.000000 7.000000 144403850811641.062500 886797638182673.250000
7.000000 7.000000 10.000000 104.000000 24.000000 24.000000 5.000000 153549628454424.062500 927474296499594.250000
7.000000 8.000000 10.000000 104.000000 24.000000 24.000000 3.000000 159583590055509.312500 951661983316721.750000
7.000000 9.000000 10.000000 104.000000 24.000000 24.000000 6.000000 162611129819338.281250 962418392692671.500000
7.000000 10.000000 10.000000 104.000000 24.000000 24.000000 4.000000 162696629971844.093750 961578724172644.250000
7.000000 11.000000 10.000000 104.000000 24.000000 24.000000 5.000000 159835492948641.187500 949306118715343.875000
7.000000 12.000000 10.000000 104.000000 24.000000 24.000000 5.000000 153953511446447.500000 924046551880418.250000
7.000000 13.000000 10.000000 104.000000 24.000000 24.000000 5.000000 144933990238614.781250 882902712655435.125000
7.000000 14.000000 10.000000 104.000000 24.000000 24.000000 7.000000 132667592325759.281250 822362502187570.000000
7.000000 15.000000 10.000000 0.000000 102.000000 204.000000 6.000000 117115154670040.984375 739246255357790.625000
7.000000 16.000000 10.000000 0.000000 102.000000 204.000000 10.000000 98370575781363.125000 631685938606488.375000
7.000000 17.000000 10.000000 0.000000 102.000000 204.000000 1.000000 76710060280998.203125 499931870256099.875000
7.000000 18.000000 10.000000 0.000000 0.000000 0.000000 0.000000 52615929725730.390625 346806088005199.687500
7.000000 19.000000 10.000000 0.000000 0.000000 0.000000 0.000000 26767757664294.503906 177686318244586.250000
8.000000 0.000000 10.000000 0.000000 0.000000 0.000000 0.000000 27388704037805.218750 179771857695949.343750
8.000000 1.000000 10.000000 0.000000 0.000000 0.000000 0.000000 53850138729296.859375 350803396159637.187500
8.000000 2.000000 10.000000 0.000000 0.000000 0.000000 0.000000 78541281580587.968750 505477197027941.750000
8.000000 3.000000 10.000000 0.000000 102.000000 204.000000 5.000000 100772697555558.421875 638209133689227.000000
8.000000 4.000000 10.000000 0.000000 102.000000 204.000000 7.000000 120051227061557.203125 745978928649174.375000
8.000000 5.000000 10.000000 104.000000 24.000000 24.000000 9.000000 136089823259782.171875 828392804996191.500000
8.000000 6.000000 10.000000 104.000000 24.000000 24.000000 7.000000 148784969393150.750000 887284704234065.125000
8.000000 7.000000 10.000000 104.000000 24.000000 24.000000 2.000000 158168349329231.750000 925951506902918.500000
8.000000 8.000000 10.000000 0.000000 0.000000 0.000000 0.000000 164344055824557.656250 948183590090756.000000
8.000000 9.000000 10.000000 104.000000 24.000000 24.000000 6.000000 167424835238722.000000 957284350591296.000000
8.000000 10.000000 10.000000 104.000000 24.000000 24.000000 2.000000 167480473934405.937500 955268252914225.750000
8.000000 11.000000 10.000000 104.000000 24.000000 24.000000 3.000000 164508694834023.093750 942390114852974.125000
8.000000 12.000000 10.000000 104.000000 24.000000 24.000000 3.000000 158434437238144.250000 917096329654019.875000
8.000000 13.000000 10.000000 104.000000 24.000000 24.000000 6.000000 149137901315586.968750 876411318429771.125000
8.000000 14.000000 10.000000 104.000000 24.000000 24.000000 5.000000 136506105172263.484375 816690899211644.375000
8.000000 15.000000 10.000000 104.000000 24.000000 24.000000 3.000000 120497829906854.015625 734600992370901.625000
8.000000 16.000000 10.000000 0.000000 102.000000 204.000000 9.000000 101208608435988.843750 628128584191677.500000
8.000000 17.000000 10.000000 0.000000 102.000000 204.000000 4.000000 78921600754165.812500 497414572114624.812500
8.000000 18.000000 10.000000 0.000000 0.000000 0.000000 0.000000 54132208148141.578125 345223040144765.125000
8.000000 19.000000 10.000000 0.000000 0.000000 0.000000 0.000000 27538982712310.523438 176928421132875.343750
9.000000 0.000000 10.000000 0.000000 0.000000 0.000000 0.000000 27782570953828.605469 179776732781498.500000
9.000000 1.000000 10.000000 0.000000 0.000000 0.000000 0.000000 54619942272517.281250 350599533975513.375000
9.000000 2.000000 10.000000 0.000000 102.000000 204.000000 2.000000 79653187834884.734375 504677714956628.250000
9.000000 3.000000 10.000000 0.000000 102.000000 204.000000 2.000000 102180645166400.968750 636326348791593.250000
9.000000 4.000000 10.000000 104.000000 24.000000 24.000000 10.000000 121701583836624.812500 742514510693887.500000
9.000000 5.000000 10.000000 104.000000 24.000000 24.000000 12.000000 137926210240543.296875 822928344766710.375000
9.000000 6.000000 10.000000 104.000000 24.000000 24.000000 5.000000 150752469143172.062500 879556497752451.125000
9.000000 7.000000 10.000000 104.000000 24.000000 24.000000 8.000000 160216501572590.500000 915897775919071.750000
9.000000 8.000000 10.000000 104.000000 24.000000 24.000000 7.000000 166428334897823.250000 935958790645971.375000
9.000000 9.000000 10.000000 104.000000 24.000000 24.000000 6.000000 169506629216247.406250 943241966128634.750000
9.000000 10.000000 10.000000 104.000000 24.000000 24.000000 4.000000 169525873856489.468750 939918970364446.750000
9.000000 11.000000 10.000000 104.000000 24.000000 24.000000 3.000000 166486599693162.593750 926345521858673.625000
9.000000 12.000000 10.000000 104.000000 24.000000 24.000000 7.000000 160314557874140.218750 901008948329199.875000
9.000000 13.000000 10.000000 104.000000 24.000000 24.000000 3.000000 150889203456432.593750 860920265184524.875000
9.000000 14.000000 10.000000 104.000000 24.000000 24.000000 4.000000 138096090627393.828125 802379516873697.250000
9.000000 15.000000 10.000000 0.000000 102.000000 204.000000 2.000000 121892851724590.203125 721969350992286.875000
9.000000 16.000000 10.000000 104.000000 24.000000 24.000000 8.000000 102375192434428.953125 617580570331225.500000
9.000000 17.000000 10.000000 0.000000 102.000000 204.000000 7.000000 79828542199123.359375 489256889642552.937500
9.000000 18.000000 10.000000 0.000000 102.000000 204.000000 3.000000 54753061615762.507812 339672041253972.687500
9.000000 19.000000 10.000000 0.000000 0.000000 0.000000 0.000000 27854488264950.304688 174120259557105.312500
10.000000 0.000000 10.000000 0.000000 0.000000 0.000000 0.000000 27766966524370.707031 178626371244559.718750
10.000000 1.000000 10.000000 0.000000 0.000000 0.000000 0.000000 54584759085265.953125 348182466174704.812500
10.000000 2.000000 10.000000 0.000000 102.000000 204.000000 4.000000 79591209381501.375000 500784916014328.062500
10.000000 3.000000 10.000000 0.000000 102.000000 204.000000 9.000000 102082730942193.875000 630698628876161.125000
10.000000 4.000000 10.000000 104.000000 24.000000 24.000000 6.000000 121558317632568.328125 734895473713577.375000
10.000000 5.000000 10.000000 104.000000 24.000000 24.000000 6.000000 137729575110437.828125 813117875421510.500000
10.000000 6.000000 10.000000 104.000000 24.000000 24.000000 11.000000 150497268821090.750000 867455698611046.500000
10.000000 7.000000 10.000000 104.000000 24.000000 24.000000 6.000000 159901330890655.812500 901539055595446.375000
10.000000 8.000000 10.000000 104.000000 24.000000 24.000000 3.000000 166056017213188.250000 919518605777544.625000
10.000000 9.000000 10.000000 104.000000 24.000000 24.000000 6.000000 169084153113067.062500 925037412030094.000000
10.000000 10.000000 10.000000 104.000000 24.000000 24.000000 7.000000 169063944139098.750000 920392013845756.625000
10.000000 11.000000 10.000000 104.000000 24.000000 24.000000 7.000000 165998951449867.062500 906039639049671.750000
10.000000 12.000000 10.000000 104.000000 24.000000 24.000000 4.000000 159817167004211.312500 880542315106190.250000
10.000000 13.000000 10.000000 104.000000 24.000000 24.000000 5.000000 150399478268757.750000 840958006736998.250000
10.000000 14.000000 10.000000 104.000000 24.000000 24.000000 2.000000 137632071712269.656250 783605686648968.500000
10.000000 15.000000 10.000000 104.000000 24.000000 24.000000 6.000000 121472405572079.703125 705058063173820.875000
10.000000 16.000000 10.000000 104.000000 24.000000 24.000000 8.000000 102015173368181.281250 603165515992054.000000
10.000000 17.000000 10.000000 0.000000 102.000000 204.000000 9.000000 79543918376066.218750 477899321593969.500000
10.000000 18.000000 10.000000 0.000000 102.000000 204.000000 5.000000 54556042202043.023438 331828786589423.750000
10.000000 19.000000 10.000000 0.000000 0.000000 0.000000 0.000000 27753730794555.421875 170114743573719.093750
11.000000 0.000000 10.000000 0.000000 0.000000 0.000000 0.000000 27342643942777.453125 176397353949870.843750
11.000000 1.000000 10.000000 0.000000 0.000000 0.000000 0.000000 53746532564728.765625 343718066111897.250000
11.000000 2.000000 10.000000 0.000000 102.000000 204.000000 4.000000 78359275601583.093750 494076937891517.625000
11.000000 3.000000 10.000000 0.000000 102.000000 204.000000 4.000000 100485883845947.140625 621745202336591.000000
11.000000 4.000000 10.000000 104.000000 24.000000 24.000000 5.000000 119632411980665.140625 723711325838725.000000
11.000000 5.000000 10.000000 104.000000 24.000000 24.000000 8.000000 135515872768755.031250 799745181404866.625000
11.000000 6.000000 10.000000 104.000000 24.000000 24.000000 5.000000 148040920586899.000000 851974490753858.875000
11.000000 7.000000 10.000000 104.000000 24.000000 24.000000 5.000000 157250217185406.375000 884077025117610.500000
11.000000 8.000000 10.000000 104.000000 24.000000 24.000000 4.000000 163260098474792.937500 900260916715503.625000
11.000000 9.000000 10.000000 104.000000 24.000000 24.000000 1.000000 166195371746695.781250 904237409432551.125000
11.000000 10.000000 10.000000 104.000000 24.000000 24.000000 2.000000 166136587872758.750000 898383137070558.375000
11.000000 11.000000 10.000000 104.000000 24.000000 24.000000 3.000000 163090254139411.250000 883247441841469.750000
11.000000 12.000000 10.000000 104.000000 24.000000 24.000000 6.000000 156987815506077.125000 857493632845485.750000
11.000000 13.000000 10.000000 104.000000 24.000000 24.000000 6.000000 147713643608802.312500 818282700415616.250000
11.000000 14.000000 10.000000 104.000000 24.000000 24.000000 4.000000 135156614623526.906250 762025832387153.250000
11.000000 15.000000 10.000000 104.000000 24.000000 24.000000 5.000000 119275030606392.015625 685360536136968.125000
11.000000 16.000000 10.000000 0.000000 102.000000 204.000000 5.000000 100161509378276.218750 586156743255014.125000
11.000000 17.000000 10.000000 0.000000 102.000000 204.000000 6.000000 78093748613134.281250 464345039222400.062500
11.000000 18.000000 10.000000 0.000000 102.000000 204.000000 2.000000 53559138445424.914062 322385892480517.500000
11.000000 19.000000 10.000000 0.000000 0.000000 0.000000 0.000000 27245902089541.164062 165265520125227.750000
12.000000 0.000000 10.000000 0.000000 0.000000 0.000000 0.000000 26479339408931.601562 172643897858085.812500
12.000000 1.000000 10.000000 0.000000 0.000000 0.000000 0.000000 52046150524624.593750 336342954491090.000000
12.000000 2.000000 10.000000 0.000000 0.000000 0.000000 0.000000 75872099391455.593750 483325661278160.312500
12.000000 3.000000 10.000000 0.000000 102.000000 204.000000 4.000000 97282287641998.453125 607944347391091.375000
12.000000 4.000000 10.000000 0.000000 102.000000 204.000000 4.000000 115797776782282.718750 707228047332481.750000
12.000000 5.000000 10.000000 104.000000 24.000000 24.000000 3.000000 131145226158066.890625 780946963134320.250000
12.000000 6.000000 10.000000 104.000000 24.000000 24.000000 1.000000 143234145552758.250000 831197563515744.875000
12.000000 7.000000 10.000000 104.000000 24.000000 24.000000 3.000000 152108519111261.781250 861610417385209.625000
12.000000 8.000000 10.000000 104.000000 24.000000 24.000000 6.000000 157884136820705.250000 876350389571809.625000
12.000000 9.000000 10.000000 104.000000 24.000000 24.000000 5.000000 160685106665974.937500 879109830666358.625000
12.000000 10.000000 10.000000 104.000000 24.000000 24.000000 7.000000 160592524478638.656250 872287660393519.875000
12.000000 11.000000 10.000000 104.000000 24.000000 24.000000 3.000000 157615452297977.281250 856505794831587.750000
12.000000 12.000000 10.000000 104.000000 24.000000 24.000000 4.000000 151689828891224.187500 830548635081142.500000
12.000000 13.000000 10.000000 104.000000 24.000000 24.000000 2.000000 142705503405305.750000 791732655536951.375000
12.000000 14.000000 10.000000 104.000000 24.000000 24.000000 5.000000 130556104223365.343750 736633370335657.625000
12.000000 15.000000 10.000000 104.000000 24.000000 24.000000 5.000000 115201800967431.109375 662028146922519.000000
12.000000 16.000000 10.000000 0.000000 102.000000 204.000000 9.000000 96732016869178.593750 565867326278411.625000
12.000000 17.000000 10.000000 0.000000 102.000000 204.000000 6.000000 75414479348018.703125 448073233810098.187500
12.000000 18.000000 10.000000 0.000000 0.000000 0.000000 0.000000 51719013244923.468750 310993094083323.937500
12.000000 19.000000 10.000000 0.000000 0.000000 0.000000 0.000000 26309031202294.718750 159396454112355.406250
13.000000 0.000000 10.000000 0.000000 0.000000 0.000000 0.000000 25123689200542.035156 166506667294693.312500
13.000000 1.000000 10.000000 0.000000 0.000000 0.000000 0.000000 49378961869429.828125 324376602010289.937500
13.000000 2.000000 10.000000 0.000000 102.000000 204.000000 1.000000 71977690989684.781250 466101710650170.000000
13.000000 3.000000 10.000000 0.000000 102.000000 204.000000 3.000000 92278063509192.812500 586217199146685.375000
13.000000 4.000000 10.000000 0.000000 102.000000 204.000000 6.000000 109825120632364.625000 681834407763845.125000
13.000000 5.000000 10.000000 0.000000 102.000000 204.000000 3.000000 124359937083605.046875 752704721041138.125000
13.000000 6.000000 10.000000 104.000000 24.000000 24.000000 2.000000 135797929378518.765625 800823345662786.250000
13.000000 7.000000 10.000000 104.000000 24.000000 24.000000 6.000000 144182749371874.875000 829671109007197.625000
13.000000 8.000000 10.000000 104.000000 24.000000 24.000000 5.000000 149626579043310.187500 843257167223883.625000
13.000000 9.000000 10.000000 104.000000 24.000000 24.000000 5.000000 152249664866284.000000 845155009929363.000000
13.000000 10.000000 10.000000 104.000000 24.000000 24.000000 7.000000 152131437837451.000000 837716319135059.000000
13.000000 11.000000 10.000000 104.000000 24.000000 24.000000 3.000000 149282854386510.500000 821607034383434.000000
13.000000 12.000000 10.000000 104.000000 24.000000 24.000000 7.000000 143645272351636.843750 795746673893296.000000
13.000000 13.000000 10.000000 104.000000 24.000000 24.000000 2.000000 135116009388224.968750 757656659101210.875000
13.000000 14.000000 10.000000 104.000000 24.000000 24.000000 5.000000 123595538381315.562500 704147579658950.500000
13.000000 15.000000 10.000000 0.000000 102.000000 204.000000 8.000000 109046879514549.953125 632210458946180.250000
13.000000 16.000000 10.000000 0.000000 102.000000 204.000000 5.000000 91554929296699.015625 539934190102102.875000
13.000000 17.000000 10.000000 0.000000 102.000000 204.000000 3.000000 71372855002833.062500 427259880358044.875000
13.000000 18.000000 10.000000 0.000000 0.000000 0.000000 0.000000 48944605386157.179688 296408376423254.000000
13.000000 19.000000 10.000000 0.000000 0.000000 0.000000 0.000000 24896895810684.699219 151878444171352.187500
14.000000 0.000000 10.000000 0.000000 0.000000 0.000000 0.000000 23213688758121.617188 156909797062560.437500
14.000000 1.000000 10.000000 0.000000 0.000000 0.000000 0.000000 45623179700850.992188 305707323075463.125000
14.000000 2.000000 10.000000 0.000000 0.000000 0.000000 0.000000 66498722832571.453125 439334137307933.375000
14.000000 3.000000 10.000000 0.000000 102.000000 204.000000 3.000000 85246234392958.859375 552640116810137.375000
14.000000 4.000000 10.000000 0.000000 102.000000 204.000000 4.000000 101444883873565.921875 642882216585689.000000
14.000000 5.000000 10.000000 0.000000 102.000000 204.000000 6.000000 114855605783636.156250 709786327633169.375000
14.000000 6.000000 10.000000 0.000000 102.000000 204.000000 4.000000 125400999496349.796875 755180398889835.750000
14.000000 7.000000 10.000000 104.000000 24.000000 24.000000 5.000000 133122612217101.656250 782290254728182.500000
14.000000 8.000000 10.000000 104.000000 24.000000 24.000000 3.000000 138125636248263.968750 794849825800765.500000
14.000000 9.000000 10.000000 104.000000 24.000000 24.000000 2.000000 140522914969199.968750 796204873705095.000000
14.000000 10.000000 10.000000 104.000000 24.000000 24.000000 2.000000 140389680924350.250000 788581765616382.375000
14.000000 11.000000 10.000000 104.000000 24.000000 24.000000 3.000000 137737924274494.171875 772655127411642.750000
14.000000 12.000000 10.000000 104.000000 24.000000 24.000000 2.000000 132515281025755.281250 747489065578032.375000
14.000000 13.000000 10.000000 0.000000 102.000000 204.000000 2.000000 124628551174816.125000 710856610137143.750000
14.000000 14.000000 10.000000 104.000000 24.000000 24.000000 7.000000 113987167487779.031250 659871902040363.500000
14.000000 15.000000 10.000000 0.000000 102.000000 204.000000 4.000000 100557894693814.671875 591810040866517.750000
14.000000 16.000000 10.000000 0.000000 102.000000 204.000000 4.000000 84419457721908.078125 504950498574479.812500
14.000000 17.000000 10.000000 0.000000 102.000000 204.000000 4.000000 65805250840602.953125 399270077900495.250000
14.000000 18.000000 10.000000 0.000000 0.000000 0.000000 0.000000 45124061208531.625000 276835352506886.062500
14.000000 19.000000 10.000000 0.000000 0.000000 0.000000 0.000000 22952708932124.984375 141800976701143.250000
15.000000 0.000000 10.000000 0.000000 0.000000 0.000000 0.000000 20697393601472.375000 142814889959838.187500
15.000000 1.000000 10.000000 0.000000 0.000000 0.000000 0.000000 40676652432263.703125 278291050794047.625000
15.000000 2.000000 10.000000 0.000000 0.000000 0.000000 0.000000 59286164924978.687500 400036379670434.937500
15.000000 3.000000 10.000000 0.000000 102.000000 204.000000 3.000000 75995544743228.593750 503373419919394.000000
15.000000 4.000000 10.000000 0.000000 102.000000 204.000000 4.000000 90429218625933.281250 585788617564589.375000
15.000000 5.000000 10.000000 0.000000 102.000000 204.000000 6.000000 102374039909858.968750 646989995861052.875000
15.000000 6.000000 10.000000 104.000000 24.000000 24.000000 4.000000 111761347622092.203125 688580460486931.000000
15.000000 7.000000 10.000000 0.000000 102.000000 204.000000 5.000000 118628832867087.718750 713428578231586.125000
15.000000 8.000000 10.000000 104.000000 24.000000 24.000000 4.000000 123071175804352.984375 724872723619268.625000
15.000000 9.000000 10.000000 104.000000 24.000000 24.000000 8.000000 125190072815655.171875 725918992422726.000000
15.000000 10.000000 10.000000 104.000000 24.000000 24.000000 5.000000 125053842489377.734375 718586440210643.250000
15.000000 11.000000 10.000000 104.000000 24.000000 24.000000 5.000000 122674534974770.796875 703519234395809.625000
15.000000 12.000000 10.000000 104.000000 24.000000 24.000000 3.000000 118006886171837.625000 679932181391205.000000
15.000000 13.000000 10.000000 104.000000 24.000000 24.000000 6.000000 110969196546511.890625 645893353466641.125000
15.000000 14.000000 10.000000 0.000000 102.000000 204.000000 4.000000 101481953534385.203125 598884976247449.875000
15.000000 15.000000 10.000000 0.000000 102.000000 204.000000 3.000000 89516430580494.484375 536530852452212.625000
15.000000 16.000000 10.000000 0.000000 102.000000 204.000000 4.000000 75143213397973.656250 457344284765530.437500
15.000000 17.000000 10.000000 0.000000 0.000000 0.000000 0.000000 58570130257607.617188 361342090183922.500000
15.000000 18.000000 10.000000 0.000000 0.000000 0.000000 0.000000 40160654307096.546875 250391928251426.750000
15.000000 19.000000 10.000000 0.000000 0.000000 0.000000 0.000000 20427373482714.722656 128210399850107.531250
16.000000 0.000000 10.000000 0.000000 0.000000 0.000000 0.000000 17552564064457.513672 123488719723675.984375
16.000000 1.000000 10.000000 0.000000 0.000000 0.000000 0.000000 34495514944064.179688 240677920602690.437500
16.000000 2.000000 10.000000 0.000000 0.000000 0.000000 0.000000 50275719570038.945312 346074804796238.875000
16.000000 3.000000 10.000000 0.000000 0.000000 0.000000 0.000000 64442969749741.476562 435648196197406.500000
16.000000 4.000000 10.000000 0.000000 102.000000 204.000000 4.000000 76678503480089.968750 507212438680980.625000
16.000000 5.000000 10.000000 0.000000 102.000000 204.000000 4.000000 86801479408782.937500 560478292391251.000000
16.000000 6.000000 10.000000 0.000000 102.000000 204.000000 4.000000 94753764360600.593750 596776831972991.125000
16.000000 7.000000 10.000000 0.000000 102.000000 204.000000 8.000000 100567588415870.203125 618525815341284.250000
16.000000 8.000000 10.000000 0.000000 102.000000 204.000000 4.000000 104323676390579.609375 628553996491140.750000
16.000000 9.000000 10.000000 0.000000 102.000000 204.000000 4.000000 106108865262631.656250 629419728676885.875000
16.000000 10.000000 10.000000 104.000000 24.000000 24.000000 5.000000 105981844878523.656250 622854369107312.000000
16.000000 11.000000 10.000000 104.000000 24.000000 24.000000 7.000000 103953732388336.203125 609432032232572.625000
16.000000 12.000000 10.000000 0.000000 102.000000 204.000000 7.000000 99987148458906.781250 588521971062668.000000
16.000000 13.000000 10.000000 104.000000 24.000000 24.000000 7.000000 94013851169042.125000 558526502567093.250000
16.000000 14.000000 10.000000 0.000000 102.000000 204.000000 3.000000 85967378403621.625000 517354328789466.250000
16.000000 15.000000 10.000000 0.000000 102.000000 204.000000 3.000000 75824121441890.421875 463034441832410.875000
16.000000 16.000000 10.000000 0.000000 0.000000 0.000000 0.000000 63644330296857.085938 394347026522171.375000
16.000000 17.000000 10.000000 0.000000 0.000000 0.000000 0.000000 49604158820541.523438 311341007419758.500000
16.000000 18.000000 10.000000 0.000000 0.000000 0.000000 0.000000 34011207951011.085938 215626410597563.375000
16.000000 19.000000 10.000000 0.000000 0.000000 0.000000 0.000000 17299008104486.097656 110372227231245.203125
17.000000 0.000000 10.000000 0.000000 0.000000 0.000000 0.000000 13803304476090.308594 98733242208623.406250
17.000000 1.000000 10.000000 0.000000 0.000000 0.000000 0.000000 27126944709844.996094 192465463326554.812500
17.000000 2.000000 10.000000 0.000000 0.000000 0.000000 0.000000 39535692005604.125000 276831896863969.875000
17.000000 3.000000 10.000000 0.000000 0.000000 0.000000 0.000000 50675294813831.601562 348620820946991.125000
17.000000 4.000000 10.000000 0.000000 0.000000 0.000000 0.000000 60294922032234.953125 406077064861677.812500
17.000000 5.000000 10.000000 0.000000 102.000000 204.000000 5.000000 68252265767201.664062 448943362063811.312500
17.000000 6.000000 10.000000 0.000000 102.000000 204.000000 4.000000 74501588425817.593750 478244167336901.500000
17.000000 7.000000 10.000000 0.000000 102.000000 204.000000 4.000000 79068298086521.390625 495866515684011.000000
17.000000 8.000000 10.000000 0.000000 102.000000 204.000000 4.000000 82016037004225.453125 504028756700713.750000
17.000000 9.000000 10.000000 0.000000 102.000000 204.000000 4.000000 83413366918063.921875 504744475101406.375000
17.000000 10.000000 10.000000 104.000000 24.000000 24.000000 9.000000 83306838614430.875000 499384332162331.812500
17.000000 11.000000 10.000000 0.000000 102.000000 204.000000 4.000000 81705714768910.062500 488415729599764.687500
17.000000 12.000000 10.000000 0.000000 102.000000 204.000000 4.000000 78581221616518.234375 471364506872493.750000
17.000000 13.000000 10.000000 0.000000 102.000000 204.000000 3.000000 73880366812624.578125 447000844091217.125000
17.000000 14.000000 10.000000 0.000000 102.000000 204.000000 4.000000 67551531849168.046875 413709821070224.375000
17.000000 15.000000 10.000000 0.000000 0.000000 0.000000 0.000000 59576674527315.578125 369972076683944.375000
17.000000 16.000000 10.000000 0.000000 0.000000 0.000000 0.000000 50003473815528.609375 314857581760641.750000
17.000000 17.000000 10.000000 0.000000 0.000000 0.000000 0.000000 38970446230991.687500 248430419596580.218750
17.000000 18.000000 10.000000 0.000000 0.000000 0.000000 0.000000 26719124868717.843750 171977140066869.500000
17.000000 19.000000 10.000000 0.000000 0.000000 0.000000 0.000000 13589731575121.019531 88004627329020.531250
18.000000 0.000000 10.000000 0.000000 0.000000 0.000000 0.000000 9529794754547.937500 69026816220417.773438
18.000000 1.000000 10.000000 0.000000 0.000000 0.000000 0.000000 18728337918075.289062 134577609727796.625000
18.000000 2.000000 10.000000 0.000000 0.000000 0.000000 0.000000 27295057969474.671875 193616311166075.812500
18.000000 3.000000 10.000000 0.000000 0.000000 0.000000 0.000000 34985294140700.867188 243904300916572.750000
18.000000 4.000000 10.000000 0.000000 0.000000 0.000000 0.000000 41625794913933.937500 284210671116317.812500
18.000000 5.000000 10.000000 0.000000 0.000000 0.000000 0.000000 47118246662609.859375 314341472399343.125000
18.000000 6.000000 10.000000 0.000000 102.000000 204.000000 4.000000 51431029799932.015625 334991068498067.187500
18.000000 7.000000 10.000000 0.000000 102.000000 204.000000 4.000000 54581677038043.789062 347453217547551.125000
18.000000 8.000000 10.000000 0.000000 102.000000 204.000000 4.000000 56614164988223.195312 353254557609895.750000
18.000000 9.000000 10.000000 0.000000 102.000000 204.000000 4.000000 57575927585481.500000 353784584902902.125000
18.000000 10.000000 10.000000 0.000000 102.000000 204.000000 4.000000 57499273759315.257812 349993071075281.812500
18.000000 11.000000 10.000000 0.000000 102.000000 204.000000 4.000000 56390842396924.437500 342210092407411.250000
18.000000 12.000000 10.000000 0.000000 102.000000 204.000000 4.000000 54231075217804.195312 330119171604138.750000
18.000000 13.000000 10.000000 0.000000 102.000000 204.000000 3.000000 50983730367842.109375 312884983610137.562500
18.000000 14.000000 10.000000 0.000000 0.000000 0.000000 0.000000 46613509713937.898438 289408280905323.000000
18.000000 15.000000 10.000000 0.000000 0.000000 0.000000 0.000000 41108238938646.273438 258656583968651.687500
18.000000 16.000000 10.000000 0.000000 0.000000 0.000000 0.000000 34501005957330.976562 220003794441229.906250
18.000000 17.000000 10.000000 0.000000 0.000000 0.000000 0.000000 26887456439404.625000 173508451657854.562500
18.000000 18.000000 10.000000 0.000000 0.000000 0.000000 0.000000 18434178296171.320312 120070533930409.093750
18.000000 19.000000 10.000000 0.000000 0.000000 0.000000 0.000000 9375718778676.541016 61429712520502.476562
19.000000 0.000000 10.000000 0.000000 0.000000 0.000000 0.000000 4868224961469.517578 35538176794649.046875
19.000000 1.000000 10.000000 0.000000 0.000000 0.000000 0.000000 9567212867822.339844 69293509596639.234375
19.000000 2.000000 10.000000 0.000000 0.000000 0.000000 0.000000 13943398205390.025391 99708060436743.968750
19.000000 3.000000 10.000000 0.000000 0.000000 0.000000 0.000000 17871775299953.347656 125631599848897.625000
19.000000 4.000000 10.000000 0.000000 0.000000 0.000000 0.000000 21263816013286.902344 146429222305121.656250
19.000000 5.000000 10.000000 0.000000 0.000000 0.000000 0.000000 24069274099378.511719 161996508592382.843750
19.000000 6.000000 10.000000 0.000000 0.000000 0.000000 0.000000 26271977207589.859375 172683807807047.875000
19.000000 7.000000 10.000000 0.000000 0.000000 0.000000 0.000000 27880870545662.359375 179148829618221.343750
19.000000 8.000000 10.000000 0.000000 102.000000 204.000000 1.000000 28918422115112.593750 182169544908229.656250
19.000000 9.000000 10.000000 0.000000 102.000000 204.000000 3.000000 29408885822183.156250 182455233113043.625000
19.000000 10.000000 10.000000 0.000000 102.000000 204.000000 3.000000 29368813090489.425781 180491917833068.812500
19.000000 11.000000 10.000000 0.000000 102.000000 204.000000 3.000000 28801667297311.941406 176450374814206.437500
19.000000 12.000000 10.000000 0.000000 0.000000 0.000000 0.000000 27697551353123.343750 170172286708211.531250
19.000000 13.000000 10.000000 0.000000 0.000000 0.000000 0.000000 26038059215697.875000 161235273573041.125000
19.000000 14.000000 10.000000 0.000000 0.000000 0.000000 0.000000 23805267165316.890625 149082821764654.093750
19.000000 15.000000 10.000000 0.000000 0.000000 0.000000 0.000000 20993047378549.378906 133192835839351.125000
19.000000 16.000000 10.000000 0.000000 0.000000 0.000000 0.000000 17618359634132.343750 113250706995593.218750
19.000000 17.000000 10.000000 0.000000 0.000000 0.000000 0.000000 13730072153479.410156 89291065871250.218750
19.000000 18.000000 10.000000 0.000000 0.000000 0.000000 0.000000 9413236984889.816406 61777603231830.898438
19.000000 19.000000 10.000000 0.000000 0.000000 0.000000 0.000000 4787567640657.917969 31602083421027.707031
0.000000 0.000000 15.000000 0.000000 0.000000 0.000000 0.000000 3634519814319.069824 29102775819313.734375
0.000000 1.000000 15.000000 0.000000 0.000000 0.000000 0.000000 7146931497492.713867 56964515497021.718750
0.000000 2.000000 15.000000 0.000000 0.000000 0.000000 0.000000 10426141493090.025391 82489520954304.218750
0.000000 3.000000 15.000000 0.000000 0.000000 0.000000 0.000000 13381150211325.210938 104846323171114.406250
0.000000 4.000000 15.000000 0.000000 0.000000 0.000000 0.000000 15946665448059.759766 123538960724753.531250
0.000000 5.000000 15.000000 0.000000 0.000000 0.000000 0.000000 18084431045970.554688 138418870335363.687500
0.000000 6.000000 15.000000 0.000000 0.000000 0.000000 0.000000 19780307155988.953125 149637096541131.968750
0.000000 7.000000 15.000000 0.000000 0.000000 0.000000 0.000000 21037951184651.753906 157547775253079.906250
0.000000 8.000000 15.000000 0.000000 0.000000 0.000000 0.000000 21870559305902.351562 162582762817569.187500
0.000000 9.000000 15.000000 0.000000 0.000000 0.000000 0.000000 22292435773868.675781 165122386320990.000000
0.000000 10.000000 15.000000 0.000000 0.000000 0.000000 0.000000 22312127839479.007812 165387866815734.812500
0.000000 11.000000 15.000000 0.000000 0.000000 0.000000 0.000000 21928524084741.570312 163377028520025.343750
0.000000 12.000000 15.000000 0.000000 0.000000 0.000000 0.000000 21130732025553.136719 158857077306437.437500
0.000000 13.000000 15.000000 0.000000 0.000000 0.000000 0.000000 19901822205270.457031 151417646799656.875000
0.000000 14.000000 15.000000 0.000000 0.000000 0.000000 0.000000 18225763473634.933594 140575567928501.218750
0.000000 15.000000 15.000000 0.000000 0.000000 0.000000 0.000000 16096202295298.072266 125911910445347.453125
0.000000 16.000000 15.000000 0.000000 0.000000 0.000000 0.000000 13525284611398.136719 107213965361833.718750
0.000000 17.000000 15.000000 0.000000 0.000000 0.000000 0.000000 10550591344104.666016 84591980805110.015625
0.000000 18.000000 15.000000 0.000000 0.000000 0.000000 0.000000 7238520455542.318359 58543869466836.375000
0.000000 19.000000 15.000000 0.000000 0.000000 0.000000 0.000000 3683084945476.190430 29950708616757.828125
1.000000 0.000000 15.000000 0.000000 0.000000 0.000000 0.000000 7114402022450.929688 56531943013111.031250
1.000000 1.000000 15.000000 0.000000 0.000000 0.000000 0.000000 13989628620229.085938 110638101951279.625000
1.000000 2.000000 15.000000 0.000000 0.000000 0.000000 0.000000 20408099380056.875000 160178290947324.187500
1.000000 3.000000 15.000000 0.000000 0.000000 0.000000 0.000000 26191628188822.832031 203531453469708.843750
1.000000 4.000000 15.000000 0.000000 0.000000 0.000000 0.000000 31212424509451.781250 239735479497870.968750
1.000000 5.000000 15.000000 0.000000 0.000000 0.000000 0.000000 35395691314345.796875 268510180173383.937500
1.000000 6.000000 15.000000 0.000000 0.000000 0.000000 0.000000 38713892004508.148438 290162918846568.125000
1.000000 7.000000 15.000000 0.000000 0.000000 0.000000 0.000000 41174352870221.640625 305398534943144.375000
1.000000 8.000000 15.000000 0.000000 0.000000 0.000000 0.000000 42803065369134.695312 315072711009727.750000
1.000000 9.000000 15.000000 0.000000 0.000000 0.000000 0.000000 43628154578421.117188 319937913989350.750000
1.000000 10.000000 15.000000 0.000000 0.000000 0.000000 0.000000 43666421327116.250000 320432101917780.562500
1.000000 11.000000 15.000000 0.000000 0.000000 0.000000 0.000000 42915697501185.906250 316552580204064.750000
1.000000 12.000000 15.000000 0.000000 0.000000 0.000000 0.000000 41354611797514.421875 307841968440178.312500
1.000000 13.000000 15.000000 0.000000 0.000000 0.000000 0.000000 38949934135230.578125 293492446333121.062500
1.000000 14.000000 15.000000 0.000000 0.000000 0.000000 0.000000 35670172421136.257812 272551425467401.187500
1.000000 15.000000 15.000000 0.000000 0.000000 0.000000 0.000000 31502779627886.921875 244190442130834.468750
1.000000 16.000000 15.000000 0.000000 0.000000 0.000000 0.000000 26471440476494.253906 207983668241601.500000
1.000000 17.000000 15.000000 0.000000 0.000000 0.000000 0.000000 20649659107613.558594 164136884965595.406250
1.000000 18.000000 15.000000 0.000000 0.000000 0.000000 0.000000 14167383488053.593750 113614469819776.062500
1.000000 19.000000 15.000000 0.000000 0.000000 0.000000 0.000000 7208649768898.198242 58130776824168.437500
2.000000 0.000000 15.000000 0.000000 0.000000 0.000000 0.000000 10304005888877.722656 80866446912323.343750
2.000000 1.000000 15.000000 0.000000 0.000000 0.000000 0.000000 20261220293811.871094 158226809261609.875000
2.000000 2.000000 15.000000 0.000000 0.000000 0.000000 0.000000 29556213132088.312500 228991342731257.312500
2.000000 3.000000 15.000000 0.000000 0.000000 0.000000 0.000000 37930760858561.695312 290826853632941.625000
2.000000 4.000000 15.000000 0.000000 0.000000 0.000000 0.000000 45199812805147.078125 342359939356685.250000
2.000000 5.000000 15.000000 0.000000 0.000000 0.000000 0.000000 51255247381697.718750 383209571795529.312500
2.000000 6.000000 15.000000 0.000000 0.000000 0.000000 0.000000 56057525811410.843750 413848473294183.125000
2.000000 7.000000 15.000000 0.000000 0.000000 0.000000 0.000000 59617668169477.546875 435325087176230.125000
2.000000 8.000000 15.000000 0.000000 0.000000 0.000000 0.000000 61973716262460.546875 448903452603538.000000
2.000000 9.000000 15.000000 0.000000 0.000000 0.000000 0.000000 63166720844199.468750 455692721290142.500000
2.000000 10.000000 15.000000 0.000000 0.000000 0.000000 0.000000 63221202286813.695312 456339423703176.437500
2.000000 11.000000 15.000000 0.000000 0.000000 0.000000 0.000000 62134060188007.359375 450844049073702.375000
2.000000 12.000000 15.000000 0.000000 0.000000 0.000000 0.000000 59874245726672.640625 438540932852654.375000
2.000000 13.000000 15.000000 0.000000 0.000000 0.000000 0.000000 56393434170851.421875 418250160134313.250000
2.000000 14.000000 15.000000 0.000000 0.000000 0.000000 0.000000 51645766039944.640625 388576769243023.000000
2.000000 15.000000 15.000000 0.000000 0.000000 0.000000 0.000000 45612818560629.265625 348301622258700.625000
2.000000 16.000000 15.000000 0.000000 0.000000 0.000000 0.000000 38328683715302.554688 296786076575355.000000
2.000000 17.000000 15.000000 0.000000 0.000000 0.000000 0.000000 29899673908945.468750 234304647357724.281250
2.000000 18.000000 15.000000 0.000000 0.000000 0.000000 0.000000 20513925631531.460938 162229657547882.000000
2.000000 19.000000 15.000000 0.000000 0.000000 0.000000 0.000000 10437981880409.101562 83019211579057.906250
3.000000 0.000000 15.000000 0.000000 0.000000 0.000000 0.000000 13101690740338.734375 101135411877357.781250
3.000000 1.000000 15.000000 0.000000 0.000000 0.000000 0.000000 25761710821657.679688 197822590751111.500000
3.000000 2.000000 15.000000 0.000000 0.000000 0.000000 0.000000 37578419874013.335938 286147561966847.125000
3.000000 3.000000 15.000000 0.000000 0.000000 0.000000 0.000000 48223190174757.625000 363166791065232.750000
3.000000 4.000000 15.000000 0.000000 0.000000 0.000000 0.000000 57460768461360.687500 427167005134605.437500
3.000000 5.000000 15.000000 0.000000 0.000000 0.000000 0.000000 65154041684464.664062 477705485922964.875000
3.000000 6.000000 15.000000 0.000000 0.000000 0.000000 0.000000 71253349057948.953125 515430446862413.500000
3.000000 7.000000 15.000000 0.000000 0.000000 0.000000 0.000000 75773443527198.875000 541722755496483.687500
3.000000 8.000000 15.000000 0.000000 0.000000 0.000000 0.000000 78763426802724.390625 558232943117175.625000
3.000000 9.000000 15.000000 0.000000 0.000000 0.000000 0.000000 80276093430894.109375 566405732570258.875000
3.000000 10.000000 15.000000 0.000000 0.000000 0.000000 0.000000 80343001044316.812500 567085757341565.500000
3.000000 11.000000 15.000000 0.000000 0.000000 0.000000 0.000000 78960334788238.750000 560283044496250.750000
3.000000 12.000000 15.000000 0.000000 0.000000 0.000000 0.000000 76088508042535.937500 545147724824623.500000
3.000000 13.000000 15.000000 0.000000 0.000000 0.000000 0.000000 71665789936159.796875 520164633103555.000000
3.000000 14.000000 15.000000 0.000000 0.000000 0.000000 0.000000 65633485250329.953125 483535836579885.375000
3.000000 15.000000 15.000000 0.000000 0.000000 0.000000 0.000000 57967766180635.015625 433679850967100.000000
3.000000 16.000000 15.000000 0.000000 0.000000 0.000000 0.000000 48711624716140.531250 369748175377880.250000
3.000000 17.000000 15.000000 0.000000 0.000000 0.000000 0.000000 37999969530636.953125 292049858590795.750000
3.000000 18.000000 15.000000 0.000000 0.000000 0.000000 0.000000 26071851626255.031250 202287440809827.843750
3.000000 19.000000 15.000000 0.000000 0.000000 0.000000 0.000000 13266110746490.480469 103542481770201.125000
4.000000 0.000000 15.000000 0.000000 0.000000 0.000000 0.000000 15447886793173.160156 116920395449458.921875
4.000000 1.000000 15.000000 0.000000 0.000000 0.000000 0.000000 30373863271127.894531 228604636202713.312500
4.000000 2.000000 15.000000 0.000000 0.000000 0.000000 0.000000 44303455253783.328125 330453996714499.562500
4.000000 3.000000 15.000000 0.000000 0.000000 0.000000 0.000000 56848698885329.257812 419027053320198.937500
4.000000 4.000000 15.000000 0.000000 0.000000 0.000000 0.000000 67732243325598.429688 492348309515987.375000
4.000000 5.000000 15.000000 0.000000 0.000000 0.000000 0.000000 76792956782620.156250 549954175351551.750000
4.000000 6.000000 15.000000 0.000000 0.000000 0.000000 0.000000 83973212419806.171875 592676313353820.500000
4.000000 7.000000 15.000000 0.000000 102.000000 204.000000 4.000000 89291543669273.656250 622212237430966.875000
4.000000 8.000000 15.000000 0.000000 102.000000 204.000000 3.000000 92806990327335.609375 640571946507437.625000
4.000000 9.000000 15.000000 0.000000 102.000000 204.000000 7.000000 94582768548040.437500 649510843288397.750000
4.000000 10.000000 15.000000 0.000000 102.000000 204.000000 3.000000 94656748645946.921875 650060425764510.250000
4.000000 11.000000 15.000000 0.000000 102.000000 204.000000 4.000000 93024734547713.390625 642249791851962.125000
4.000000 12.000000 15.000000 0.000000 102.000000 204.000000 3.000000 89640012628136.796875 625076063535073.500000
4.000000 13.000000 15.000000 0.000000 102.000000 204.000000 4.000000 84429494728515.109375 596735668705775.250000
4.000000 14.000000 15.000000 0.000000 0.000000 0.000000 0.000000 77323510657195.578125 555078006805322.187500
4.000000 15.000000 15.000000 0.000000 0.000000 0.000000 0.000000 68293443950344.046875 498196802425196.250000
4.000000 16.000000 15.000000 0.000000 0.000000 0.000000 0.000000 57389488407736.593750 425041534215460.812500
4.000000 17.000000 15.000000 0.000000 0.000000 0.000000 0.000000 44770289073120.929688 335919923113003.812500
4.000000 18.000000 15.000000 0.000000 0.000000 0.000000 0.000000 30717374490248.218750 232777593617625.656250
4.000000 19.000000 15.000000 0.000000 0.000000 0.000000 0.000000 15630015666873.718750 119182253154162.093750
5.000000 0.000000 15.000000 0.000000 0.000000 0.000000 0.000000 17325050378162.427734 128345999193414.562500
5.000000 1.000000 15.000000 0.000000 0.000000 0.000000 0.000000 34063127197003.679688 250821140487487.500000
5.000000 2.000000 15.000000 0.000000 0.000000 0.000000 0.000000 49680785505856.992188 362279826645516.375000
5.000000 3.000000 15.000000 0.000000 0.000000 0.000000 0.000000 63742188491801.976562 458892564333931.000000
5.000000 4.000000 15.000000 0.000000 0.000000 0.000000 0.000000 75936272028365.562500 538495448616367.875000
5.000000 5.000000 15.000000 0.000000 102.000000 204.000000 2.000000 86083018182308.781250 600639972319207.000000
5.000000 6.000000 15.000000 0.000000 102.000000 204.000000 2.000000 94119048087730.671875 646343804948713.125000
5.000000 7.000000 15.000000 0.000000 102.000000 204.000000 4.000000 100066714270542.781250 677600144082762.500000
5.000000 8.000000 15.000000 0.000000 102.000000 204.000000 2.000000 103993841334472.875000 696747341628252.625000
5.000000 9.000000 15.000000 0.000000 102.000000 204.000000 4.000000 105972735913468.656250 705824438339176.500000
5.000000 10.000000 15.000000 0.000000 102.000000 204.000000 4.000000 106046905314937.906250 706038987218907.750000
5.000000 11.000000 15.000000 0.000000 102.000000 204.000000 3.000000 104212229230067.234375 697451982357335.500000
5.000000 12.000000 15.000000 0.000000 102.000000 204.000000 6.000000 100416469704893.359375 678944713721428.500000
5.000000 13.000000 15.000000 0.000000 102.000000 204.000000 3.000000 94577458758361.359375 648480055802137.250000
5.000000 14.000000 15.000000 0.000000 102.000000 204.000000 3.000000 86616625523709.984375 603614005298915.000000
5.000000 15.000000 15.000000 0.000000 102.000000 204.000000 1.000000 76501316539015.250000 542161630772436.812500
5.000000 16.000000 15.000000 0.000000 0.000000 0.000000 0.000000 64287224140130.843750 462885071497266.000000
5.000000 17.000000 15.000000 0.000000 0.000000 0.000000 0.000000 50151676619251.359375 366058856713299.500000
5.000000 18.000000 15.000000 0.000000 0.000000 0.000000 0.000000 34409839686835.566406 253785090197882.562500
5.000000 19.000000 15.000000 0.000000 0.000000 0.000000 0.000000 17508947092946.941406 129977393815341.593750
6.000000 0.000000 15.000000 0.000000 0.000000 0.000000 0.000000 18750217818711.820312 135968811041621.500000
6.000000 1.000000 15.000000 0.000000 0.000000 0.000000 0.000000 36863013169535.429688 265571155362186.687500
6.000000 2.000000 15.000000 0.000000 0.000000 0.000000 0.000000 53759311781583.539062 383238727714311.375000
6.000000 3.000000 15.000000 0.000000 0.000000 0.000000 0.000000 68966420396525.828125 484850892774840.437500
6.000000 4.000000 15.000000 0.000000 0.000000 0.000000 0.000000 82147597770363.546875 568117499770063.000000
6.000000 5.000000 15.000000 0.000000 0.000000 0.000000 0.000000 93108833115433.843750 632631058529920.500000
6.000000 6.000000 15.000000 0.000000 102.000000 204.000000 3.000000 101783075969980.562500 679589747271248.625000
6.000000 7.000000 15.000000 0.000000 102.000000 204.000000 7.000000 108196494670710.593750 711255625125460.250000
6.000000 8.000000 15.000000 0.000000 102.000000 204.000000 6.000000 112424574040327.156250 730260723137025.375000
6.000000 9.000000 15.000000 104.000000 24.000000 24.000000 9.000000 114547455687107.250000 738899387882862.250000
6.000000 10.000000 15.000000 0.000000 102.000000 204.000000 5.000000 114613708842430.687500 738545245485974.750000
6.000000 11.000000 15.000000 0.000000 102.000000 204.000000 9.000000 112619854705587.203125 729306720357864.625000
6.000000 12.000000 15.000000 104.000000 24.000000 24.000000 5.000000 108509840925357.656250 709990754938618.625000
6.000000 13.000000 15.000000 0.000000 102.000000 204.000000 8.000000 102194801278544.078125 678387140376320.750000
6.000000 14.000000 15.000000 0.000000 102.000000 204.000000 4.000000 93589445320869.156250 631824392321660.500000
6.000000 15.000000 15.000000 0.000000 102.000000 204.000000 2.000000 82657955164907.062500 567892524399536.250000
6.000000 16.000000 15.000000 0.000000 0.000000 0.000000 0.000000 69459967450472.125000 485189106250844.375000
6.000000 17.000000 15.000000 0.000000 0.000000 0.000000 0.000000 54186630599609.343750 383932176321803.500000
6.000000 18.000000 15.000000 0.000000 0.000000 0.000000 0.000000 37178145892176.984375 266302638121855.875000
6.000000 19.000000 15.000000 0.000000 0.000000 0.000000 0.000000 18917528672709.234375 136428984059703.625000
7.000000 0.000000 15.000000 0.000000 0.000000 0.000000 0.000000 19762374846520.750000 140595582941096.984375
7.000000 1.000000 15.000000 0.000000 0.000000 0.000000 0.000000 38850269644846.406250 274447287602208.156250
7.000000 2.000000 15.000000 0.000000 0.000000 0.000000 0.000000 56651191629328.398438 395668249351589.000000
7.000000 3.000000 15.000000 0.000000 0.000000 0.000000 0.000000 72665647131786.343750 499925310714580.187500
7.000000 4.000000 15.000000 0.000000 102.000000 204.000000 2.000000 86538515094004.015625 584848340931395.125000
7.000000 5.000000 15.000000 0.000000 102.000000 204.000000 3.000000 98066186508559.218750 650083826348769.500000
7.000000 6.000000 15.000000 0.000000 102.000000 204.000000 9.000000 107179746754317.718750 696995157201163.500000
7.000000 7.000000 15.000000 0.000000 102.000000 204.000000 6.000000 113909087202281.453125 728079769286730.000000
7.000000 8.000000 15.000000 104.000000 24.000000 24.000000 4.000000 118336262820911.437500 746224851703374.250000
7.000000 9.000000 15.000000 0.000000 102.000000 204.000000 4.000000 120548089053305.296875 753950166615615.625000
7.000000 10.000000 15.000000 104.000000 24.000000 24.000000 4.000000 120597720320200.328125 752785558188229.250000
7.000000 11.000000 15.000000 0.000000 102.000000 204.000000 2.000000 118482950760720.484375 742903699296071.125000
7.000000 12.000000 15.000000 104.000000 24.000000 24.000000 2.000000 114145646540589.390625 723080803264024.000000
7.000000 13.000000 15.000000 0.000000 102.000000 204.000000 5.000000 107492623852661.281250 690997037601772.125000
7.000000 14.000000 15.000000 0.000000 102.000000 204.000000 5.000000 98434073275267.937500 643823534727805.375000
7.000000 15.000000 15.000000 0.000000 102.000000 204.000000 2.000000 86931986042291.265625 578984793973428.500000
7.000000 16.000000 15.000000 0.000000 102.000000 204.000000 5.000000 73048635934324.390625 494944954267190.812500
7.000000 17.000000 15.000000 0.000000 0.000000 0.000000 0.000000 56984574559130.164062 391853619140036.312500
7.000000 18.000000 15.000000 0.000000 0.000000 0.000000 0.000000 39097109712985.726562 271907404726839.843750
7.000000 19.000000 15.000000 0.000000 0.000000 0.000000 0.000000 19893748033370.593750 139336271555451.437500
8.000000 0.000000 15.000000 0.000000 0.000000 0.000000 0.000000 20407642146365.804688 143072569739513.843750
8.000000 1.000000 15.000000 0.000000 0.000000 0.000000 0.000000 40115757785420.937500 279121605605466.000000
8.000000 2.000000 15.000000 0.000000 102.000000 204.000000 1.000000 58489366694417.015625 402026151127284.687500
8.000000 3.000000 15.000000 0.000000 102.000000 204.000000 2.000000 75011136200964.984375 507300957201075.687500
8.000000 4.000000 15.000000 0.000000 102.000000 204.000000 2.000000 89314009620585.234375 592526136216607.750000
8.000000 5.000000 15.000000 0.000000 102.000000 204.000000 2.000000 101188583349533.625000 657401719372684.125000
8.000000 6.000000 15.000000 0.000000 102.000000 204.000000 3.000000 110565541094282.390625 703430542907823.250000
8.000000 7.000000 15.000000 104.000000 24.000000 24.000000 7.000000 117478258572163.125000 733304358750471.250000
8.000000 8.000000 15.000000 0.000000 102.000000 204.000000 3.000000 122014256880288.250000 750121974842214.250000
8.000000 9.000000 15.000000 104.000000 24.000000 24.000000 5.000000 124265909361958.671875 756595645085804.125000
8.000000 10.000000 15.000000 104.000000 24.000000 24.000000 2.000000 124290519870930.562500 754399867128229.500000
8.000000 11.000000 15.000000 0.000000 102.000000 204.000000 2.000000 122087783303146.656250 743787446418064.500000
8.000000 12.000000 15.000000 104.000000 24.000000 24.000000 4.000000 117599161211942.796875 723547085905425.875000
8.000000 13.000000 15.000000 104.000000 24.000000 24.000000 13.000000 110729452572959.125000 691313122892180.500000
8.000000 14.000000 15.000000 0.000000 102.000000 204.000000 10.000000 101386485450879.093750 644171130700130.500000
8.000000 15.000000 15.000000 0.000000 102.000000 204.000000 2.000000 89531107225050.593750 579443758650958.375000
8.000000 16.000000 15.000000 0.000000 102.000000 204.000000 3.000000 75227198173725.921875 495500491681041.437500
8.000000 17.000000 15.000000 0.000000 0.000000 0.000000 0.000000 58680845113062.914062 392422632508699.937500
8.000000 18.000000 15.000000 0.000000 0.000000 0.000000 0.000000 40259389534141.468750 272376383060408.968750
8.000000 19.000000 15.000000 0.000000 0.000000 0.000000 0.000000 20484690178967.175781 139601360278282.906250
9.000000 0.000000 15.000000 0.000000 0.000000 0.000000 0.000000 20725305861647.250000 144088375778621.312500
9.000000 1.000000 15.000000 0.000000 0.000000 0.000000 0.000000 40736975685857.351562 280957875368893.937500
9.000000 2.000000 15.000000 0.000000 102.000000 204.000000 2.000000 59387467893555.460938 404324593139186.375000
9.000000 3.000000 15.000000 0.000000 102.000000 204.000000 3.000000 76149695657630.437500 509598606574976.250000
9.000000 4.000000 15.000000 0.000000 102.000000 204.000000 4.000000 90650403217448.609375 594328099546072.375000
9.000000 5.000000 15.000000 0.000000 102.000000 204.000000 3.000000 102677673835762.125000 658254820309315.625000
9.000000 6.000000 15.000000 0.000000 102.000000 204.000000 7.000000 112162906498806.890625 702985251328162.500000
9.000000 7.000000 15.000000 0.000000 102.000000 204.000000 4.000000 119142522258340.187500 731355959190947.875000
9.000000 8.000000 15.000000 104.000000 24.000000 24.000000 4.000000 123708302066165.484375 746626995503759.625000
9.000000 9.000000 15.000000 104.000000 24.000000 24.000000 1.000000 125957004115244.890625 751664736496458.250000
9.000000 10.000000 15.000000 104.000000 24.000000 24.000000 6.000000 125949586918411.281250 748272361333018.625000
9.000000 11.000000 15.000000 0.000000 102.000000 204.000000 3.000000 123688183306931.625000 736795000936623.125000
9.000000 12.000000 15.000000 104.000000 24.000000 24.000000 4.000000 119115401430947.312500 716073996455630.750000
9.000000 13.000000 15.000000 0.000000 102.000000 204.000000 12.000000 112136189906601.156250 683759485646231.250000
9.000000 14.000000 15.000000 104.000000 24.000000 24.000000 13.000000 102658084947488.468750 636922768625156.625000
9.000000 15.000000 15.000000 104.000000 24.000000 24.000000 7.000000 90641873680314.796875 572850451106358.750000
9.000000 16.000000 15.000000 0.000000 102.000000 204.000000 5.000000 76152249665102.875000 489862130457155.500000
9.000000 17.000000 15.000000 0.000000 0.000000 0.000000 0.000000 59397468982857.789062 387981748559882.500000
9.000000 18.000000 15.000000 0.000000 0.000000 0.000000 0.000000 40748632059083.710938 269315044550417.687500
9.000000 19.000000 15.000000 0.000000 0.000000 0.000000 0.000000 20732891652130.269531 138040550755429.562500
10.000000 0.000000 15.000000 0.000000 0.000000 0.000000 0.000000 20737187001924.921875 144024999980335.593750
10.000000 1.000000 15.000000 0.000000 0.000000 0.000000 0.000000 40757133695359.421875 280718183227531.000000
10.000000 2.000000 15.000000 0.000000 102.000000 204.000000 1.000000 59409242738462.664062 403701079816265.187500
10.000000 3.000000 15.000000 0.000000 102.000000 204.000000 5.000000 76164359674538.437500 508322287441348.125000
10.000000 4.000000 15.000000 0.000000 102.000000 204.000000 4.000000 90648400293090.859375 592109956470394.375000
10.000000 5.000000 15.000000 0.000000 102.000000 204.000000 7.000000 102649890655752.015625 654828251476198.250000
10.000000 6.000000 15.000000 0.000000 102.000000 204.000000 6.000000 112101780677211.062500 698142977603140.125000
10.000000 7.000000 15.000000 104.000000 24.000000 24.000000 7.000000 119042858594150.437500 724977073281427.375000
10.000000 8.000000 15.000000 104.000000 24.000000 24.000000 4.000000 123567753482296.562500 738692687037537.625000
10.000000 9.000000 15.000000 0.000000 102.000000 204.000000 1.000000 125776250236720.156250 742263754645378.375000
10.000000 10.000000 15.000000 104.000000 24.000000 24.000000 1.000000 125732288375901.046875 737598750019153.500000
10.000000 11.000000 15.000000 104.000000 24.000000 24.000000 3.000000 123440794151603.687500 725140760794037.500000
10.000000 12.000000 15.000000 104.000000 24.000000 24.000000 5.000000 118846891390731.593750 703818308756524.375000
10.000000 13.000000 15.000000 104.000000 24.000000 24.000000 7.000000 111857681025126.140625 671354600947531.250000
10.000000 14.000000 15.000000 104.000000 24.000000 24.000000 7.000000 102382367001694.046875 624875397637317.875000
10.000000 15.000000 15.000000 0.000000 102.000000 204.000000 11.000000 90382749440568.234375 561697136887974.062500
10.000000 16.000000 15.000000 0.000000 102.000000 204.000000 7.000000 75923683182956.125000 480137892512751.687500
10.000000 17.000000 15.000000 0.000000 0.000000 0.000000 0.000000 59212562087818.781250 380183064483985.875000
10.000000 18.000000 15.000000 0.000000 0.000000 0.000000 0.000000 40618518526290.046875 263860379422698.968750
10.000000 19.000000 15.000000 0.000000 0.000000 0.000000 0.000000 20665691781463.390625 135233388280819.531250
11.000000 0.000000 15.000000 0.000000 0.000000 0.000000 0.000000 20442024778822.414062 142879947057077.406250
11.000000 1.000000 15.000000 0.000000 0.000000 0.000000 0.000000 40174075777940.015625 278408832767559.218750
11.000000 2.000000 15.000000 0.000000 102.000000 204.000000 2.000000 58552313996295.226562 400191445593849.250000
11.000000 3.000000 15.000000 0.000000 102.000000 204.000000 4.000000 75053409674389.062500 503564194419547.250000
11.000000 4.000000 15.000000 0.000000 102.000000 204.000000 4.000000 89307897929985.359375 586049009552129.625000
11.000000 5.000000 15.000000 0.000000 102.000000 204.000000 4.000000 101107649177689.437500 647410823576962.875000
11.000000 6.000000 15.000000 0.000000 102.000000 204.000000 5.000000 110387831916310.234375 689324413690203.750000
11.000000 7.000000 15.000000 0.000000 102.000000 204.000000 4.000000 117188673735147.078125 714731976583162.875000
11.000000 8.000000 15.000000 0.000000 102.000000 204.000000 4.000000 121605945740996.390625 727028491629399.500000
11.000000 9.000000 15.000000 104.000000 24.000000 24.000000 9.000000 123740796157333.578125 729238413557024.875000
11.000000 10.000000 15.000000 0.000000 102.000000 204.000000 3.000000 123659181111353.906250 723342110401875.375000
11.000000 11.000000 15.000000 104.000000 24.000000 24.000000 4.000000 121368915153348.625000 709877232325048.750000
11.000000 12.000000 15.000000 0.000000 102.000000 204.000000 3.000000 116818784814077.546875 687886299974731.625000
11.000000 13.000000 15.000000 104.000000 24.000000 24.000000 5.000000 109919868107867.406250 655216679748298.500000
11.000000 14.000000 15.000000 0.000000 102.000000 204.000000 27.000000 100584869477575.656250 609112996125130.625000
11.000000 15.000000 15.000000 0.000000 102.000000 204.000000 3.000000 88777609866285.187500 546985331589295.750000
11.000000 16.000000 15.000000 0.000000 102.000000 204.000000 5.000000 74562462016932.515625 467199278928214.875000
11.000000 17.000000 15.000000 0.000000 0.000000 0.000000 0.000000 58143019965525.148438 369724338292550.625000
11.000000 18.000000 15.000000 0.000000 0.000000 0.000000 0.000000 39880904992134.437500 256499795896911.187500
11.000000 19.000000 15.000000 0.000000 0.000000 0.000000 0.000000 20289203520115.773438 131430508203240.812500
12.000000 0.000000 15.000000 0.000000 0.000000 0.000000 0.000000 19815668954929.144531 140269615586984.968750
12.000000 1.000000 15.000000 0.000000 0.000000 0.000000 0.000000 38940615646058.250000 273285667329220.437500
12.000000 2.000000 15.000000 0.000000 102.000000 204.000000 2.000000 56748570458367.390625 392734448162234.187500
12.000000 3.000000 15.000000 0.000000 102.000000 204.000000 5.000000 72730704365193.328125 494005116541395.500000
12.000000 4.000000 15.000000 0.000000 102.000000 204.000000 4.000000 86528131546939.734375 574636740698913.875000
12.000000 5.000000 15.000000 0.000000 102.000000 204.000000 5.000000 97939195064194.984375 634376479240027.875000
12.000000 6.000000 15.000000 0.000000 102.000000 204.000000 7.000000 106901920386614.609375 674854998081811.625000
12.000000 7.000000 15.000000 0.000000 102.000000 204.000000 5.000000 113456822327644.359375 698959357306385.375000
12.000000 8.000000 15.000000 0.000000 102.000000 204.000000 2.000000 117698765279633.046875 710037900871487.625000
12.000000 9.000000 15.000000 0.000000 102.000000 204.000000 2.000000 119728211918167.328125 711097054795289.750000
12.000000 10.000000 15.000000 104.000000 24.000000 24.000000 2.000000 119611802882000.328125 704144189123700.875000
12.000000 11.000000 15.000000 104.000000 24.000000 24.000000 8.000000 117360023879658.468750 689797548229941.000000
12.000000 12.000000 15.000000 104.000000 24.000000 24.000000 3.000000 112926228387454.765625 667231305267245.000000
12.000000 13.000000 15.000000 0.000000 102.000000 204.000000 9.000000 106227115735114.125000 634460517712830.625000
12.000000 14.000000 15.000000 0.000000 102.000000 204.000000 7.000000 97180584813680.500000 588907176602271.750000
12.000000 15.000000 15.000000 0.000000 102.000000 204.000000 4.000000 85753361923703.296875 528134600085442.062500
12.000000 16.000000 15.000000 0.000000 102.000000 204.000000 7.000000 72008561597893.078125 450602452404882.875000
12.000000 17.000000 15.000000 0.000000 0.000000 0.000000 0.000000 56142879467654.125000 356286267175075.812500
12.000000 18.000000 15.000000 0.000000 0.000000 0.000000 0.000000 38504683460231.015625 247027513816594.250000
12.000000 19.000000 15.000000 0.000000 0.000000 0.000000 0.000000 19587729660593.328125 126531279596810.687500
13.000000 0.000000 15.000000 0.000000 0.000000 0.000000 0.000000 18817029402562.882812 135512304276198.015625
13.000000 1.000000 15.000000 0.000000 0.000000 0.000000 0.000000 36976194230587.679688 264015795963389.562500
13.000000 2.000000 15.000000 0.000000 102.000000 204.000000 1.000000 53881073341567.523438 379404124391248.437500
13.000000 3.000000 15.000000 0.000000 102.000000 204.000000 5.000000 69047203032475.125000 477206410809294.500000
13.000000 4.000000 15.000000 0.000000 102.000000 204.000000 4.000000 82133066511292.609375 555017593319132.375000
13.000000 5.000000 15.000000 0.000000 102.000000 204.000000 4.000000 92947058435003.937500 612556461269375.500000
13.000000 6.000000 15.000000 0.000000 102.000000 204.000000 10.000000 101430804933010.421875 651357494726046.125000
13.000000 7.000000 15.000000 0.000000 102.000000 204.000000 5.000000 107623792564880.937500 674173574685626.875000
13.000000 8.000000 15.000000 0.000000 102.000000 204.000000 4.000000 111617597545276.906250 684218365374009.500000
13.000000 9.000000 15.000000 104.000000 24.000000 24.000000 5.000000 113509546132632.953125 684400999320853.125000
13.000000 10.000000 15.000000 0.000000 0.000000 0.000000 0.000000 113365242234109.281250 676699639890024.875000
13.000000 11.000000 15.000000 0.000000 102.000000 204.000000 4.000000 111197301021582.562500 661788336066793.750000
13.000000 12.000000 15.000000 0.000000 102.000000 204.000000 4.000000 106964303988518.859375 638980843468230.750000
13.000000 13.000000 15.000000 0.000000 102.000000 204.000000 7.000000 100590038821392.281250 606494999266361.000000
13.000000 14.000000 15.000000 0.000000 102.000000 204.000000 7.000000 91999142329940.062500 561981407210473.687500
13.000000 15.000000 15.000000 0.000000 102.000000 204.000000 3.000000 81161955366539.531250 503209925729082.000000
13.000000 16.000000 15.000000 0.000000 102.000000 204.000000 3.000000 68139306464830.757812 428775299762717.250000
13.000000 17.000000 15.000000 0.000000 0.000000 0.000000 0.000000 53117526141420.632812 338676054209972.125000
13.000000 18.000000 15.000000 0.000000 0.000000 0.000000 0.000000 36425481777536.117188 234641935833998.625000
13.000000 19.000000 15.000000 0.000000 0.000000 0.000000 0.000000 18528683806189.777344 120133011276944.640625
14.000000 0.000000 15.000000 0.000000 0.000000 0.000000 0.000000 17398905949270.152344 127778120657224.031250
14.000000 1.000000 15.000000 0.000000 0.000000 0.000000 0.000000 34188143270166.023438 248971060441488.187500
14.000000 2.000000 15.000000 0.000000 0.000000 0.000000 0.000000 49814997858462.523438 357834739447220.375000
14.000000 3.000000 15.000000 0.000000 102.000000 204.000000 4.000000 63830536223100.765625 450149776640975.125000
14.000000 4.000000 15.000000 0.000000 102.000000 204.000000 5.000000 75918341297504.421875 523623811732629.125000
14.000000 5.000000 15.000000 0.000000 102.000000 204.000000 5.000000 85900995383107.421875 577947930708410.000000
14.000000 6.000000 15.000000 0.000000 102.000000 204.000000 4.000000 93724673020329.281250 614513023325961.875000
14.000000 7.000000 15.000000 0.000000 102.000000 204.000000 4.000000 99426441236131.265625 635857782887632.500000
14.000000 8.000000 15.000000 0.000000 102.000000 204.000000 6.000000 103091947673252.531250 644967941224728.250000
14.000000 9.000000 15.000000 0.000000 102.000000 204.000000 5.000000 104812588322191.593750 644568145298423.750000
14.000000 10.000000 15.000000 104.000000 24.000000 24.000000 6.000000 104650864649097.437500 636541870432764.375000
14.000000 11.000000 15.000000 104.000000 24.000000 24.000000 8.000000 102620686533342.812500 621584595043369.250000
14.000000 12.000000 15.000000 0.000000 102.000000 204.000000 9.000000 98686300292563.640625 599148302514286.750000
14.000000 13.000000 15.000000 0.000000 102.000000 204.000000 5.000000 92779876950549.703125 567679939684004.000000
14.000000 14.000000 15.000000 0.000000 102.000000 204.000000 8.000000 84834171888609.265625 525101676854877.687500
14.000000 15.000000 15.000000 0.000000 102.000000 204.000000 3.000000 74823638547134.328125 469435178940593.187500
14.000000 16.000000 15.000000 0.000000 0.000000 0.000000 0.000000 62805473669871.078125 399443252845468.500000
14.000000 17.000000 15.000000 0.000000 0.000000 0.000000 0.000000 48951704946012.125000 315156162267759.750000
14.000000 18.000000 15.000000 0.000000 0.000000 0.000000 0.000000 33564804947783.453125 218169530207190.218750
14.000000 19.000000 15.000000 0.000000 0.000000 0.000000 0.000000 17072306229474.054688 111644359575308.343750
15.000000 0.000000 15.000000 0.000000 0.000000 0.000000 0.000000 15521995230119.222656 116282408609465.671875
15.000000 1.000000 15.000000 0.000000 0.000000 0.000000 0.000000 30499212558649.039062 226607585446037.593750
15.000000 2.000000 15.000000 0.000000 0.000000 0.000000 0.000000 44437750429939.468750 325772493850155.750000
15.000000 3.000000 15.000000 0.000000 0.000000 0.000000 0.000000 56936416169814.531250 409941677156035.500000
15.000000 4.000000 15.000000 0.000000 102.000000 204.000000 5.000000 67712407955793.257812 477009199779348.062500
15.000000 5.000000 15.000000 0.000000 102.000000 204.000000 4.000000 76607135068556.593750 526651419677049.562500
15.000000 6.000000 15.000000 0.000000 102.000000 204.000000 4.000000 83572507536121.968750 560075857216894.937500
15.000000 7.000000 15.000000 0.000000 102.000000 204.000000 4.000000 88641804727269.312500 579530275762859.625000
15.000000 8.000000 15.000000 0.000000 102.000000 204.000000 4.000000 91891977559728.718750 587678765911462.625000
15.000000 9.000000 15.000000 104.000000 24.000000 24.000000 5.000000 93405487593843.656250 586970915213276.500000
15.000000 10.000000 15.000000 104.000000 24.000000 24.000000 4.000000 93239433705509.265625 579124527264381.250000
15.000000 11.000000 15.000000 104.000000 24.000000 24.000000 5.000000 91407966216007.687500 564815205099259.125000
15.000000 12.000000 15.000000 0.000000 102.000000 204.000000 2.000000 87881243510077.984375 543623962741970.687500
15.000000 13.000000 15.000000 0.000000 102.000000 204.000000 3.000000 82600946545385.890625 514244757797759.437500
15.000000 14.000000 15.000000 0.000000 102.000000 204.000000 3.000000 75509154749291.046875 474905438638876.750000
15.000000 15.000000 15.000000 0.000000 102.000000 204.000000 4.000000 66584710881682.031250 423915565038288.000000
15.000000 16.000000 15.000000 0.000000 0.000000 0.000000 0.000000 55879525616151.789062 360229511383848.000000
15.000000 17.000000 15.000000 0.000000 0.000000 0.000000 0.000000 43546957550878.406250 283908290098488.500000
15.000000 18.000000 15.000000 0.000000 0.000000 0.000000 0.000000 29855625215521.281250 196381048438087.125000
15.000000 19.000000 15.000000 0.000000 0.000000 0.000000 0.000000 15184655028393.480469 100445576978790.937500
16.000000 0.000000 15.000000 0.000000 0.000000 0.000000 0.000000 13169609884929.150391 100489588036658.093750
16.000000 1.000000 15.000000 0.000000 0.000000 0.000000 0.000000 25876516535159.789062 195866493166075.062500
16.000000 2.000000 15.000000 0.000000 0.000000 0.000000 0.000000 37701200137031.031250 281659724002407.750000
16.000000 3.000000 15.000000 0.000000 0.000000 0.000000 0.000000 48302835160432.101562 354562216865742.875000
16.000000 4.000000 15.000000 0.000000 102.000000 204.000000 1.000000 57441101063293.093750 412739765380512.687500
16.000000 5.000000 15.000000 0.000000 102.000000 204.000000 4.000000 64981148091734.117188 455877681394977.812500
16.000000 6.000000 15.000000 0.000000 102.000000 204.000000 4.000000 70882003597527.109375 484969655501349.875000
16.000000 7.000000 15.000000 0.000000 102.000000 204.000000 4.000000 75171907812100.937500 501903177834701.625000
16.000000 8.000000 15.000000 0.000000 102.000000 204.000000 4.000000 77916391501279.640625 508932009114942.062500
16.000000 9.000000 15.000000 0.000000 102.000000 204.000000 5.000000 79185959469393.078125 508142436917889.062500
16.000000 10.000000 15.000000 0.000000 102.000000 204.000000 3.000000 79029937235824.828125 501015148708803.375000
16.000000 11.000000 15.000000 0.000000 102.000000 204.000000 3.000000 77461548834059.343750 488161421544279.562500
16.000000 12.000000 15.000000 0.000000 102.000000 204.000000 3.000000 74456967432862.843750 469276582161196.812500
16.000000 13.000000 15.000000 0.000000 102.000000 204.000000 3.000000 69968342094974.101562 443312077086898.937500
16.000000 14.000000 15.000000 0.000000 102.000000 204.000000 1.000000 63948095455865.640625 408826801555054.812500
16.000000 15.000000 15.000000 0.000000 102.000000 204.000000 1.000000 56379535772281.742188 364444861482338.750000
16.000000 16.000000 15.000000 0.000000 0.000000 0.000000 0.000000 47307420155217.062500 309326168725949.875000
16.000000 17.000000 15.000000 0.000000 0.000000 0.000000 0.000000 36861846229337.218750 243552350390362.187500
16.000000 18.000000 15.000000 0.000000 0.000000 0.000000 0.000000 25269881237874.667969 168345291868107.500000
16.000000 19.000000 15.000000 0.000000 0.000000 0.000000 0.000000 12851567658726.976562 86067801930199.375000
17.000000 0.000000 15.000000 0.000000 0.000000 0.000000 0.000000 10360144966074.687500 80287820461616.593750
17.000000 1.000000 15.000000 0.000000 0.000000 0.000000 0.000000 20356066342221.183594 156517908787794.437500
17.000000 2.000000 15.000000 0.000000 0.000000 0.000000 0.000000 29657506865069.332031 225137940144396.000000
17.000000 3.000000 15.000000 0.000000 0.000000 0.000000 0.000000 37996109899552.109375 283512563330197.625000
17.000000 4.000000 15.000000 0.000000 0.000000 0.000000 0.000000 45182583866438.484375 330167396463502.937500
17.000000 5.000000 15.000000 0.000000 102.000000 204.000000 1.000000 51110626569799.171875 364826980517446.687500
17.000000 6.000000 15.000000 0.000000 102.000000 204.000000 3.000000 55747836321323.007812 388250183058804.062500
17.000000 7.000000 15.000000 0.000000 102.000000 204.000000 4.000000 59116353991688.671875 401905719099732.750000
17.000000 8.000000 15.000000 0.000000 102.000000 204.000000 4.000000 61267803506187.257812 407558800292671.312500
17.000000 9.000000 15.000000 0.000000 102.000000 204.000000 4.000000 62257920455667.203125 406852628223925.000000
17.000000 10.000000 15.000000 0.000000 102.000000 204.000000 3.000000 62126013084495.851562 400964527836202.687500
17.000000 11.000000 15.000000 0.000000 102.000000 204.000000 3.000000 60883226899120.101562 390398297590497.187500
17.000000 12.000000 15.000000 0.000000 102.000000 204.000000 4.000000 58511757005912.398438 374946281785610.500000
17.000000 13.000000 15.000000 0.000000 102.000000 204.000000 3.000000 54975005609319.203125 353822083608840.375000
17.000000 14.000000 15.000000 0.000000 0.000000 0.000000 0.000000 50236562460876.484375 325933077555924.750000
17.000000 15.000000 15.000000 0.000000 0.000000 0.000000 0.000000 44284127133842.765625 290235858496098.750000
17.000000 16.000000 15.000000 0.000000 0.000000 0.000000 0.000000 37153395268275.179688 246101715406875.125000
17.000000 17.000000 15.000000 0.000000 0.000000 0.000000 0.000000 28946731076973.570312 193616309673208.750000
17.000000 18.000000 15.000000 0.000000 0.000000 0.000000 0.000000 19842256933824.878906 133749383549180.625000
17.000000 19.000000 15.000000 0.000000 0.000000 0.000000 0.000000 10090734553655.916016 68355367698969.828125
18.000000 0.000000 15.000000 0.000000 0.000000 0.000000 0.000000 7154354935543.259766 56095165890490.992188
18.000000 1.000000 15.000000 0.000000 0.000000 0.000000 0.000000 14057105591302.078125 109370687554624.656250
18.000000 2.000000 15.000000 0.000000 0.000000 0.000000 0.000000 20480095092230.554688 157356035259434.062500
18.000000 3.000000 15.000000 0.000000 0.000000 0.000000 0.000000 26237899050756.109375 198214218628250.562500
18.000000 4.000000 15.000000 0.000000 0.000000 0.000000 0.000000 31199679468700.304688 230910692449941.875000
18.000000 5.000000 15.000000 0.000000 0.000000 0.000000 0.000000 35291903895027.117188 255240213913404.625000
18.000000 6.000000 15.000000 0.000000 102.000000 204.000000 3.000000 38492087532593.289062 271714042497563.812500
18.000000 7.000000 15.000000 0.000000 102.000000 204.000000 3.000000 40815452294602.218750 281336869301748.875000
18.000000 8.000000 15.000000 0.000000 102.000000 204.000000 3.000000 42297653420349.101562 285322387021724.750000
18.000000 9.000000 15.000000 0.000000 102.000000 204.000000 3.000000 42977289390655.101562 284805146988691.812500
18.000000 10.000000 15.000000 0.000000 102.000000 204.000000 3.000000 42881739549590.945312 280603621656529.500000
18.000000 11.000000 15.000000 0.000000 102.000000 204.000000 3.000000 42019063514554.234375 273076812688968.718750
18.000000 12.000000 15.000000 0.000000 102.000000 204.000000 2.000000 40377436600805.210938 262097399528221.968750
18.000000 13.000000 15.000000 0.000000 102.000000 204.000000 2.000000 37932117271480.976562 247142007667806.437500
18.000000 14.000000 15.000000 0.000000 0.000000 0.000000 0.000000 34658484678669.312500 227477375374792.593750
18.000000 15.000000 15.000000 0.000000 0.000000 0.000000 0.000000 30548475835030.675781 202403384652519.281250
18.000000 16.000000 15.000000 0.000000 0.000000 0.000000 0.000000 25626999457749.949219 171502984651450.468750
18.000000 17.000000 15.000000 0.000000 0.000000 0.000000 0.000000 19964767448956.960938 134847108991143.343750
18.000000 18.000000 15.000000 0.000000 0.000000 0.000000 0.000000 13684541542158.833984 93110712108347.687500
18.000000 19.000000 15.000000 0.000000 0.000000 0.000000 0.000000 6958991252948.656250 47573206971559.382812
19.000000 0.000000 15.000000 0.000000 0.000000 0.000000 0.000000 3655263404052.521484 28867750907198.515625
19.000000 1.000000 15.000000 0.000000 0.000000 0.000000 0.000000 7181958973388.783203 56289579200971.687500
19.000000 2.000000 15.000000 0.000000 0.000000 0.000000 0.000000 10463494542367.125000 80997915816877.046875
19.000000 3.000000 15.000000 0.000000 0.000000 0.000000 0.000000 13405103952613.234375 102048893290771.000000
19.000000 4.000000 15.000000 0.000000 0.000000 0.000000 0.000000 15939903071862.328125 118908752985979.937500
19.000000 5.000000 15.000000 0.000000 0.000000 0.000000 0.000000 18030281921360.832031 131467771912544.375000
19.000000 6.000000 15.000000 0.000000 0.000000 0.000000 0.000000 19664713751646.101562 139982922565974.312500
19.000000 7.000000 15.000000 0.000000 0.000000 0.000000 0.000000 20850948277559.812500 144964249976278.968750
19.000000 8.000000 15.000000 0.000000 0.000000 0.000000 0.000000 21607197428561.921875 147029907632018.187500
19.000000 9.000000 15.000000 0.000000 0.000000 0.000000 0.000000 21953209890824.257812 146759245474914.500000
19.000000 10.000000 15.000000 0.000000 0.000000 0.000000 0.000000 21903042642647.695312 144571944532836.625000
19.000000 11.000000 15.000000 0.000000 0.000000 0.000000 0.000000 21460923678863.972656 140654770572277.468750
19.000000 12.000000 15.000000 0.000000 0.000000 0.000000 0.000000 20620957143791.144531 134947651417210.468750
19.000000 13.000000 15.000000 0.000000 0.000000 0.000000 0.000000 19370668220730.546875 127189359165583.390625
19.000000 14.000000 15.000000 0.000000 0.000000 0.000000 0.000000 17697642092848.539062 117011982667281.125000
19.000000 15.000000 15.000000 0.000000 0.000000 0.000000 0.000000 15597895761457.558594 104064324058756.093750
19.000000 16.000000 15.000000 0.000000 0.000000 0.000000 0.000000 13084238492887.132812 88138808146156.796875
19.000000 17.000000 15.000000 0.000000 0.000000 0.000000 0.000000 10192807726268.398438 69275534239745.148438
19.000000 18.000000 15.000000 0.000000 0.000000 0.000000 0.000000 6986251017980.250000 47821192022901.007812
19.000000 19.000000 15.000000 0.000000 0.000000 0.000000 0.000000 3552635243219.493164 24429285727525.554688
