# i (x-axis) 
#  j (y-axis) 
#  k (z-axis) 
#  RGB (R) 
#  RGB (G) 
#  RGB (B) 
#  number per voxel 
#  glucose 
#  oxygen
0.000000 0.000000 10.000000 0.000000 0.000000 0.000000 0.000000 9099.775780 95283.682720
0.000000 1.000000 10.000000 0.000000 0.000000 0.000000 0.000000 17098.740742 179108.341919
0.000000 2.000000 10.000000 0.000000 0.000000 0.000000 0.000000 23279.494917 243696.430724
0.000000 3.000000 10.000000 0.000000 0.000000 0.000000 0.000000 27431.095610 285182.914661
0.000000 4.000000 10.000000 0.000000 0.000000 0.000000 0.000000 29835.666648 305890.154547
0.000000 5.000000 10.000000 0.000000 0.000000 0.000000 0.000000 30942.320961 309249.514119
0.000000 6.000000 10.000000 0.000000 0.000000 0.000000 0.000000 31274.183808 302165.019841
0.000000 7.000000 10.000000 0.000000 0.000000 0.000000 0.000000 31196.237956 289518.479829
0.000000 8.000000 10.000000 0.000000 0.000000 0.000000 0.000000 30977.160706 276447.890653
0.000000 9.000000 10.000000 0.000000 0.000000 0.000000 0.000000 30760.877999 266120.294823
0.000000 10.000000 10.000000 0.000000 0.000000 0.000000 0.000000 30622.055604 260617.453747
0.000000 11.000000 10.000000 0.000000 0.000000 0.000000 0.000000 30600.901906 261384.034586
0.000000 12.000000 10.000000 0.000000 0.000000 0.000000 0.000000 30700.075543 269240.082309
0.000000 13.000000 10.000000 0.000000 0.000000 0.000000 0.000000 30873.656711 284482.165703
0.000000 14.000000 10.000000 0.000000 0.000000 0.000000 0.000000 30960.799147 305860.145557
0.000000 15.000000 10.000000 0.000000 0.000000 0.000000 0.000000 30600.931841 328578.079151
0.000000 16.000000 10.000000 0.000000 0.000000 0.000000 0.000000 29151.995127 341576.820341
0.000000 17.000000 10.000000 0.000000 0.000000 0.000000 0.000000 25717.404889 325717.212784
0.000000 18.000000 10.000000 0.000000 0.000000 0.000000 0.000000 19640.202004 265569.403194
0.000000 19.000000 10.000000 0.000000 0.000000 0.000000 0.000000 11324.257065 171558.865708
1.000000 0.000000 10.000000 0.000000 0.000000 0.000000 0.000000 16706.044420 172798.719776
1.000000 1.000000 10.000000 0.000000 0.000000 0.000000 0.000000 31393.415004 324293.806852
1.000000 2.000000 10.000000 0.000000 0.000000 0.000000 0.000000 42732.831524 439675.631059
1.000000 3.000000 10.000000 0.000000 0.000000 0.000000 0.000000 50353.453928 512557.898482
1.000000 4.000000 10.000000 0.000000 0.000000 0.000000 0.000000 54746.194137 546444.801973
1.000000 5.000000 10.000000 0.000000 0.000000 0.000000 0.000000 56773.125244 549267.413040
1.000000 6.000000 10.000000 0.000000 0.000000 0.000000 0.000000 57361.525669 532640.848138
1.000000 7.000000 10.000000 0.000000 0.000000 0.000000 0.000000 57203.931935 506624.540503
1.000000 8.000000 10.000000 0.000000 0.000000 0.000000 0.000000 56778.086618 480042.410736
1.000000 9.000000 10.000000 0.000000 0.000000 0.000000 0.000000 56358.032934 459289.843071
1.000000 10.000000 10.000000 0.000000 0.000000 0.000000 0.000000 56091.678324 448385.234383
1.000000 11.000000 10.000000 0.000000 0.000000 0.000000 0.000000 56066.562731 450693.225539
1.000000 12.000000 10.000000 0.000000 0.000000 0.000000 0.000000 56283.823899 467373.005903
1.000000 13.000000 10.000000 0.000000 0.000000 0.000000 0.000000 56652.793747 498980.931476
1.000000 14.000000 10.000000 0.000000 0.000000 0.000000 0.000000 56841.087330 541712.452634
1.000000 15.000000 10.000000 0.000000 0.000000 0.000000 0.000000 56150.087969 585616.734574
1.000000 16.000000 10.000000 0.000000 0.000000 0.000000 0.000000 53331.760194 607599.700230
1.000000 17.000000 10.000000 0.000000 0.000000 0.000000 0.000000 47461.411402 597323.396470
1.000000 18.000000 10.000000 0.000000 0.000000 0.000000 0.000000 35554.775583 464430.722294
1.000000 19.000000 10.000000 0.000000 0.000000 0.000000 0.000000 19305.639366 260901.329611
2.000000 0.000000 10.000000 0.000000 0.000000 0.000000 0.000000 22007.690846 222836.747810
2.000000 1.000000 10.000000 0.000000 0.000000 0.000000 0.000000 41346.473648 416672.698944
2.000000 2.000000 10.000000 0.000000 0.000000 0.000000 0.000000 56262.279882 561653.277567
2.000000 3.000000 10.000000 0.000000 0.000000 0.000000 0.000000 66258.734459 649231.687134
2.000000 4.000000 10.000000 0.000000 0.000000 0.000000 0.000000 72000.829345 685182.647476
2.000000 5.000000 10.000000 0.000000 0.000000 0.000000 0.000000 74613.392268 679926.887886
2.000000 6.000000 10.000000 0.000000 0.000000 0.000000 0.000000 75341.750354 650428.490885
2.000000 7.000000 10.000000 0.000000 0.000000 0.000000 0.000000 75085.266934 609596.728503
2.000000 8.000000 10.000000 0.000000 0.000000 0.000000 0.000000 74476.628264 569629.717128
2.000000 9.000000 10.000000 0.000000 102.000000 204.000000 5.000000 73885.965327 538806.690474
2.000000 10.000000 10.000000 0.000000 102.000000 204.000000 4.000000 73532.215607 523727.069968
2.000000 11.000000 10.000000 0.000000 102.000000 204.000000 6.000000 73538.294732 528587.440094
2.000000 12.000000 10.000000 0.000000 0.000000 0.000000 0.000000 73918.518904 555990.477309
2.000000 13.000000 10.000000 0.000000 0.000000 0.000000 0.000000 74506.861127 604565.552938
2.000000 14.000000 10.000000 0.000000 0.000000 0.000000 0.000000 74837.284600 669010.345611
2.000000 15.000000 10.000000 0.000000 0.000000 0.000000 0.000000 73897.125938 732378.876254
2.000000 16.000000 10.000000 0.000000 0.000000 0.000000 0.000000 70055.127357 764727.850593
2.000000 17.000000 10.000000 0.000000 0.000000 0.000000 0.000000 61302.334792 723871.574363
2.000000 18.000000 10.000000 0.000000 0.000000 0.000000 0.000000 46168.471019 575576.355922
2.000000 19.000000 10.000000 0.000000 0.000000 0.000000 0.000000 24972.174236 321540.985485
3.000000 0.000000 10.000000 0.000000 0.000000 0.000000 0.000000 25054.362161 245779.575983
3.000000 1.000000 10.000000 0.000000 0.000000 0.000000 0.000000 47048.647642 457077.231444
3.000000 2.000000 10.000000 0.000000 0.000000 0.000000 0.000000 63958.647417 609979.376204
3.000000 3.000000 10.000000 0.000000 0.000000 0.000000 0.000000 75251.901172 696163.056208
3.000000 4.000000 10.000000 0.000000 0.000000 0.000000 0.000000 81666.578332 721966.253302
3.000000 5.000000 10.000000 0.000000 0.000000 0.000000 0.000000 84538.155210 702517.570109
3.000000 6.000000 10.000000 0.000000 102.000000 204.000000 7.000000 85257.580407 656252.114288
3.000000 7.000000 10.000000 0.000000 102.000000 204.000000 7.000000 84887.405797 601019.898977
3.000000 8.000000 10.000000 0.000000 102.000000 204.000000 6.000000 84154.703656 549916.518239
3.000000 9.000000 10.000000 0.000000 102.000000 204.000000 10.000000 83471.345759 512284.114398
3.000000 10.000000 10.000000 0.000000 102.000000 204.000000 21.000000 83102.009436 494911.056684
3.000000 11.000000 10.000000 0.000000 102.000000 204.000000 7.000000 83213.620988 504753.017507
3.000000 12.000000 10.000000 0.000000 102.000000 204.000000 5.000000 83779.966460 542420.153654
3.000000 13.000000 10.000000 0.000000 102.000000 204.000000 5.000000 84596.151006 607003.975576
3.000000 14.000000 10.000000 0.000000 102.000000 204.000000 12.000000 85081.296989 690576.813876
3.000000 15.000000 10.000000 0.000000 0.000000 0.000000 0.000000 84044.667740 773670.074588
3.000000 16.000000 10.000000 0.000000 0.000000 0.000000 0.000000 79568.959162 818012.402165
3.000000 17.000000 10.000000 0.000000 0.000000 0.000000 0.000000 69361.728767 775449.841276
3.000000 18.000000 10.000000 0.000000 0.000000 0.000000 0.000000 52139.626937 618857.270831
3.000000 19.000000 10.000000 0.000000 0.000000 0.000000 0.000000 28123.036630 344909.345185
4.000000 0.000000 10.000000 0.000000 0.000000 0.000000 0.000000 26443.808525 248655.071684
4.000000 1.000000 10.000000 0.000000 0.000000 0.000000 0.000000 49610.013863 458536.443284
4.000000 2.000000 10.000000 0.000000 0.000000 0.000000 0.000000 67343.859753 603533.116763
4.000000 3.000000 10.000000 0.000000 0.000000 0.000000 0.000000 79090.378850 675309.823118
4.000000 4.000000 10.000000 0.000000 0.000000 0.000000 0.000000 85684.324823 683769.911783
4.000000 5.000000 10.000000 0.000000 102.000000 204.000000 5.000000 88544.992179 645883.680138
4.000000 6.000000 10.000000 0.000000 102.000000 204.000000 12.000000 89193.148113 585020.042197
4.000000 7.000000 10.000000 0.000000 102.000000 204.000000 15.000000 88728.564048 518394.418283
4.000000 8.000000 10.000000 0.000000 102.000000 204.000000 13.000000 87955.080295 461640.396366
4.000000 9.000000 10.000000 0.000000 102.000000 204.000000 11.000000 87302.255672 422591.049689
4.000000 10.000000 10.000000 0.000000 102.000000 204.000000 13.000000 87042.328050 408144.160817
4.000000 11.000000 10.000000 0.000000 102.000000 204.000000 13.000000 87294.752785 422350.321064
4.000000 12.000000 10.000000 0.000000 102.000000 204.000000 14.000000 88042.759325 468208.258860
4.000000 13.000000 10.000000 0.000000 102.000000 204.000000 16.000000 89041.088383 543693.296809
4.000000 14.000000 10.000000 0.000000 102.000000 204.000000 7.000000 89657.576206 642092.371511
4.000000 15.000000 10.000000 0.000000 102.000000 204.000000 5.000000 88561.708532 738249.684081
4.000000 16.000000 10.000000 0.000000 0.000000 0.000000 0.000000 83750.720975 795190.751137
4.000000 17.000000 10.000000 0.000000 0.000000 0.000000 0.000000 72939.714132 763479.699047
4.000000 18.000000 10.000000 0.000000 0.000000 0.000000 0.000000 54685.315585 611369.346325
4.000000 19.000000 10.000000 0.000000 0.000000 0.000000 0.000000 29443.296328 341076.957905
5.000000 0.000000 10.000000 0.000000 0.000000 0.000000 0.000000 26867.951261 239830.377213
5.000000 1.000000 10.000000 0.000000 0.000000 0.000000 0.000000 50343.508389 437502.909914
5.000000 2.000000 10.000000 0.000000 0.000000 0.000000 0.000000 68200.549849 565023.340176
5.000000 3.000000 10.000000 0.000000 0.000000 0.000000 0.000000 79918.866217 616419.797010
5.000000 4.000000 10.000000 0.000000 102.000000 204.000000 6.000000 86379.717237 603759.026341
5.000000 5.000000 10.000000 0.000000 102.000000 204.000000 9.000000 89117.478458 550117.438908
5.000000 6.000000 10.000000 0.000000 102.000000 204.000000 13.000000 89696.023804 479431.121660
5.000000 7.000000 10.000000 0.000000 102.000000 204.000000 9.000000 89217.328647 409650.490261
5.000000 8.000000 10.000000 0.000000 102.000000 204.000000 7.000000 88502.446978 353762.072518
5.000000 9.000000 10.000000 104.000000 24.000000 24.000000 10.000000 87945.513803 317688.592240
5.000000 10.000000 10.000000 104.000000 24.000000 24.000000 11.000000 87857.225177 308579.037128
5.000000 11.000000 10.000000 104.000000 24.000000 24.000000 12.000000 88269.656040 327646.026566
5.000000 12.000000 10.000000 0.000000 102.000000 204.000000 6.000000 89164.680448 378296.664412
5.000000 13.000000 10.000000 0.000000 102.000000 204.000000 8.000000 90242.149353 457631.553234
5.000000 14.000000 10.000000 0.000000 102.000000 204.000000 18.000000 90877.512208 559621.069176
5.000000 15.000000 10.000000 0.000000 102.000000 204.000000 10.000000 89670.402993 661129.477886
5.000000 16.000000 10.000000 0.000000 102.000000 204.000000 7.000000 84652.967354 724998.398951
5.000000 17.000000 10.000000 0.000000 0.000000 0.000000 0.000000 73468.431890 701541.530339
5.000000 18.000000 10.000000 0.000000 0.000000 0.000000 0.000000 55042.993474 568107.532059
5.000000 19.000000 10.000000 0.000000 0.000000 0.000000 0.000000 29604.552838 318380.223117
6.000000 0.000000 10.000000 0.000000 0.000000 0.000000 0.000000 26857.517070 226480.083603
6.000000 1.000000 10.000000 0.000000 0.000000 0.000000 0.000000 50252.606261 407827.006223
6.000000 2.000000 10.000000 0.000000 0.000000 0.000000 0.000000 67937.573547 515479.880360
6.000000 3.000000 10.000000 0.000000 102.000000 204.000000 7.000000 79413.233018 544906.432278
6.000000 4.000000 10.000000 0.000000 102.000000 204.000000 5.000000 85669.314918 514946.049247
6.000000 5.000000 10.000000 104.000000 24.000000 24.000000 11.000000 88266.031115 449339.271467
6.000000 6.000000 10.000000 104.000000 24.000000 24.000000 10.000000 88804.207739 375807.807232
6.000000 7.000000 10.000000 104.000000 24.000000 24.000000 7.000000 88368.110492 308165.475109
6.000000 8.000000 10.000000 104.000000 24.000000 24.000000 7.000000 87716.433061 257197.221729
6.000000 9.000000 10.000000 104.000000 24.000000 24.000000 5.000000 87283.044502 227725.023662
6.000000 10.000000 10.000000 104.000000 24.000000 24.000000 6.000000 87297.135937 223344.045707
6.000000 11.000000 10.000000 104.000000 24.000000 24.000000 9.000000 87804.780498 244852.013664
6.000000 12.000000 10.000000 104.000000 24.000000 24.000000 10.000000 88718.344312 294370.001986
6.000000 13.000000 10.000000 104.000000 24.000000 24.000000 7.000000 89763.698089 370389.965053
6.000000 14.000000 10.000000 0.000000 102.000000 204.000000 13.000000 90263.175460 467409.549201
6.000000 15.000000 10.000000 104.000000 24.000000 24.000000 83.000000 89387.569526 580286.625887
6.000000 16.000000 10.000000 0.000000 102.000000 204.000000 15.000000 83632.192228 628268.587343
6.000000 17.000000 10.000000 0.000000 102.000000 204.000000 14.000000 72491.628314 617675.499002
6.000000 18.000000 10.000000 0.000000 0.000000 0.000000 0.000000 54182.641295 504240.497102
6.000000 19.000000 10.000000 0.000000 0.000000 0.000000 0.000000 29157.795832 285638.679466
7.000000 0.000000 10.000000 0.000000 0.000000 0.000000 0.000000 26738.867351 214062.796118
7.000000 1.000000 10.000000 0.000000 0.000000 0.000000 0.000000 49969.450751 380711.098230
7.000000 2.000000 10.000000 0.000000 0.000000 0.000000 0.000000 67432.335733 470884.103220
7.000000 3.000000 10.000000 0.000000 102.000000 204.000000 5.000000 78685.040569 483527.017228
7.000000 4.000000 10.000000 0.000000 102.000000 204.000000 16.000000 84753.171264 439526.929137
7.000000 5.000000 10.000000 104.000000 24.000000 24.000000 12.000000 87272.834849 368855.791753
7.000000 6.000000 10.000000 104.000000 24.000000 24.000000 6.000000 87811.977191 295983.014440
7.000000 7.000000 10.000000 104.000000 24.000000 24.000000 5.000000 87362.207060 231971.601419
7.000000 8.000000 10.000000 104.000000 24.000000 24.000000 9.000000 86723.109874 186190.713742
7.000000 9.000000 10.000000 104.000000 24.000000 24.000000 14.000000 86261.712247 160343.526363
7.000000 10.000000 10.000000 104.000000 24.000000 24.000000 10.000000 86267.401912 158511.526830
7.000000 11.000000 10.000000 104.000000 24.000000 24.000000 10.000000 86725.751870 178875.317104
7.000000 12.000000 10.000000 104.000000 24.000000 24.000000 9.000000 87553.357031 223281.513546
7.000000 13.000000 10.000000 104.000000 24.000000 24.000000 8.000000 88457.597327 291458.270099
7.000000 14.000000 10.000000 104.000000 24.000000 24.000000 12.000000 88798.990066 379567.692149
7.000000 15.000000 10.000000 0.000000 102.000000 204.000000 17.000000 87283.223926 471355.074109
7.000000 16.000000 10.000000 0.000000 102.000000 204.000000 20.000000 82013.682652 535565.915124
7.000000 17.000000 10.000000 0.000000 102.000000 204.000000 6.000000 71070.187788 538269.188852
7.000000 18.000000 10.000000 0.000000 0.000000 0.000000 0.000000 53089.526976 444587.276144
7.000000 19.000000 10.000000 0.000000 0.000000 0.000000 0.000000 28577.480543 254407.082834
8.000000 0.000000 10.000000 0.000000 0.000000 0.000000 0.000000 26704.908133 207114.022857
8.000000 1.000000 10.000000 0.000000 0.000000 0.000000 0.000000 49858.208107 364758.888561
8.000000 2.000000 10.000000 0.000000 0.000000 0.000000 0.000000 67195.104120 444034.136792
8.000000 3.000000 10.000000 0.000000 102.000000 204.000000 17.000000 78291.761759 444815.647237
8.000000 4.000000 10.000000 0.000000 102.000000 204.000000 13.000000 84263.285948 393922.776201
8.000000 5.000000 10.000000 104.000000 24.000000 24.000000 18.000000 86763.368115 320314.203792
8.000000 6.000000 10.000000 104.000000 24.000000 24.000000 11.000000 87183.760089 246137.740310
8.000000 7.000000 10.000000 104.000000 24.000000 24.000000 14.000000 86714.410668 185066.391101
8.000000 8.000000 10.000000 104.000000 24.000000 24.000000 13.000000 85914.711334 140353.348942
8.000000 9.000000 10.000000 104.000000 24.000000 24.000000 7.000000 85350.971918 116387.374100
8.000000 10.000000 10.000000 104.000000 24.000000 24.000000 8.000000 85199.015466 112434.317658
8.000000 11.000000 10.000000 104.000000 24.000000 24.000000 7.000000 85516.633886 128982.087628
8.000000 12.000000 10.000000 104.000000 24.000000 24.000000 7.000000 86172.665377 166342.590222
8.000000 13.000000 10.000000 104.000000 24.000000 24.000000 9.000000 86910.539503 225960.510631
8.000000 14.000000 10.000000 104.000000 24.000000 24.000000 7.000000 87057.735358 304682.022548
8.000000 15.000000 10.000000 104.000000 24.000000 24.000000 7.000000 85527.681015 392979.083985
8.000000 16.000000 10.000000 0.000000 102.000000 204.000000 22.000000 80453.801104 463184.338529
8.000000 17.000000 10.000000 0.000000 102.000000 204.000000 6.000000 69847.357473 478562.399714
8.000000 18.000000 10.000000 0.000000 0.000000 0.000000 0.000000 52280.408809 403649.615424
8.000000 19.000000 10.000000 0.000000 0.000000 0.000000 0.000000 28129.359606 231922.853577
9.000000 0.000000 10.000000 0.000000 0.000000 0.000000 0.000000 26873.899826 209250.668668
9.000000 1.000000 10.000000 0.000000 0.000000 0.000000 0.000000 50133.970111 366679.186218
9.000000 2.000000 10.000000 0.000000 102.000000 204.000000 5.000000 67488.624680 442580.203653
9.000000 3.000000 10.000000 0.000000 102.000000 204.000000 9.000000 78521.923573 438441.629757
9.000000 4.000000 10.000000 0.000000 102.000000 204.000000 17.000000 84375.198500 381626.185799
9.000000 5.000000 10.000000 104.000000 24.000000 24.000000 18.000000 86685.908493 301946.115656
9.000000 6.000000 10.000000 104.000000 24.000000 24.000000 16.000000 87005.685742 225644.293921
9.000000 7.000000 10.000000 104.000000 24.000000 24.000000 17.000000 86297.527555 160689.773921
9.000000 8.000000 10.000000 104.000000 24.000000 24.000000 11.000000 85367.741906 115447.046183
9.000000 9.000000 10.000000 104.000000 24.000000 24.000000 7.000000 84637.766453 89434.394635
9.000000 10.000000 10.000000 104.000000 24.000000 24.000000 8.000000 84337.586403 82586.470217
9.000000 11.000000 10.000000 104.000000 24.000000 24.000000 13.000000 84484.438987 94171.584383
9.000000 12.000000 10.000000 104.000000 24.000000 24.000000 8.000000 84981.764920 125692.381953
9.000000 13.000000 10.000000 104.000000 24.000000 24.000000 8.000000 85547.895591 178271.302128
9.000000 14.000000 10.000000 104.000000 24.000000 24.000000 6.000000 85605.518959 251642.800230
9.000000 15.000000 10.000000 0.000000 102.000000 204.000000 6.000000 84085.436740 338319.731234
9.000000 16.000000 10.000000 0.000000 102.000000 204.000000 21.000000 79178.635945 412230.161993
9.000000 17.000000 10.000000 0.000000 102.000000 204.000000 15.000000 69187.973347 448448.268296
9.000000 18.000000 10.000000 0.000000 102.000000 204.000000 6.000000 51666.452745 376183.418624
9.000000 19.000000 10.000000 0.000000 0.000000 0.000000 0.000000 27868.326022 219500.615360
10.000000 0.000000 10.000000 0.000000 0.000000 0.000000 0.000000 27287.483977 222003.874855
10.000000 1.000000 10.000000 0.000000 0.000000 0.000000 0.000000 50886.238817 389557.529628
10.000000 2.000000 10.000000 0.000000 102.000000 204.000000 6.000000 68403.719880 469893.466886
10.000000 3.000000 10.000000 0.000000 102.000000 204.000000 18.000000 79409.760153 464163.369122
10.000000 4.000000 10.000000 104.000000 24.000000 24.000000 13.000000 85025.277494 400319.268268
10.000000 5.000000 10.000000 104.000000 24.000000 24.000000 17.000000 87026.424489 311586.283022
10.000000 6.000000 10.000000 104.000000 24.000000 24.000000 10.000000 86949.273992 224583.815712
10.000000 7.000000 10.000000 104.000000 24.000000 24.000000 16.000000 86055.390980 153972.891832
10.000000 8.000000 10.000000 104.000000 24.000000 24.000000 7.000000 84966.474523 104577.605883
10.000000 9.000000 10.000000 104.000000 24.000000 24.000000 7.000000 84156.953775 76148.070957
10.000000 10.000000 10.000000 104.000000 24.000000 24.000000 7.000000 83780.519063 67057.579855
10.000000 11.000000 10.000000 104.000000 24.000000 24.000000 9.000000 83841.814463 75988.223138
10.000000 12.000000 10.000000 104.000000 24.000000 24.000000 10.000000 84214.259099 103202.202073
10.000000 13.000000 10.000000 104.000000 24.000000 24.000000 7.000000 84657.280647 151430.951691
10.000000 14.000000 10.000000 104.000000 24.000000 24.000000 7.000000 84600.441778 220437.020255
10.000000 15.000000 10.000000 104.000000 24.000000 24.000000 8.000000 83024.101573 304331.789561
10.000000 16.000000 10.000000 0.000000 102.000000 204.000000 19.000000 78231.601296 381323.333941
10.000000 17.000000 10.000000 0.000000 102.000000 204.000000 24.000000 68112.964985 411687.511379
10.000000 18.000000 10.000000 0.000000 102.000000 204.000000 5.000000 51286.680712 363166.787909
10.000000 19.000000 10.000000 0.000000 0.000000 0.000000 0.000000 27655.154520 211927.659093
11.000000 0.000000 10.000000 0.000000 0.000000 0.000000 0.000000 27894.609672 243755.336839
11.000000 1.000000 10.000000 0.000000 0.000000 0.000000 0.000000 51975.018576 428908.154117
11.000000 2.000000 10.000000 0.000000 102.000000 204.000000 5.000000 69826.556621 521957.281135
11.000000 3.000000 10.000000 0.000000 102.000000 204.000000 9.000000 80787.760680 516708.448130
11.000000 4.000000 10.000000 0.000000 102.000000 204.000000 13.000000 86134.387890 445640.549369
11.000000 5.000000 10.000000 0.000000 102.000000 204.000000 6.000000 87609.440431 342240.556240
11.000000 6.000000 10.000000 104.000000 24.000000 24.000000 7.000000 87146.169970 242525.310029
11.000000 7.000000 10.000000 104.000000 24.000000 24.000000 12.000000 85904.932236 160573.483364
11.000000 8.000000 10.000000 104.000000 24.000000 24.000000 8.000000 84734.854989 106070.962927
11.000000 9.000000 10.000000 104.000000 24.000000 24.000000 7.000000 83899.665129 74827.801989
11.000000 10.000000 10.000000 104.000000 24.000000 24.000000 11.000000 83537.552933 64680.010768
11.000000 11.000000 10.000000 104.000000 24.000000 24.000000 10.000000 83601.781550 73228.265117
11.000000 12.000000 10.000000 104.000000 24.000000 24.000000 14.000000 83930.728197 99217.396490
11.000000 13.000000 10.000000 104.000000 24.000000 24.000000 6.000000 84301.311928 146109.033553
11.000000 14.000000 10.000000 104.000000 24.000000 24.000000 9.000000 84123.622077 212053.136412
11.000000 15.000000 10.000000 104.000000 24.000000 24.000000 7.000000 82443.184714 293381.255338
11.000000 16.000000 10.000000 104.000000 24.000000 24.000000 14.000000 77532.665010 366306.684184
11.000000 17.000000 10.000000 0.000000 102.000000 204.000000 11.000000 67528.276936 399795.278853
11.000000 18.000000 10.000000 0.000000 102.000000 204.000000 5.000000 50824.746205 352798.853362
11.000000 19.000000 10.000000 0.000000 0.000000 0.000000 0.000000 27532.743060 210630.210304
12.000000 0.000000 10.000000 0.000000 0.000000 0.000000 0.000000 28448.612683 266328.048753
12.000000 1.000000 10.000000 0.000000 0.000000 0.000000 0.000000 53094.590742 474672.213736
12.000000 2.000000 10.000000 0.000000 0.000000 0.000000 0.000000 71236.844318 581700.177925
12.000000 3.000000 10.000000 0.000000 102.000000 204.000000 9.000000 82254.380218 582036.205087
12.000000 4.000000 10.000000 0.000000 102.000000 204.000000 14.000000 87251.402081 502208.642444
12.000000 5.000000 10.000000 0.000000 102.000000 204.000000 6.000000 88346.519806 387833.165863
12.000000 6.000000 10.000000 104.000000 24.000000 24.000000 6.000000 87477.485333 274814.412580
12.000000 7.000000 10.000000 104.000000 24.000000 24.000000 11.000000 85985.669641 182641.577605
12.000000 8.000000 10.000000 104.000000 24.000000 24.000000 8.000000 84698.102132 121215.429720
12.000000 9.000000 10.000000 104.000000 24.000000 24.000000 9.000000 83879.161549 87237.810322
12.000000 10.000000 10.000000 104.000000 24.000000 24.000000 10.000000 83584.303491 77228.123433
12.000000 11.000000 10.000000 104.000000 24.000000 24.000000 6.000000 83722.121993 87612.430570
12.000000 12.000000 10.000000 104.000000 24.000000 24.000000 8.000000 84092.498110 115856.853413
12.000000 13.000000 10.000000 104.000000 24.000000 24.000000 8.000000 84426.358464 163114.940437
12.000000 14.000000 10.000000 104.000000 24.000000 24.000000 8.000000 84178.385121 229112.682775
12.000000 15.000000 10.000000 0.000000 102.000000 204.000000 6.000000 82353.751701 307250.225971
12.000000 16.000000 10.000000 0.000000 102.000000 204.000000 12.000000 77360.770886 377642.598124
12.000000 17.000000 10.000000 0.000000 102.000000 204.000000 6.000000 67254.458179 405765.109675
12.000000 18.000000 10.000000 0.000000 0.000000 0.000000 0.000000 50612.053392 356968.962285
12.000000 19.000000 10.000000 0.000000 0.000000 0.000000 0.000000 27319.055787 209232.699760
13.000000 0.000000 10.000000 0.000000 0.000000 0.000000 0.000000 28691.869051 281701.401881
13.000000 1.000000 10.000000 0.000000 0.000000 0.000000 0.000000 53533.498516 504151.579043
13.000000 2.000000 10.000000 0.000000 0.000000 0.000000 0.000000 72484.616441 646465.121544
13.000000 3.000000 10.000000 0.000000 102.000000 204.000000 5.000000 82929.634649 633827.546865
13.000000 4.000000 10.000000 0.000000 102.000000 204.000000 17.000000 87904.354182 557656.264726
13.000000 5.000000 10.000000 104.000000 24.000000 24.000000 10.000000 88803.017491 438843.582611
13.000000 6.000000 10.000000 104.000000 24.000000 24.000000 6.000000 87764.737216 319278.902635
13.000000 7.000000 10.000000 104.000000 24.000000 24.000000 7.000000 86146.926385 220383.610829
13.000000 8.000000 10.000000 104.000000 24.000000 24.000000 8.000000 84812.020515 153611.144483
13.000000 9.000000 10.000000 104.000000 24.000000 24.000000 11.000000 84026.504099 117459.961431
13.000000 10.000000 10.000000 104.000000 24.000000 24.000000 14.000000 83818.185155 108252.228656
13.000000 11.000000 10.000000 104.000000 24.000000 24.000000 8.000000 84064.135353 121931.563142
13.000000 12.000000 10.000000 104.000000 24.000000 24.000000 13.000000 84509.234099 153947.177122
13.000000 13.000000 10.000000 104.000000 24.000000 24.000000 7.000000 84906.459832 206018.411791
13.000000 14.000000 10.000000 104.000000 24.000000 24.000000 7.000000 84615.884796 273211.515698
13.000000 15.000000 10.000000 104.000000 24.000000 24.000000 13.000000 82719.350272 350424.256961
13.000000 16.000000 10.000000 0.000000 102.000000 204.000000 16.000000 77590.365942 415196.178831
13.000000 17.000000 10.000000 0.000000 102.000000 204.000000 8.000000 67365.609547 435323.574095
13.000000 18.000000 10.000000 0.000000 0.000000 0.000000 0.000000 50533.667472 372898.047532
13.000000 19.000000 10.000000 0.000000 0.000000 0.000000 0.000000 27287.643229 217940.352911
14.000000 0.000000 10.000000 0.000000 0.000000 0.000000 0.000000 28377.719057 283815.590235
14.000000 1.000000 10.000000 0.000000 0.000000 0.000000 0.000000 53027.237995 512838.681119
14.000000 2.000000 10.000000 0.000000 0.000000 0.000000 0.000000 71269.003465 643745.470779
14.000000 3.000000 10.000000 0.000000 102.000000 204.000000 10.000000 82420.954078 666910.874910
14.000000 4.000000 10.000000 0.000000 102.000000 204.000000 9.000000 87508.479182 603119.703792
14.000000 5.000000 10.000000 0.000000 102.000000 204.000000 13.000000 88558.792491 492549.869986
14.000000 6.000000 10.000000 0.000000 102.000000 204.000000 9.000000 87601.671242 375500.303508
14.000000 7.000000 10.000000 104.000000 24.000000 24.000000 6.000000 86041.818038 275673.435558
14.000000 8.000000 10.000000 104.000000 24.000000 24.000000 7.000000 84753.243621 206846.909626
14.000000 9.000000 10.000000 104.000000 24.000000 24.000000 5.000000 84048.386664 170614.021215
14.000000 10.000000 10.000000 104.000000 24.000000 24.000000 9.000000 83950.835489 163686.904314
14.000000 11.000000 10.000000 104.000000 24.000000 24.000000 9.000000 84311.187917 181292.469483
14.000000 12.000000 10.000000 104.000000 24.000000 24.000000 10.000000 84886.094722 219296.255286
14.000000 13.000000 10.000000 104.000000 24.000000 24.000000 7.000000 85321.082166 274731.801465
14.000000 14.000000 10.000000 104.000000 24.000000 24.000000 11.000000 85052.607406 344464.470974
14.000000 15.000000 10.000000 0.000000 102.000000 204.000000 11.000000 83062.018282 418009.070934
14.000000 16.000000 10.000000 0.000000 102.000000 204.000000 7.000000 77818.674743 475173.854464
14.000000 17.000000 10.000000 0.000000 102.000000 204.000000 9.000000 67437.226006 480881.811170
14.000000 18.000000 10.000000 0.000000 0.000000 0.000000 0.000000 50473.779464 401573.792029
14.000000 19.000000 10.000000 0.000000 0.000000 0.000000 0.000000 27245.959558 232336.092514
15.000000 0.000000 10.000000 0.000000 0.000000 0.000000 0.000000 27420.556804 275384.391694
15.000000 1.000000 10.000000 0.000000 0.000000 0.000000 0.000000 51219.692052 499085.918194
15.000000 2.000000 10.000000 0.000000 0.000000 0.000000 0.000000 69048.842018 638179.001635
15.000000 3.000000 10.000000 0.000000 0.000000 0.000000 0.000000 80138.906077 678620.426107
15.000000 4.000000 10.000000 0.000000 102.000000 204.000000 7.000000 85530.460891 638900.695551
15.000000 5.000000 10.000000 0.000000 102.000000 204.000000 12.000000 86917.735802 547757.443233
15.000000 6.000000 10.000000 0.000000 102.000000 204.000000 14.000000 86227.006467 441526.919398
15.000000 7.000000 10.000000 0.000000 102.000000 204.000000 9.000000 84869.766261 347417.025177
15.000000 8.000000 10.000000 104.000000 24.000000 24.000000 7.000000 83689.795614 279731.822600
15.000000 9.000000 10.000000 104.000000 24.000000 24.000000 13.000000 83076.083896 244367.638396
15.000000 10.000000 10.000000 104.000000 24.000000 24.000000 7.000000 83105.771781 241024.636962
15.000000 11.000000 10.000000 104.000000 24.000000 24.000000 8.000000 83610.132202 263875.251260
15.000000 12.000000 10.000000 104.000000 24.000000 24.000000 8.000000 84298.136088 306793.055503
15.000000 13.000000 10.000000 104.000000 24.000000 24.000000 8.000000 84788.799347 364920.971878
15.000000 14.000000 10.000000 0.000000 102.000000 204.000000 13.000000 84453.852304 431151.436849
15.000000 15.000000 10.000000 0.000000 102.000000 204.000000 13.000000 82355.357972 496508.506771
15.000000 16.000000 10.000000 0.000000 102.000000 204.000000 7.000000 76934.468462 536816.720493
15.000000 17.000000 10.000000 0.000000 0.000000 0.000000 0.000000 66485.746758 523876.865427
15.000000 18.000000 10.000000 0.000000 0.000000 0.000000 0.000000 49630.766156 425758.903874
15.000000 19.000000 10.000000 0.000000 0.000000 0.000000 0.000000 26728.035120 241958.077057
16.000000 0.000000 10.000000 0.000000 0.000000 0.000000 0.000000 25521.305468 256728.752667
16.000000 1.000000 10.000000 0.000000 0.000000 0.000000 0.000000 47769.926167 470718.965077
16.000000 2.000000 10.000000 0.000000 0.000000 0.000000 0.000000 64539.379848 611512.333519
16.000000 3.000000 10.000000 0.000000 0.000000 0.000000 0.000000 75257.484727 669782.021567
16.000000 4.000000 10.000000 0.000000 0.000000 0.000000 0.000000 80721.167728 655332.014634
16.000000 5.000000 10.000000 0.000000 102.000000 204.000000 8.000000 82447.754591 589754.067078
16.000000 6.000000 10.000000 0.000000 102.000000 204.000000 11.000000 82112.179583 503188.906697
16.000000 7.000000 10.000000 0.000000 102.000000 204.000000 14.000000 80976.381404 418606.897230
16.000000 8.000000 10.000000 0.000000 102.000000 204.000000 11.000000 79944.840376 356241.215848
16.000000 9.000000 10.000000 0.000000 102.000000 204.000000 14.000000 79415.659454 323315.894778
16.000000 10.000000 10.000000 0.000000 102.000000 204.000000 13.000000 79531.378262 322569.596865
16.000000 11.000000 10.000000 0.000000 102.000000 204.000000 13.000000 80169.920782 349991.175161
16.000000 12.000000 10.000000 0.000000 102.000000 204.000000 19.000000 80909.998946 394167.912243
16.000000 13.000000 10.000000 0.000000 102.000000 204.000000 14.000000 81391.806464 449901.571208
16.000000 14.000000 10.000000 0.000000 102.000000 204.000000 5.000000 80949.625727 507124.602195
16.000000 15.000000 10.000000 0.000000 102.000000 204.000000 6.000000 78668.077740 553738.473052
16.000000 16.000000 10.000000 0.000000 0.000000 0.000000 0.000000 73216.235866 572845.978320
16.000000 17.000000 10.000000 0.000000 0.000000 0.000000 0.000000 62982.455106 537111.535018
16.000000 18.000000 10.000000 0.000000 0.000000 0.000000 0.000000 46808.989756 423780.268818
16.000000 19.000000 10.000000 0.000000 0.000000 0.000000 0.000000 25151.926336 237131.990964
17.000000 0.000000 10.000000 0.000000 0.000000 0.000000 0.000000 22154.099001 224563.032785
17.000000 1.000000 10.000000 0.000000 0.000000 0.000000 0.000000 41516.913858 415213.204930
17.000000 2.000000 10.000000 0.000000 0.000000 0.000000 0.000000 56248.214868 548647.647858
17.000000 3.000000 10.000000 0.000000 0.000000 0.000000 0.000000 65857.985092 616591.825471
17.000000 4.000000 10.000000 0.000000 0.000000 0.000000 0.000000 70981.289385 623932.414419
17.000000 5.000000 10.000000 0.000000 0.000000 0.000000 0.000000 72862.907512 586109.507039
17.000000 6.000000 10.000000 0.000000 102.000000 204.000000 6.000000 72794.811574 521881.180677
17.000000 7.000000 10.000000 0.000000 102.000000 204.000000 5.000000 71923.109457 453975.037088
17.000000 8.000000 10.000000 0.000000 102.000000 204.000000 7.000000 71016.790719 399274.506381
17.000000 9.000000 10.000000 0.000000 102.000000 204.000000 7.000000 70552.378386 370188.847866
17.000000 10.000000 10.000000 0.000000 102.000000 204.000000 22.000000 70663.589764 369374.694867
17.000000 11.000000 10.000000 0.000000 102.000000 204.000000 11.000000 71303.575069 396613.410775
17.000000 12.000000 10.000000 0.000000 102.000000 204.000000 8.000000 72026.803967 438027.467385
17.000000 13.000000 10.000000 0.000000 102.000000 204.000000 5.000000 72397.185224 483979.335032
17.000000 14.000000 10.000000 0.000000 102.000000 204.000000 7.000000 71812.513896 523749.069886
17.000000 15.000000 10.000000 0.000000 0.000000 0.000000 0.000000 69569.436224 551093.875921
17.000000 16.000000 10.000000 0.000000 0.000000 0.000000 0.000000 64449.803318 547873.793616
17.000000 17.000000 10.000000 0.000000 0.000000 0.000000 0.000000 55171.195449 496716.441667
17.000000 18.000000 10.000000 0.000000 0.000000 0.000000 0.000000 40863.843811 383226.291357
17.000000 19.000000 10.000000 0.000000 0.000000 0.000000 0.000000 21875.624091 210430.791922
18.000000 0.000000 10.000000 0.000000 0.000000 0.000000 0.000000 16702.656268 170833.616932
18.000000 1.000000 10.000000 0.000000 0.000000 0.000000 0.000000 31339.154828 318250.111222
18.000000 2.000000 10.000000 0.000000 0.000000 0.000000 0.000000 42551.314781 426074.725173
18.000000 3.000000 10.000000 0.000000 0.000000 0.000000 0.000000 50000.020686 488749.118631
18.000000 4.000000 10.000000 0.000000 0.000000 0.000000 0.000000 54188.859763 510294.673018
18.000000 5.000000 10.000000 0.000000 0.000000 0.000000 0.000000 55768.625187 491441.590958
18.000000 6.000000 10.000000 0.000000 0.000000 0.000000 0.000000 55922.532841 453450.979879
18.000000 7.000000 10.000000 0.000000 0.000000 0.000000 0.000000 55222.035633 402643.170310
18.000000 8.000000 10.000000 0.000000 0.000000 0.000000 0.000000 54514.145015 361539.654597
18.000000 9.000000 10.000000 0.000000 102.000000 204.000000 7.000000 54118.399356 338074.721272
18.000000 10.000000 10.000000 0.000000 102.000000 204.000000 5.000000 54202.734052 337945.388906
18.000000 11.000000 10.000000 0.000000 102.000000 204.000000 5.000000 54676.023032 357939.282519
18.000000 12.000000 10.000000 0.000000 0.000000 0.000000 0.000000 55168.228665 387024.510572
18.000000 13.000000 10.000000 0.000000 0.000000 0.000000 0.000000 55428.282961 419547.692427
18.000000 14.000000 10.000000 0.000000 0.000000 0.000000 0.000000 54883.426968 443487.545680
18.000000 15.000000 10.000000 0.000000 0.000000 0.000000 0.000000 52997.601396 453222.719718
18.000000 16.000000 10.000000 0.000000 0.000000 0.000000 0.000000 48936.761107 439264.614609
18.000000 17.000000 10.000000 0.000000 0.000000 0.000000 0.000000 41746.074592 389117.487688
18.000000 18.000000 10.000000 0.000000 0.000000 0.000000 0.000000 30840.550702 295381.248339
18.000000 19.000000 10.000000 0.000000 0.000000 0.000000 0.000000 16477.722097 160413.202935
19.000000 0.000000 10.000000 0.000000 0.000000 0.000000 0.000000 9068.001325 93389.434870
19.000000 1.000000 10.000000 0.000000 0.000000 0.000000 0.000000 17024.859069 174730.580251
19.000000 2.000000 10.000000 0.000000 0.000000 0.000000 0.000000 23151.085133 235950.958507
19.000000 3.000000 10.000000 0.000000 0.000000 0.000000 0.000000 27276.735219 274453.196119
19.000000 4.000000 10.000000 0.000000 0.000000 0.000000 0.000000 29673.337228 292099.228400
19.000000 5.000000 10.000000 0.000000 0.000000 0.000000 0.000000 30658.875821 287935.724815
19.000000 6.000000 10.000000 0.000000 0.000000 0.000000 0.000000 30737.085864 268417.575472
19.000000 7.000000 10.000000 0.000000 0.000000 0.000000 0.000000 30331.688819 240937.585787
19.000000 8.000000 10.000000 0.000000 0.000000 0.000000 0.000000 29919.571455 218156.048501
19.000000 9.000000 10.000000 0.000000 0.000000 0.000000 0.000000 29693.721936 205437.924145
19.000000 10.000000 10.000000 0.000000 0.000000 0.000000 0.000000 29718.897513 204669.719830
19.000000 11.000000 10.000000 0.000000 0.000000 0.000000 0.000000 29935.052697 214112.358167
19.000000 12.000000 10.000000 0.000000 0.000000 0.000000 0.000000 30197.486968 229336.097371
19.000000 13.000000 10.000000 0.000000 0.000000 0.000000 0.000000 30295.340257 244895.097519
19.000000 14.000000 10.000000 0.000000 0.000000 0.000000 0.000000 29978.080355 255930.388806
19.000000 15.000000 10.000000 0.000000 0.000000 0.000000 0.000000 28906.527090 258019.847515
19.000000 16.000000 10.000000 0.000000 0.000000 0.000000 0.000000 26635.405206 246249.434420
19.000000 17.000000 10.000000 0.000000 0.000000 0.000000 0.000000 22681.492397 215489.695566
19.000000 18.000000 10.000000 0.000000 0.000000 0.000000 0.000000 16732.122086 162030.514325
19.000000 19.000000 10.000000 0.000000 0.000000 0.000000 0.000000 8932.338147 87507.840014
0.000000 0.000000 15.000000 0.000000 0.000000 0.000000 0.000000 8875.401432 96298.246280
0.000000 1.000000 15.000000 0.000000 0.000000 0.000000 0.000000 16620.032599 179425.917716
0.000000 2.000000 15.000000 0.000000 0.000000 0.000000 0.000000 22579.708688 243356.423253
0.000000 3.000000 15.000000 0.000000 0.000000 0.000000 0.000000 26618.687488 286737.753353
0.000000 4.000000 15.000000 0.000000 0.000000 0.000000 0.000000 29027.168648 312335.142122
0.000000 5.000000 15.000000 0.000000 0.000000 0.000000 0.000000 30247.828673 323629.517323
0.000000 6.000000 15.000000 0.000000 0.000000 0.000000 0.000000 30671.877994 323128.145583
0.000000 7.000000 15.000000 0.000000 0.000000 0.000000 0.000000 30667.353582 315883.093578
0.000000 8.000000 15.000000 0.000000 0.000000 0.000000 0.000000 30466.903224 305672.595693
0.000000 9.000000 15.000000 0.000000 0.000000 0.000000 0.000000 30256.361734 296990.486527
0.000000 10.000000 15.000000 0.000000 0.000000 0.000000 0.000000 30110.616848 291756.470777
0.000000 11.000000 15.000000 0.000000 0.000000 0.000000 0.000000 30051.783892 290747.272329
0.000000 12.000000 15.000000 0.000000 0.000000 0.000000 0.000000 30045.990341 293495.096723
0.000000 13.000000 15.000000 0.000000 0.000000 0.000000 0.000000 29987.560593 298327.347691
0.000000 14.000000 15.000000 0.000000 0.000000 0.000000 0.000000 29656.751929 301957.364266
0.000000 15.000000 15.000000 0.000000 0.000000 0.000000 0.000000 28682.327300 299236.734983
0.000000 16.000000 15.000000 0.000000 0.000000 0.000000 0.000000 26537.036129 282927.108404
0.000000 17.000000 15.000000 0.000000 0.000000 0.000000 0.000000 22678.814013 246049.044817
0.000000 18.000000 15.000000 0.000000 0.000000 0.000000 0.000000 16769.901033 184139.232965
0.000000 19.000000 15.000000 0.000000 0.000000 0.000000 0.000000 8963.377005 99115.325946
1.000000 0.000000 15.000000 0.000000 0.000000 0.000000 0.000000 16264.449476 174164.815695
1.000000 1.000000 15.000000 0.000000 0.000000 0.000000 0.000000 30511.016359 325904.289515
1.000000 2.000000 15.000000 0.000000 0.000000 0.000000 0.000000 41483.951936 442240.460169
1.000000 3.000000 15.000000 0.000000 0.000000 0.000000 0.000000 48930.370488 520733.755802
1.000000 4.000000 15.000000 0.000000 0.000000 0.000000 0.000000 53331.317752 564876.246199
1.000000 5.000000 15.000000 0.000000 0.000000 0.000000 0.000000 55551.580606 583000.652383
1.000000 6.000000 15.000000 0.000000 0.000000 0.000000 0.000000 56278.663517 578689.043744
1.000000 7.000000 15.000000 0.000000 0.000000 0.000000 0.000000 56253.920706 563534.365908
1.000000 8.000000 15.000000 0.000000 0.000000 0.000000 0.000000 55879.135539 543628.278384
1.000000 9.000000 15.000000 0.000000 0.000000 0.000000 0.000000 55509.109533 527727.540207
1.000000 10.000000 15.000000 0.000000 0.000000 0.000000 0.000000 55280.687495 519347.718293
1.000000 11.000000 15.000000 0.000000 0.000000 0.000000 0.000000 55235.171584 519935.821042
1.000000 12.000000 15.000000 0.000000 0.000000 0.000000 0.000000 55299.932158 528268.283037
1.000000 13.000000 15.000000 0.000000 0.000000 0.000000 0.000000 55264.231556 540708.305421
1.000000 14.000000 15.000000 0.000000 0.000000 0.000000 0.000000 54712.645001 550807.275815
1.000000 15.000000 15.000000 0.000000 0.000000 0.000000 0.000000 52949.022232 548609.965681
1.000000 16.000000 15.000000 0.000000 0.000000 0.000000 0.000000 49007.371798 520814.378625
1.000000 17.000000 15.000000 0.000000 0.000000 0.000000 0.000000 41889.243674 454330.945296
1.000000 18.000000 15.000000 0.000000 0.000000 0.000000 0.000000 30977.493907 340800.051640
1.000000 19.000000 15.000000 0.000000 0.000000 0.000000 0.000000 16557.650644 183711.464605
2.000000 0.000000 15.000000 0.000000 0.000000 0.000000 0.000000 21446.950862 226572.857052
2.000000 1.000000 15.000000 0.000000 0.000000 0.000000 0.000000 40259.138783 424034.336943
2.000000 2.000000 15.000000 0.000000 0.000000 0.000000 0.000000 54782.643611 575219.794420
2.000000 3.000000 15.000000 0.000000 0.000000 0.000000 0.000000 64604.247871 674395.682845
2.000000 4.000000 15.000000 0.000000 0.000000 0.000000 0.000000 70371.886014 727013.718281
2.000000 5.000000 15.000000 0.000000 0.000000 0.000000 0.000000 73177.162309 742626.417392
2.000000 6.000000 15.000000 0.000000 0.000000 0.000000 0.000000 74071.351976 731159.739391
2.000000 7.000000 15.000000 0.000000 0.000000 0.000000 0.000000 73955.070041 705406.873976
2.000000 8.000000 15.000000 0.000000 0.000000 0.000000 0.000000 73437.405213 676245.601163
2.000000 9.000000 15.000000 0.000000 0.000000 0.000000 0.000000 72957.038111 654334.836317
2.000000 10.000000 15.000000 0.000000 0.000000 0.000000 0.000000 72725.385866 645381.906545
2.000000 11.000000 15.000000 0.000000 0.000000 0.000000 0.000000 72794.574111 651200.902368
2.000000 12.000000 15.000000 0.000000 0.000000 0.000000 0.000000 73052.569372 669614.617045
2.000000 13.000000 15.000000 0.000000 0.000000 0.000000 0.000000 73199.336276 695106.532924
2.000000 14.000000 15.000000 0.000000 0.000000 0.000000 0.000000 72626.246080 717024.005105
2.000000 15.000000 15.000000 0.000000 0.000000 0.000000 0.000000 70408.820940 721959.783827
2.000000 16.000000 15.000000 0.000000 0.000000 0.000000 0.000000 65232.337906 690721.970105
2.000000 17.000000 15.000000 0.000000 0.000000 0.000000 0.000000 55792.555213 606086.680810
2.000000 18.000000 15.000000 0.000000 0.000000 0.000000 0.000000 41272.661491 456466.942659
2.000000 19.000000 15.000000 0.000000 0.000000 0.000000 0.000000 22063.564500 246635.217224
3.000000 0.000000 15.000000 0.000000 0.000000 0.000000 0.000000 24532.150080 256090.745213
3.000000 1.000000 15.000000 0.000000 0.000000 0.000000 0.000000 46070.100098 478866.970614
3.000000 2.000000 15.000000 0.000000 0.000000 0.000000 0.000000 62664.865943 646411.487153
3.000000 3.000000 15.000000 0.000000 0.000000 0.000000 0.000000 73841.996880 752269.441062
3.000000 4.000000 15.000000 0.000000 0.000000 0.000000 0.000000 80302.885381 801735.535489
3.000000 5.000000 15.000000 0.000000 0.000000 0.000000 0.000000 83344.817151 807916.556724
3.000000 6.000000 15.000000 0.000000 0.000000 0.000000 0.000000 84197.266711 783567.978226
3.000000 7.000000 15.000000 0.000000 0.000000 0.000000 0.000000 83930.636147 745017.732567
3.000000 8.000000 15.000000 0.000000 0.000000 0.000000 0.000000 83253.278075 705491.416297
3.000000 9.000000 15.000000 0.000000 0.000000 0.000000 0.000000 82682.079406 677775.472517
3.000000 10.000000 15.000000 0.000000 0.000000 0.000000 0.000000 82484.947818 669308.920867
3.000000 11.000000 15.000000 0.000000 0.000000 0.000000 0.000000 82744.456172 682952.253648
3.000000 12.000000 15.000000 0.000000 0.000000 0.000000 0.000000 83331.355497 716177.108417
3.000000 13.000000 15.000000 0.000000 0.000000 0.000000 0.000000 83823.796970 760018.196407
3.000000 14.000000 15.000000 0.000000 0.000000 0.000000 0.000000 83504.583207 801562.704532
3.000000 15.000000 15.000000 0.000000 0.000000 0.000000 0.000000 81183.617527 820592.770874
3.000000 16.000000 15.000000 0.000000 0.000000 0.000000 0.000000 75386.208271 795695.374661
3.000000 17.000000 15.000000 0.000000 0.000000 0.000000 0.000000 64546.753895 703919.381864
3.000000 18.000000 15.000000 0.000000 0.000000 0.000000 0.000000 47791.783370 533482.540027
3.000000 19.000000 15.000000 0.000000 0.000000 0.000000 0.000000 25556.479203 289131.167075
4.000000 0.000000 15.000000 0.000000 0.000000 0.000000 0.000000 26110.594060 269966.233588
4.000000 1.000000 15.000000 0.000000 0.000000 0.000000 0.000000 49008.370415 502725.212885
4.000000 2.000000 15.000000 0.000000 0.000000 0.000000 0.000000 66598.481022 673770.463597
4.000000 3.000000 15.000000 0.000000 0.000000 0.000000 0.000000 78344.826867 775178.576872
4.000000 4.000000 15.000000 0.000000 0.000000 0.000000 0.000000 85026.671777 814198.407213
4.000000 5.000000 15.000000 0.000000 0.000000 0.000000 0.000000 88017.070942 805179.969175
4.000000 6.000000 15.000000 0.000000 0.000000 0.000000 0.000000 88704.162101 765188.513311
4.000000 7.000000 15.000000 0.000000 102.000000 204.000000 6.000000 88215.103768 711664.508090
4.000000 8.000000 15.000000 0.000000 102.000000 204.000000 6.000000 87358.729497 661077.677047
4.000000 9.000000 15.000000 0.000000 102.000000 204.000000 12.000000 86682.273681 626815.995835
4.000000 10.000000 15.000000 0.000000 102.000000 204.000000 12.000000 86520.306910 618661.278042
4.000000 11.000000 15.000000 0.000000 102.000000 204.000000 7.000000 86985.177428 640403.097773
4.000000 12.000000 15.000000 0.000000 102.000000 204.000000 8.000000 87931.762376 688950.172801
4.000000 13.000000 15.000000 0.000000 102.000000 204.000000 10.000000 88957.206724 756677.818117
4.000000 14.000000 15.000000 0.000000 0.000000 0.000000 0.000000 88999.189118 819838.794673
4.000000 15.000000 15.000000 0.000000 0.000000 0.000000 0.000000 86980.409863 862693.299074
4.000000 16.000000 15.000000 0.000000 0.000000 0.000000 0.000000 80957.117248 848913.626903
4.000000 17.000000 15.000000 0.000000 0.000000 0.000000 0.000000 69483.370470 760817.472848
4.000000 18.000000 15.000000 0.000000 0.000000 0.000000 0.000000 51502.967643 580661.283933
4.000000 19.000000 15.000000 0.000000 0.000000 0.000000 0.000000 27565.855152 316232.296981
5.000000 0.000000 15.000000 0.000000 0.000000 0.000000 0.000000 26790.419074 274108.852412
5.000000 1.000000 15.000000 0.000000 0.000000 0.000000 0.000000 50245.094399 507848.502558
5.000000 2.000000 15.000000 0.000000 0.000000 0.000000 0.000000 68178.346950 674319.236962
5.000000 3.000000 15.000000 0.000000 0.000000 0.000000 0.000000 80040.268950 765410.881021
5.000000 4.000000 15.000000 0.000000 0.000000 0.000000 0.000000 86655.663827 789892.140003
5.000000 5.000000 15.000000 0.000000 102.000000 204.000000 5.000000 89446.813855 763640.655187
5.000000 6.000000 15.000000 0.000000 102.000000 204.000000 5.000000 89922.139006 708237.619661
5.000000 7.000000 15.000000 0.000000 102.000000 204.000000 5.000000 89228.015402 641703.677818
5.000000 8.000000 15.000000 0.000000 102.000000 204.000000 6.000000 88217.330262 581758.788546
5.000000 9.000000 15.000000 0.000000 102.000000 204.000000 9.000000 87460.314935 542411.468928
5.000000 10.000000 15.000000 0.000000 102.000000 204.000000 14.000000 87306.134974 533400.371316
5.000000 11.000000 15.000000 0.000000 102.000000 204.000000 8.000000 87919.936399 560496.894848
5.000000 12.000000 15.000000 0.000000 102.000000 204.000000 11.000000 89167.952370 621109.721369
5.000000 13.000000 15.000000 0.000000 102.000000 204.000000 8.000000 90599.324714 706859.464335
5.000000 14.000000 15.000000 0.000000 102.000000 204.000000 5.000000 91171.046390 794950.334000
5.000000 15.000000 15.000000 0.000000 102.000000 204.000000 7.000000 89441.746985 857576.592449
5.000000 16.000000 15.000000 0.000000 0.000000 0.000000 0.000000 83664.136406 865707.783609
5.000000 17.000000 15.000000 0.000000 0.000000 0.000000 0.000000 71936.314815 784918.302838
5.000000 18.000000 15.000000 0.000000 0.000000 0.000000 0.000000 53464.029759 606378.208803
5.000000 19.000000 15.000000 0.000000 0.000000 0.000000 0.000000 28597.654334 330345.664939
6.000000 0.000000 15.000000 0.000000 0.000000 0.000000 0.000000 27031.442560 273360.478617
6.000000 1.000000 15.000000 0.000000 0.000000 0.000000 0.000000 50644.539130 503418.723188
6.000000 2.000000 15.000000 0.000000 0.000000 0.000000 0.000000 68599.472166 661404.406680
6.000000 3.000000 15.000000 0.000000 0.000000 0.000000 0.000000 80350.473938 739534.233543
6.000000 4.000000 15.000000 0.000000 0.000000 0.000000 0.000000 86751.888999 747970.314929
6.000000 5.000000 15.000000 0.000000 102.000000 204.000000 5.000000 89321.077455 706479.172205
6.000000 6.000000 15.000000 0.000000 102.000000 204.000000 6.000000 89596.777724 638066.775787
6.000000 7.000000 15.000000 0.000000 102.000000 204.000000 18.000000 88759.614984 562094.434454
6.000000 8.000000 15.000000 0.000000 102.000000 204.000000 17.000000 87692.961317 497708.607757
6.000000 9.000000 15.000000 0.000000 102.000000 204.000000 13.000000 86893.716395 455466.562319
6.000000 10.000000 15.000000 0.000000 102.000000 204.000000 12.000000 86763.753316 446377.487181
6.000000 11.000000 15.000000 0.000000 102.000000 204.000000 17.000000 87447.052562 475023.131897
6.000000 12.000000 15.000000 0.000000 102.000000 204.000000 16.000000 88868.789589 541843.495025
6.000000 13.000000 15.000000 0.000000 102.000000 204.000000 16.000000 90595.182808 639488.582881
6.000000 14.000000 15.000000 0.000000 102.000000 204.000000 5.000000 91433.484895 741282.189603
6.000000 15.000000 15.000000 0.000000 102.000000 204.000000 5.000000 90133.930201 825958.019059
6.000000 16.000000 15.000000 0.000000 0.000000 0.000000 0.000000 84542.745109 849947.593125
6.000000 17.000000 15.000000 0.000000 0.000000 0.000000 0.000000 72930.821598 784262.779430
6.000000 18.000000 15.000000 0.000000 0.000000 0.000000 0.000000 54193.395956 608253.036257
6.000000 19.000000 15.000000 0.000000 0.000000 0.000000 0.000000 29008.019631 332923.404937
7.000000 0.000000 15.000000 0.000000 0.000000 0.000000 0.000000 27132.194902 272055.416083
7.000000 1.000000 15.000000 0.000000 0.000000 0.000000 0.000000 50773.967506 497876.962521
7.000000 2.000000 15.000000 0.000000 0.000000 0.000000 0.000000 68625.812250 646404.894028
7.000000 3.000000 15.000000 0.000000 0.000000 0.000000 0.000000 80164.342876 710901.781297
7.000000 4.000000 15.000000 0.000000 102.000000 204.000000 5.000000 86335.480208 705055.473885
7.000000 5.000000 15.000000 0.000000 102.000000 204.000000 5.000000 88622.586706 648736.287102
7.000000 6.000000 15.000000 0.000000 102.000000 204.000000 15.000000 88782.400123 572168.288284
7.000000 7.000000 15.000000 0.000000 102.000000 204.000000 15.000000 87873.892081 491804.929510
7.000000 8.000000 15.000000 0.000000 102.000000 204.000000 10.000000 86816.338030 426539.555765
7.000000 9.000000 15.000000 0.000000 102.000000 204.000000 8.000000 86051.186875 384756.346956
7.000000 10.000000 15.000000 104.000000 24.000000 24.000000 10.000000 85943.943754 375410.144268
7.000000 11.000000 15.000000 0.000000 102.000000 204.000000 8.000000 86698.162010 405251.942729
7.000000 12.000000 15.000000 0.000000 102.000000 204.000000 9.000000 88245.949234 475094.434956
7.000000 13.000000 15.000000 0.000000 102.000000 204.000000 21.000000 90094.645031 576538.922140
7.000000 14.000000 15.000000 0.000000 102.000000 204.000000 16.000000 91187.638086 688832.560624
7.000000 15.000000 15.000000 0.000000 102.000000 204.000000 5.000000 90043.476575 784108.137455
7.000000 16.000000 15.000000 0.000000 102.000000 204.000000 7.000000 84610.443383 820416.319429
7.000000 17.000000 15.000000 0.000000 0.000000 0.000000 0.000000 72975.156480 762405.809296
7.000000 18.000000 15.000000 0.000000 0.000000 0.000000 0.000000 54276.855383 596052.668514
7.000000 19.000000 15.000000 0.000000 0.000000 0.000000 0.000000 29045.172222 326934.324965
8.000000 0.000000 15.000000 0.000000 0.000000 0.000000 0.000000 27274.437344 274013.699683
8.000000 1.000000 15.000000 0.000000 0.000000 0.000000 0.000000 50972.055809 498374.984121
8.000000 2.000000 15.000000 0.000000 0.000000 0.000000 0.000000 68746.666888 640224.806885
8.000000 3.000000 15.000000 0.000000 0.000000 0.000000 0.000000 80082.941707 693399.760651
8.000000 4.000000 15.000000 0.000000 102.000000 204.000000 5.000000 85957.519845 673156.235769
8.000000 5.000000 15.000000 0.000000 102.000000 204.000000 8.000000 88027.683445 606117.177373
8.000000 6.000000 15.000000 0.000000 102.000000 204.000000 13.000000 87969.898044 520132.348857
8.000000 7.000000 15.000000 104.000000 24.000000 24.000000 13.000000 86993.675307 436674.896093
8.000000 8.000000 15.000000 0.000000 102.000000 204.000000 7.000000 85969.755154 372290.360622
8.000000 9.000000 15.000000 104.000000 24.000000 24.000000 8.000000 85241.728059 331475.986253
8.000000 10.000000 15.000000 104.000000 24.000000 24.000000 7.000000 85225.064423 324378.323728
8.000000 11.000000 15.000000 104.000000 24.000000 24.000000 7.000000 86078.293286 356011.014837
8.000000 12.000000 15.000000 104.000000 24.000000 24.000000 10.000000 87759.352867 428389.316770
8.000000 13.000000 15.000000 0.000000 102.000000 204.000000 24.000000 89794.077985 534638.786708
8.000000 14.000000 15.000000 0.000000 102.000000 204.000000 23.000000 91088.270105 654483.593173
8.000000 15.000000 15.000000 0.000000 102.000000 204.000000 11.000000 90067.961017 756795.397470
8.000000 16.000000 15.000000 0.000000 102.000000 204.000000 8.000000 84572.990661 796306.514274
8.000000 17.000000 15.000000 0.000000 0.000000 0.000000 0.000000 72967.409086 745504.351596
8.000000 18.000000 15.000000 0.000000 0.000000 0.000000 0.000000 54169.013408 581848.857523
8.000000 19.000000 15.000000 0.000000 0.000000 0.000000 0.000000 29029.904695 321425.744603
9.000000 0.000000 15.000000 0.000000 0.000000 0.000000 0.000000 27520.492369 280660.331988
9.000000 1.000000 15.000000 0.000000 0.000000 0.000000 0.000000 51412.709198 509610.204019
9.000000 2.000000 15.000000 0.000000 0.000000 0.000000 0.000000 69249.986790 651103.292916
9.000000 3.000000 15.000000 0.000000 0.000000 0.000000 0.000000 80494.748414 698542.459498
9.000000 4.000000 15.000000 0.000000 102.000000 204.000000 6.000000 86130.861192 667702.411591
9.000000 5.000000 15.000000 0.000000 102.000000 204.000000 8.000000 87842.270670 586837.064044
9.000000 6.000000 15.000000 0.000000 102.000000 204.000000 16.000000 87523.263634 491236.739558
9.000000 7.000000 15.000000 0.000000 102.000000 204.000000 11.000000 86361.583538 401501.464937
9.000000 8.000000 15.000000 104.000000 24.000000 24.000000 9.000000 85249.056425 334063.928010
9.000000 9.000000 15.000000 104.000000 24.000000 24.000000 8.000000 84586.702111 295296.534195
9.000000 10.000000 15.000000 104.000000 24.000000 24.000000 8.000000 84671.535214 290917.700718
9.000000 11.000000 15.000000 0.000000 102.000000 204.000000 7.000000 85654.929437 325590.273149
9.000000 12.000000 15.000000 104.000000 24.000000 24.000000 7.000000 87482.214403 401158.355937
9.000000 13.000000 15.000000 0.000000 102.000000 204.000000 22.000000 89658.103308 511039.466677
9.000000 14.000000 15.000000 0.000000 102.000000 204.000000 21.000000 91096.669480 635389.568483
9.000000 15.000000 15.000000 0.000000 102.000000 204.000000 8.000000 90730.296948 762383.519526
9.000000 16.000000 15.000000 0.000000 102.000000 204.000000 14.000000 84811.243957 789947.419649
9.000000 17.000000 15.000000 0.000000 0.000000 0.000000 0.000000 73202.834201 743382.119217
9.000000 18.000000 15.000000 0.000000 0.000000 0.000000 0.000000 54369.247724 582302.733592
9.000000 19.000000 15.000000 0.000000 0.000000 0.000000 0.000000 29095.154539 320644.347677
10.000000 0.000000 15.000000 0.000000 0.000000 0.000000 0.000000 27862.678600 291649.147631
10.000000 1.000000 15.000000 0.000000 0.000000 0.000000 0.000000 52095.671717 531432.212329
10.000000 2.000000 15.000000 0.000000 0.000000 0.000000 0.000000 70221.180397 681855.601890
10.000000 3.000000 15.000000 0.000000 0.000000 0.000000 0.000000 81577.850057 732200.386174
10.000000 4.000000 15.000000 0.000000 102.000000 204.000000 7.000000 87024.783387 694226.013898
10.000000 5.000000 15.000000 0.000000 102.000000 204.000000 16.000000 88407.823298 601744.076639
10.000000 6.000000 15.000000 0.000000 102.000000 204.000000 14.000000 87614.625349 490315.906188
10.000000 7.000000 15.000000 0.000000 102.000000 204.000000 9.000000 86122.265245 389453.063603
10.000000 8.000000 15.000000 104.000000 24.000000 24.000000 9.000000 84845.417889 316507.960286
10.000000 9.000000 15.000000 104.000000 24.000000 24.000000 8.000000 84210.895679 278269.389410
10.000000 10.000000 15.000000 104.000000 24.000000 24.000000 8.000000 84355.873159 275137.802448
10.000000 11.000000 15.000000 104.000000 24.000000 24.000000 8.000000 85464.962568 313130.123915
10.000000 12.000000 15.000000 104.000000 24.000000 24.000000 8.000000 87288.222314 387802.463117
10.000000 13.000000 15.000000 104.000000 24.000000 24.000000 23.000000 89493.393904 497736.602628
10.000000 14.000000 15.000000 0.000000 102.000000 204.000000 16.000000 90947.173388 623145.443119
10.000000 15.000000 15.000000 0.000000 102.000000 204.000000 18.000000 90089.990658 733263.776352
10.000000 16.000000 15.000000 0.000000 102.000000 204.000000 10.000000 84805.309949 784932.610067
10.000000 17.000000 15.000000 0.000000 0.000000 0.000000 0.000000 73648.767863 755248.779847
10.000000 18.000000 15.000000 0.000000 0.000000 0.000000 0.000000 54451.487462 583026.896653
10.000000 19.000000 15.000000 0.000000 0.000000 0.000000 0.000000 29146.021011 321411.192678
11.000000 0.000000 15.000000 0.000000 0.000000 0.000000 0.000000 28227.086102 304562.463990
11.000000 1.000000 15.000000 0.000000 0.000000 0.000000 0.000000 52877.391170 559164.896355
11.000000 2.000000 15.000000 0.000000 0.000000 0.000000 0.000000 71483.703393 726747.453778
11.000000 3.000000 15.000000 0.000000 0.000000 0.000000 0.000000 83095.373934 786669.617731
11.000000 4.000000 15.000000 0.000000 102.000000 204.000000 8.000000 88512.715641 748591.638653
11.000000 5.000000 15.000000 0.000000 102.000000 204.000000 8.000000 89573.757157 646264.617336
11.000000 6.000000 15.000000 0.000000 102.000000 204.000000 13.000000 88240.997765 516831.678135
11.000000 7.000000 15.000000 0.000000 102.000000 204.000000 10.000000 86360.039958 403032.419904
11.000000 8.000000 15.000000 104.000000 24.000000 24.000000 7.000000 84855.988393 322210.670719
11.000000 9.000000 15.000000 0.000000 102.000000 204.000000 7.000000 84191.574093 282381.888319
11.000000 10.000000 15.000000 0.000000 102.000000 204.000000 8.000000 84417.507092 281371.011602
11.000000 11.000000 15.000000 104.000000 24.000000 24.000000 9.000000 85474.890592 317192.999648
11.000000 12.000000 15.000000 104.000000 24.000000 24.000000 9.000000 87175.012347 387716.027804
11.000000 13.000000 15.000000 0.000000 102.000000 204.000000 14.000000 89102.804380 489467.288207
11.000000 14.000000 15.000000 0.000000 102.000000 204.000000 81.000000 90800.087648 621551.434745
11.000000 15.000000 15.000000 0.000000 102.000000 204.000000 12.000000 89246.047091 710071.285595
11.000000 16.000000 15.000000 0.000000 102.000000 204.000000 7.000000 84058.634755 763940.642536
11.000000 17.000000 15.000000 0.000000 0.000000 0.000000 0.000000 72657.463760 724812.484533
11.000000 18.000000 15.000000 0.000000 0.000000 0.000000 0.000000 54042.086411 571338.579000
11.000000 19.000000 15.000000 0.000000 0.000000 0.000000 0.000000 28893.516442 313904.060741
12.000000 0.000000 15.000000 0.000000 0.000000 0.000000 0.000000 28536.129101 317076.918942
12.000000 1.000000 15.000000 0.000000 0.000000 0.000000 0.000000 53521.711607 585332.610428
12.000000 2.000000 15.000000 0.000000 0.000000 0.000000 0.000000 72465.280103 767035.484625
12.000000 3.000000 15.000000 0.000000 0.000000 0.000000 0.000000 84372.311706 839821.067616
12.000000 4.000000 15.000000 0.000000 102.000000 204.000000 8.000000 89841.112080 806265.877659
12.000000 5.000000 15.000000 0.000000 102.000000 204.000000 8.000000 90674.428104 698060.677146
12.000000 6.000000 15.000000 0.000000 102.000000 204.000000 15.000000 89085.590145 561271.629139
12.000000 7.000000 15.000000 0.000000 102.000000 204.000000 9.000000 86946.544977 439069.304168
12.000000 8.000000 15.000000 0.000000 102.000000 204.000000 8.000000 85295.420451 353175.334836
12.000000 9.000000 15.000000 0.000000 102.000000 204.000000 6.000000 84577.917998 311011.975224
12.000000 10.000000 15.000000 0.000000 102.000000 204.000000 6.000000 84730.532073 307173.323529
12.000000 11.000000 15.000000 104.000000 24.000000 24.000000 16.000000 85774.337366 342522.103509
12.000000 12.000000 15.000000 104.000000 24.000000 24.000000 8.000000 87106.946260 402230.448045
12.000000 13.000000 15.000000 104.000000 24.000000 24.000000 21.000000 88612.377985 490408.922337
12.000000 14.000000 15.000000 0.000000 102.000000 204.000000 21.000000 89273.645412 589940.597458
12.000000 15.000000 15.000000 0.000000 102.000000 204.000000 8.000000 87862.097064 680401.421768
12.000000 16.000000 15.000000 0.000000 102.000000 204.000000 11.000000 82412.424671 722572.598008
12.000000 17.000000 15.000000 0.000000 0.000000 0.000000 0.000000 71138.409429 683800.707116
12.000000 18.000000 15.000000 0.000000 0.000000 0.000000 0.000000 52858.595534 537908.228809
12.000000 19.000000 15.000000 0.000000 0.000000 0.000000 0.000000 28293.307287 296749.869123
13.000000 0.000000 15.000000 0.000000 0.000000 0.000000 0.000000 28710.728191 327398.708222
13.000000 1.000000 15.000000 0.000000 0.000000 0.000000 0.000000 53822.045698 604599.356841
13.000000 2.000000 15.000000 0.000000 0.000000 0.000000 0.000000 72853.239986 794361.164356
13.000000 3.000000 15.000000 0.000000 0.000000 0.000000 0.000000 84759.802366 872302.207155
13.000000 4.000000 15.000000 0.000000 102.000000 204.000000 8.000000 90311.980984 846388.038713
13.000000 5.000000 15.000000 0.000000 102.000000 204.000000 5.000000 91301.331049 747441.232653
13.000000 6.000000 15.000000 0.000000 102.000000 204.000000 18.000000 89775.236726 615083.116060
13.000000 7.000000 15.000000 104.000000 24.000000 24.000000 12.000000 87670.326291 495109.696952
13.000000 8.000000 15.000000 104.000000 24.000000 24.000000 10.000000 86008.842997 409014.967747
13.000000 9.000000 15.000000 104.000000 24.000000 24.000000 10.000000 85217.034025 364307.158520
13.000000 10.000000 15.000000 104.000000 24.000000 24.000000 9.000000 85315.370214 359000.226455
13.000000 11.000000 15.000000 104.000000 24.000000 24.000000 12.000000 86052.110188 385037.245644
13.000000 12.000000 15.000000 0.000000 102.000000 204.000000 13.000000 87119.498482 436894.199949
13.000000 13.000000 15.000000 0.000000 102.000000 204.000000 17.000000 88027.176588 506762.721744
13.000000 14.000000 15.000000 0.000000 102.000000 204.000000 15.000000 88140.098834 586915.918661
13.000000 15.000000 15.000000 0.000000 102.000000 204.000000 5.000000 86180.536916 655763.535944
13.000000 16.000000 15.000000 0.000000 102.000000 204.000000 6.000000 80533.792544 685400.245950
13.000000 17.000000 15.000000 0.000000 0.000000 0.000000 0.000000 69230.359476 638671.640392
13.000000 18.000000 15.000000 0.000000 0.000000 0.000000 0.000000 51426.944558 501948.483706
13.000000 19.000000 15.000000 0.000000 0.000000 0.000000 0.000000 27509.370572 276239.814895
14.000000 0.000000 15.000000 0.000000 0.000000 0.000000 0.000000 28667.183662 335160.393306
14.000000 1.000000 15.000000 0.000000 0.000000 0.000000 0.000000 53645.112134 617051.811256
14.000000 2.000000 15.000000 0.000000 0.000000 0.000000 0.000000 72435.594722 807768.155229
14.000000 3.000000 15.000000 0.000000 0.000000 0.000000 0.000000 84214.195485 890061.836614
14.000000 4.000000 15.000000 0.000000 0.000000 0.000000 0.000000 89854.850765 875242.199913
14.000000 5.000000 15.000000 0.000000 102.000000 204.000000 7.000000 91086.784520 790403.997339
14.000000 6.000000 15.000000 0.000000 102.000000 204.000000 5.000000 89994.454010 677536.364707
14.000000 7.000000 15.000000 0.000000 102.000000 204.000000 15.000000 88147.454015 568271.134801
14.000000 8.000000 15.000000 0.000000 102.000000 204.000000 17.000000 86630.456273 488260.810270
14.000000 9.000000 15.000000 0.000000 102.000000 204.000000 13.000000 85847.271978 444753.838081
14.000000 10.000000 15.000000 0.000000 102.000000 204.000000 13.000000 85785.901675 435131.072098
14.000000 11.000000 15.000000 0.000000 102.000000 204.000000 20.000000 86268.117866 453858.473856
14.000000 12.000000 15.000000 0.000000 102.000000 204.000000 18.000000 86914.483617 493034.421303
14.000000 13.000000 15.000000 0.000000 102.000000 204.000000 18.000000 87386.423355 547383.740493
14.000000 14.000000 15.000000 0.000000 102.000000 204.000000 12.000000 86948.997495 606316.191144
14.000000 15.000000 15.000000 0.000000 102.000000 204.000000 6.000000 84564.129273 654315.038772
14.000000 16.000000 15.000000 0.000000 0.000000 0.000000 0.000000 78602.299699 664719.233286
14.000000 17.000000 15.000000 0.000000 0.000000 0.000000 0.000000 67396.304372 610314.196818
14.000000 18.000000 15.000000 0.000000 0.000000 0.000000 0.000000 49935.192924 473853.367459
14.000000 19.000000 15.000000 0.000000 0.000000 0.000000 0.000000 26713.481787 260396.444486
15.000000 0.000000 15.000000 0.000000 0.000000 0.000000 0.000000 28158.538464 337644.651846
15.000000 1.000000 15.000000 0.000000 0.000000 0.000000 0.000000 52592.201659 619770.379477
15.000000 2.000000 15.000000 0.000000 0.000000 0.000000 0.000000 70902.348425 811073.729392
15.000000 3.000000 15.000000 0.000000 0.000000 0.000000 0.000000 82428.373921 899452.099435
15.000000 4.000000 15.000000 0.000000 0.000000 0.000000 0.000000 88029.104186 895337.876020
15.000000 5.000000 15.000000 0.000000 102.000000 204.000000 6.000000 89600.486161 831460.993259
15.000000 6.000000 15.000000 0.000000 102.000000 204.000000 5.000000 88961.042961 740679.860590
15.000000 7.000000 15.000000 0.000000 102.000000 204.000000 10.000000 87550.938773 650799.057935
15.000000 8.000000 15.000000 0.000000 102.000000 204.000000 5.000000 86298.760857 582674.844562
15.000000 9.000000 15.000000 0.000000 102.000000 204.000000 10.000000 85567.415937 542716.717057
15.000000 10.000000 15.000000 0.000000 102.000000 204.000000 10.000000 85382.741238 530419.423498
15.000000 11.000000 15.000000 0.000000 102.000000 204.000000 6.000000 85556.606672 540220.696389
15.000000 12.000000 15.000000 0.000000 102.000000 204.000000 6.000000 85831.022956 566266.318389
15.000000 13.000000 15.000000 0.000000 102.000000 204.000000 5.000000 85826.104716 602117.314429
15.000000 14.000000 15.000000 0.000000 102.000000 204.000000 7.000000 84970.917159 640433.613793
15.000000 15.000000 15.000000 0.000000 102.000000 204.000000 5.000000 82227.607934 666472.853234
15.000000 16.000000 15.000000 0.000000 0.000000 0.000000 0.000000 76137.374375 659065.445384
15.000000 17.000000 15.000000 0.000000 0.000000 0.000000 0.000000 65091.127835 593519.442625
15.000000 18.000000 15.000000 0.000000 0.000000 0.000000 0.000000 48146.504169 455505.048995
15.000000 19.000000 15.000000 0.000000 0.000000 0.000000 0.000000 25732.966193 248731.942925
16.000000 0.000000 15.000000 0.000000 0.000000 0.000000 0.000000 26496.866649 321814.099015
16.000000 1.000000 15.000000 0.000000 0.000000 0.000000 0.000000 49557.857668 594554.436717
16.000000 2.000000 15.000000 0.000000 0.000000 0.000000 0.000000 66870.668753 783437.074677
16.000000 3.000000 15.000000 0.000000 0.000000 0.000000 0.000000 77812.022922 876733.916779
16.000000 4.000000 15.000000 0.000000 0.000000 0.000000 0.000000 83383.248425 890301.501730
16.000000 5.000000 15.000000 0.000000 0.000000 0.000000 0.000000 85258.384507 850531.437211
16.000000 6.000000 15.000000 0.000000 0.000000 0.000000 0.000000 85108.067338 785847.830433
16.000000 7.000000 15.000000 0.000000 102.000000 204.000000 7.000000 84148.555448 717807.573678
16.000000 8.000000 15.000000 0.000000 102.000000 204.000000 5.000000 83210.533569 664564.844436
16.000000 9.000000 15.000000 0.000000 102.000000 204.000000 12.000000 82594.323538 631261.360789
16.000000 10.000000 15.000000 0.000000 102.000000 204.000000 5.000000 82303.570852 617156.801344
16.000000 11.000000 15.000000 0.000000 102.000000 204.000000 7.000000 82220.970338 618264.764970
16.000000 12.000000 15.000000 0.000000 102.000000 204.000000 6.000000 82046.427885 627134.310180
16.000000 13.000000 15.000000 0.000000 102.000000 204.000000 5.000000 81620.166776 643657.252779
16.000000 14.000000 15.000000 0.000000 0.000000 0.000000 0.000000 80374.449588 659825.327329
16.000000 15.000000 15.000000 0.000000 0.000000 0.000000 0.000000 77446.451585 665406.189942
16.000000 16.000000 15.000000 0.000000 0.000000 0.000000 0.000000 71460.310034 641419.406718
16.000000 17.000000 15.000000 0.000000 0.000000 0.000000 0.000000 60948.303649 567419.133453
16.000000 18.000000 15.000000 0.000000 0.000000 0.000000 0.000000 45015.148065 430478.920075
16.000000 19.000000 15.000000 0.000000 0.000000 0.000000 0.000000 24038.513075 233498.042015
17.000000 0.000000 15.000000 0.000000 0.000000 0.000000 0.000000 23017.036546 279497.039033
17.000000 1.000000 15.000000 0.000000 0.000000 0.000000 0.000000 43080.618107 518517.652228
17.000000 2.000000 15.000000 0.000000 0.000000 0.000000 0.000000 58300.062502 691418.796175
17.000000 3.000000 15.000000 0.000000 0.000000 0.000000 0.000000 68216.970540 790742.549108
17.000000 4.000000 15.000000 0.000000 0.000000 0.000000 0.000000 73440.632111 820551.658859
17.000000 5.000000 15.000000 0.000000 0.000000 0.000000 0.000000 75572.562441 808181.182485
17.000000 6.000000 15.000000 0.000000 0.000000 0.000000 0.000000 75831.638871 769698.152631
17.000000 7.000000 15.000000 0.000000 0.000000 0.000000 0.000000 75366.992973 726884.781305
17.000000 8.000000 15.000000 0.000000 0.000000 0.000000 0.000000 74677.344346 687378.043944
17.000000 9.000000 15.000000 0.000000 0.000000 0.000000 0.000000 74204.538688 662426.773511
17.000000 10.000000 15.000000 0.000000 0.000000 0.000000 0.000000 73883.649067 648524.609081
17.000000 11.000000 15.000000 0.000000 0.000000 0.000000 0.000000 73550.321707 640470.029077
17.000000 12.000000 15.000000 0.000000 0.000000 0.000000 0.000000 73029.059486 634113.182324
17.000000 13.000000 15.000000 0.000000 0.000000 0.000000 0.000000 72151.116032 628332.824166
17.000000 14.000000 15.000000 0.000000 0.000000 0.000000 0.000000 70670.519682 624462.934949
17.000000 15.000000 15.000000 0.000000 0.000000 0.000000 0.000000 67814.530431 613401.225571
17.000000 16.000000 15.000000 0.000000 0.000000 0.000000 0.000000 62395.095802 579448.329159
17.000000 17.000000 15.000000 0.000000 0.000000 0.000000 0.000000 53118.606113 505210.891596
17.000000 18.000000 15.000000 0.000000 0.000000 0.000000 0.000000 39185.818169 379505.897685
17.000000 19.000000 15.000000 0.000000 0.000000 0.000000 0.000000 20915.274302 204796.926173
18.000000 0.000000 15.000000 0.000000 0.000000 0.000000 0.000000 17211.815061 206186.912508
18.000000 1.000000 15.000000 0.000000 0.000000 0.000000 0.000000 32310.781526 386447.358705
18.000000 2.000000 15.000000 0.000000 0.000000 0.000000 0.000000 43903.544670 522847.197452
18.000000 3.000000 15.000000 0.000000 0.000000 0.000000 0.000000 51623.645438 608847.770116
18.000000 4.000000 15.000000 0.000000 0.000000 0.000000 0.000000 56048.960881 651222.642323
18.000000 5.000000 15.000000 0.000000 0.000000 0.000000 0.000000 57981.603326 656167.256771
18.000000 6.000000 15.000000 0.000000 0.000000 0.000000 0.000000 58700.873145 647973.698587
18.000000 7.000000 15.000000 0.000000 0.000000 0.000000 0.000000 58450.313597 621383.973686
18.000000 8.000000 15.000000 0.000000 0.000000 0.000000 0.000000 58062.824506 597855.774765
18.000000 9.000000 15.000000 0.000000 0.000000 0.000000 0.000000 57570.917163 575388.951369
18.000000 10.000000 15.000000 0.000000 0.000000 0.000000 0.000000 57193.474210 560697.687400
18.000000 11.000000 15.000000 0.000000 0.000000 0.000000 0.000000 57363.739286 569009.663707
18.000000 12.000000 15.000000 0.000000 0.000000 0.000000 0.000000 56073.202593 532188.617826
18.000000 13.000000 15.000000 0.000000 0.000000 0.000000 0.000000 55117.600549 515859.392325
18.000000 14.000000 15.000000 0.000000 0.000000 0.000000 0.000000 53715.583395 500428.142607
18.000000 15.000000 15.000000 0.000000 0.000000 0.000000 0.000000 51371.546861 482244.011165
18.000000 16.000000 15.000000 0.000000 0.000000 0.000000 0.000000 47163.690459 448960.131454
18.000000 17.000000 15.000000 0.000000 0.000000 0.000000 0.000000 40100.961114 387392.709062
18.000000 18.000000 15.000000 0.000000 0.000000 0.000000 0.000000 29564.483361 289071.797273
18.000000 19.000000 15.000000 0.000000 0.000000 0.000000 0.000000 15774.726638 155375.386278
19.000000 0.000000 15.000000 0.000000 0.000000 0.000000 0.000000 9283.018312 110081.596334
19.000000 1.000000 15.000000 0.000000 0.000000 0.000000 0.000000 17454.800023 207567.701423
19.000000 2.000000 15.000000 0.000000 0.000000 0.000000 0.000000 23772.134353 283248.350577
19.000000 3.000000 15.000000 0.000000 0.000000 0.000000 0.000000 28074.575019 334829.710003
19.000000 4.000000 15.000000 0.000000 0.000000 0.000000 0.000000 30648.591605 364888.184245
19.000000 5.000000 15.000000 0.000000 0.000000 0.000000 0.000000 31931.617321 376744.661879
19.000000 6.000000 15.000000 0.000000 0.000000 0.000000 0.000000 32467.269071 378286.507238
19.000000 7.000000 15.000000 0.000000 0.000000 0.000000 0.000000 33030.032897 388841.292977
19.000000 8.000000 15.000000 0.000000 0.000000 0.000000 0.000000 32200.995102 355249.979247
19.000000 9.000000 15.000000 0.000000 0.000000 0.000000 0.000000 31868.752798 341181.990900
19.000000 10.000000 15.000000 0.000000 0.000000 0.000000 0.000000 31609.240652 331458.838546
19.000000 11.000000 15.000000 0.000000 0.000000 0.000000 0.000000 31290.077997 321631.342523
19.000000 12.000000 15.000000 0.000000 0.000000 0.000000 0.000000 30808.663078 308847.447056
19.000000 13.000000 15.000000 0.000000 0.000000 0.000000 0.000000 30139.645128 294114.866730
19.000000 14.000000 15.000000 0.000000 0.000000 0.000000 0.000000 29280.586160 281394.755939
19.000000 15.000000 15.000000 0.000000 0.000000 0.000000 0.000000 27939.669070 267997.211736
19.000000 16.000000 15.000000 0.000000 0.000000 0.000000 0.000000 25617.075075 247340.417632
19.000000 17.000000 15.000000 0.000000 0.000000 0.000000 0.000000 21767.176318 212176.620423
19.000000 18.000000 15.000000 0.000000 0.000000 0.000000 0.000000 16043.003063 157693.929151
19.000000 19.000000 15.000000 0.000000 0.000000 0.000000 0.000000 8560.228451 84602.098871
