# i (x-axis) 
#  j (y-axis) 
#  k (z-axis) 
#  RGB (R) 
#  RGB (G) 
#  RGB (B) 
#  number per voxel 
#  glucose 
#  oxygen
0.000000 0.000000 10.000000 0.000000 0.000000 0.000000 0.000000 4927896638231600.000000 36253400967021672.000000
0.000000 1.000000 10.000000 0.000000 0.000000 0.000000 0.000000 9719005723891316.000000 71318464677434264.000000
0.000000 2.000000 10.000000 0.000000 0.000000 0.000000 0.000000 14245051890321978.000000 104110142273226688.000000
0.000000 3.000000 10.000000 0.000000 0.000000 0.000000 0.000000 18393497143017696.000000 133732433773996704.000000
0.000000 4.000000 10.000000 0.000000 0.000000 0.000000 0.000000 22072441895608804.000000 159532484197016128.000000
0.000000 5.000000 10.000000 0.000000 0.000000 0.000000 0.000000 25212612789551508.000000 181114982455940672.000000
0.000000 6.000000 10.000000 0.000000 0.000000 0.000000 0.000000 27766403015599936.000000 198316435120644160.000000
0.000000 7.000000 10.000000 0.000000 0.000000 0.000000 0.000000 29704481065152632.000000 211146507696830848.000000
0.000000 8.000000 10.000000 0.000000 0.000000 0.000000 0.000000 31010921883117848.000000 219709801227932192.000000
0.000000 9.000000 10.000000 0.000000 0.000000 0.000000 0.000000 31678057468889596.000000 224125000470809984.000000
0.000000 10.000000 10.000000 0.000000 0.000000 0.000000 0.000000 31702248675067504.000000 224458629908098752.000000
0.000000 11.000000 10.000000 0.000000 0.000000 0.000000 0.000000 31081548431879664.000000 220687623300606336.000000
0.000000 12.000000 10.000000 0.000000 0.000000 0.000000 0.000000 29815804444976388.000000 212699088719029152.000000
0.000000 13.000000 10.000000 0.000000 0.000000 0.000000 0.000000 27909216645387384.000000 200328082669398336.000000
0.000000 14.000000 10.000000 0.000000 0.000000 0.000000 0.000000 25374822085365240.000000 183426291703601952.000000
0.000000 15.000000 10.000000 0.000000 0.000000 0.000000 0.000000 22239932139932536.000000 161947781033185920.000000
0.000000 16.000000 10.000000 0.000000 0.000000 0.000000 0.000000 18551283905874340.000000 136033788955609104.000000
0.000000 17.000000 10.000000 0.000000 0.000000 0.000000 0.000000 14378647885392450.000000 106077885479408832.000000
0.000000 18.000000 10.000000 0.000000 0.000000 0.000000 0.000000 9815870404510324.000000 72755978677363232.000000
0.000000 19.000000 10.000000 0.000000 0.000000 0.000000 0.000000 4978783344176132.000000 37012160657664672.000000
1.000000 0.000000 10.000000 0.000000 0.000000 0.000000 0.000000 9684297460857376.000000 70777521044981656.000000
1.000000 1.000000 10.000000 0.000000 0.000000 0.000000 0.000000 19099648657717472.000000 139225690030557440.000000
1.000000 2.000000 10.000000 0.000000 0.000000 0.000000 0.000000 27993858056488128.000000 203218628506471424.000000
1.000000 3.000000 10.000000 0.000000 0.000000 0.000000 0.000000 36145698311338784.000000 261002836671410400.000000
1.000000 4.000000 10.000000 0.000000 0.000000 0.000000 0.000000 43374553023842976.000000 311303654088538944.000000
1.000000 5.000000 10.000000 0.000000 0.000000 0.000000 0.000000 49544325436905984.000000 353353443468794560.000000
1.000000 6.000000 10.000000 0.000000 0.000000 0.000000 0.000000 54561545749494184.000000 386840666569221632.000000
1.000000 7.000000 10.000000 0.000000 0.000000 0.000000 0.000000 58368692702669840.000000 411794047694766592.000000
1.000000 8.000000 10.000000 0.000000 0.000000 0.000000 0.000000 60934607158563480.000000 428428188787764608.000000
1.000000 9.000000 10.000000 0.000000 0.000000 0.000000 0.000000 62244353608763264.000000 436984022557695360.000000
1.000000 10.000000 10.000000 0.000000 0.000000 0.000000 0.000000 62290894549701560.000000 437598066744307840.000000
1.000000 11.000000 10.000000 0.000000 0.000000 0.000000 0.000000 61070486792837088.000000 430228457703937472.000000
1.000000 12.000000 10.000000 0.000000 0.000000 0.000000 0.000000 58582877848142512.000000 414654260745562240.000000
1.000000 13.000000 10.000000 0.000000 0.000000 0.000000 0.000000 54836332212348848.000000 390549648600951808.000000
1.000000 14.000000 10.000000 0.000000 0.000000 0.000000 0.000000 49856450047300224.000000 357618961934660416.000000
1.000000 15.000000 10.000000 0.000000 0.000000 0.000000 0.000000 43696860042156256.000000 315765413297971072.000000
1.000000 16.000000 10.000000 0.000000 0.000000 0.000000 0.000000 36449351364885016.000000 265257982551322048.000000
1.000000 17.000000 10.000000 0.000000 0.000000 0.000000 0.000000 28250971010441216.000000 206859763814118912.000000
1.000000 18.000000 10.000000 0.000000 0.000000 0.000000 0.000000 19286077932244400.000000 141887255854636416.000000
1.000000 19.000000 10.000000 0.000000 0.000000 0.000000 0.000000 9782238441832128.000000 72182887031070752.000000
2.000000 0.000000 10.000000 0.000000 0.000000 0.000000 0.000000 14113769875900948.000000 102057791528721440.000000
2.000000 1.000000 10.000000 0.000000 0.000000 0.000000 0.000000 27835255040341080.000000 200734189219048448.000000
2.000000 2.000000 10.000000 0.000000 0.000000 0.000000 0.000000 40796638664814752.000000 292945569469033216.000000
2.000000 3.000000 10.000000 0.000000 0.000000 0.000000 0.000000 52675337787566856.000000 376153169636744576.000000
2.000000 4.000000 10.000000 0.000000 0.000000 0.000000 0.000000 63208084362596960.000000 448518641553533440.000000
2.000000 5.000000 10.000000 0.000000 0.000000 0.000000 0.000000 72196627478087568.000000 508944879376189056.000000
2.000000 6.000000 10.000000 0.000000 0.000000 0.000000 0.000000 79504958766447456.000000 557000933828278720.000000
2.000000 7.000000 10.000000 0.000000 0.000000 0.000000 0.000000 85049545456781472.000000 592751847165519872.000000
2.000000 8.000000 10.000000 0.000000 0.000000 0.000000 0.000000 88785314885206048.000000 616532058180214528.000000
2.000000 9.000000 10.000000 0.000000 102.000000 204.000000 3.000000 90690832496747360.000000 628711285092231808.000000
2.000000 10.000000 10.000000 0.000000 102.000000 204.000000 1.000000 90756127902185088.000000 629502603523876864.000000
2.000000 11.000000 10.000000 0.000000 0.000000 0.000000 0.000000 88975957029651136.000000 618853643794499328.000000
2.000000 12.000000 10.000000 0.000000 0.000000 0.000000 0.000000 85350074372319456.000000 596445013057090944.000000
2.000000 13.000000 10.000000 0.000000 0.000000 0.000000 0.000000 79890558380821840.000000 561798244730435776.000000
2.000000 14.000000 10.000000 0.000000 0.000000 0.000000 0.000000 72634674964367296.000000 514472821011959296.000000
2.000000 15.000000 10.000000 0.000000 0.000000 0.000000 0.000000 63660479095351520.000000 454312477956909696.000000
2.000000 16.000000 10.000000 0.000000 0.000000 0.000000 0.000000 53101600959840872.000000 381689038760654848.000000
2.000000 17.000000 10.000000 0.000000 0.000000 0.000000 0.000000 41157607614070304.000000 297690167612741824.000000
2.000000 18.000000 10.000000 0.000000 0.000000 0.000000 0.000000 28097010285522136.000000 204206546630552512.000000
2.000000 19.000000 10.000000 0.000000 0.000000 0.000000 0.000000 14251290577288468.000000 103892652777462304.000000
3.000000 0.000000 10.000000 0.000000 0.000000 0.000000 0.000000 18090105398054032.000000 128968082174826208.000000
3.000000 1.000000 10.000000 0.000000 0.000000 0.000000 0.000000 35676806377639868.000000 253623156248829792.000000
3.000000 2.000000 10.000000 0.000000 0.000000 0.000000 0.000000 52288161095575488.000000 370036173705041664.000000
3.000000 3.000000 10.000000 0.000000 0.000000 0.000000 0.000000 67510390027477408.000000 474980506905801856.000000
3.000000 4.000000 10.000000 0.000000 0.000000 0.000000 0.000000 81005975155753184.000000 566132124272980672.000000
3.000000 5.000000 10.000000 0.000000 0.000000 0.000000 0.000000 92520979775789312.000000 642121549851744512.000000
3.000000 6.000000 10.000000 0.000000 102.000000 204.000000 1.000000 101881463528396576.000000 702436122815770624.000000
3.000000 7.000000 10.000000 0.000000 102.000000 204.000000 1.000000 108980902956557184.000000 747199519980070016.000000
3.000000 8.000000 10.000000 0.000000 102.000000 204.000000 2.000000 113762147432973472.000000 776878483920627712.000000
3.000000 9.000000 10.000000 0.000000 102.000000 204.000000 3.000000 116198337515414176.000000 791979892093303808.000000
3.000000 10.000000 10.000000 0.000000 102.000000 204.000000 6.000000 116277227786845152.000000 792802285193899264.000000
3.000000 11.000000 10.000000 0.000000 102.000000 204.000000 3.000000 113992498097779872.000000 779294577386358016.000000
3.000000 12.000000 10.000000 0.000000 102.000000 204.000000 3.000000 109344075618955856.000000 751052959638776576.000000
3.000000 13.000000 10.000000 0.000000 102.000000 204.000000 2.000000 102347522229187808.000000 707458921000320384.000000
3.000000 14.000000 10.000000 0.000000 102.000000 204.000000 7.000000 93050540215815712.000000 647932048514671616.000000
3.000000 15.000000 10.000000 0.000000 0.000000 0.000000 0.000000 81552999714287104.000000 572246443262554240.000000
3.000000 16.000000 10.000000 0.000000 0.000000 0.000000 0.000000 68025925037862808.000000 480844266818997376.000000
3.000000 17.000000 10.000000 0.000000 0.000000 0.000000 0.000000 52724807285124480.000000 375077599007512320.000000
3.000000 18.000000 10.000000 0.000000 0.000000 0.000000 0.000000 35993483530823500.000000 257321513198211168.000000
3.000000 19.000000 10.000000 0.000000 0.000000 0.000000 0.000000 18256495789562724.000000 130925246574148688.000000
4.000000 0.000000 10.000000 0.000000 0.000000 0.000000 0.000000 21524315241976740.000000 150871581366961952.000000
4.000000 1.000000 10.000000 0.000000 0.000000 0.000000 0.000000 42448720278703120.000000 296637731572600448.000000
4.000000 2.000000 10.000000 0.000000 0.000000 0.000000 0.000000 62210897108437632.000000 432653536917214208.000000
4.000000 3.000000 10.000000 0.000000 0.000000 0.000000 0.000000 80318017530319968.000000 555116358112835200.000000
4.000000 4.000000 10.000000 0.000000 0.000000 0.000000 0.000000 96368357957513968.000000 661305374238597248.000000
4.000000 5.000000 10.000000 0.000000 0.000000 0.000000 0.000000 110060027144263232.000000 749642979757963264.000000
4.000000 6.000000 10.000000 0.000000 102.000000 204.000000 1.000000 121186657855309856.000000 819576320328486528.000000
4.000000 7.000000 10.000000 0.000000 102.000000 204.000000 3.000000 129622347004228416.000000 871311437470797312.000000
4.000000 8.000000 10.000000 104.000000 24.000000 24.000000 6.000000 135300063975261024.000000 905460056514516480.000000
4.000000 9.000000 10.000000 104.000000 24.000000 24.000000 4.000000 138188817830947232.000000 922674818320563200.000000
4.000000 10.000000 10.000000 0.000000 102.000000 204.000000 4.000000 138274890333735504.000000 923349843977824768.000000
4.000000 11.000000 10.000000 0.000000 102.000000 204.000000 7.000000 135551414860003024.000000 907449774534458496.000000
4.000000 12.000000 10.000000 0.000000 102.000000 204.000000 5.000000 130018715160133152.000000 874504362779822336.000000
4.000000 13.000000 10.000000 104.000000 24.000000 24.000000 4.000000 121695468059658752.000000 823772064425147264.000000
4.000000 14.000000 10.000000 0.000000 102.000000 204.000000 1.000000 110638365991825216.000000 754541112422293120.000000
4.000000 15.000000 10.000000 0.000000 102.000000 204.000000 3.000000 96965988779905728.000000 666506964381830144.000000
4.000000 16.000000 10.000000 0.000000 0.000000 0.000000 0.000000 80881443782838240.000000 560146798328720320.000000
4.000000 17.000000 10.000000 0.000000 0.000000 0.000000 0.000000 62688252510521328.000000 437009018322508160.000000
4.000000 18.000000 10.000000 0.000000 0.000000 0.000000 0.000000 42795003929157648.000000 299849753898987200.000000
4.000000 19.000000 10.000000 0.000000 0.000000 0.000000 0.000000 21706288911072376.000000 152576909175801024.000000
5.000000 0.000000 10.000000 0.000000 0.000000 0.000000 0.000000 24366310409730368.000000 167632827707452640.000000
5.000000 1.000000 10.000000 0.000000 0.000000 0.000000 0.000000 48052176489271600.000000 329513020346903744.000000
5.000000 2.000000 10.000000 0.000000 0.000000 0.000000 0.000000 70419927527840352.000000 480414540529172992.000000
5.000000 3.000000 10.000000 0.000000 0.000000 0.000000 0.000000 90910955580843264.000000 616074248537405312.000000
5.000000 4.000000 10.000000 0.000000 102.000000 204.000000 2.000000 109070296018155296.000000 733465187520093952.000000
5.000000 5.000000 10.000000 0.000000 102.000000 204.000000 2.000000 124556534971018208.000000 830865725685238272.000000
5.000000 6.000000 10.000000 0.000000 102.000000 204.000000 4.000000 137136875243983744.000000 907722675928772096.000000
5.000000 7.000000 10.000000 104.000000 24.000000 24.000000 5.000000 146669962588237280.000000 964345670634905600.000000
5.000000 8.000000 10.000000 0.000000 102.000000 204.000000 1.000000 153081276084877056.000000 1001501578264912768.000000
5.000000 9.000000 10.000000 104.000000 24.000000 24.000000 4.000000 156337103449911488.000000 1019995692680915840.000000
5.000000 10.000000 10.000000 104.000000 24.000000 24.000000 2.000000 156423138211392960.000000 1020327552055845888.000000
5.000000 11.000000 10.000000 0.000000 102.000000 204.000000 7.000000 153332565421259168.000000 1002493429389619968.000000
5.000000 12.000000 10.000000 104.000000 24.000000 24.000000 1.000000 147066379044851328.000000 965977718001804032.000000
5.000000 13.000000 10.000000 0.000000 102.000000 204.000000 4.000000 137646002842471824.000000 909937081313114368.000000
5.000000 14.000000 10.000000 0.000000 102.000000 204.000000 3.000000 125135574182042752.000000 833541463421709312.000000
5.000000 15.000000 10.000000 0.000000 102.000000 204.000000 1.000000 109669019187173984.000000 736402478909678848.000000
5.000000 16.000000 10.000000 0.000000 102.000000 204.000000 4.000000 91475744729747136.000000 618999104987177344.000000
5.000000 17.000000 10.000000 0.000000 0.000000 0.000000 0.000000 70898683724115352.000000 483007610759554560.000000
5.000000 18.000000 10.000000 0.000000 0.000000 0.000000 0.000000 48399614386363104.000000 331458624990788928.000000
5.000000 19.000000 10.000000 0.000000 0.000000 0.000000 0.000000 24548936423580636.000000 168676649898754048.000000
6.000000 0.000000 10.000000 0.000000 0.000000 0.000000 0.000000 26600424003180344.000000 179543473092113792.000000
6.000000 1.000000 10.000000 0.000000 0.000000 0.000000 0.000000 52456296979377912.000000 352827905255982784.000000
6.000000 2.000000 10.000000 0.000000 0.000000 0.000000 0.000000 76870041838505312.000000 514176137437140928.000000
6.000000 3.000000 10.000000 0.000000 102.000000 204.000000 3.000000 99230902341522768.000000 658974758053707776.000000
6.000000 4.000000 10.000000 0.000000 102.000000 204.000000 2.000000 119041921761686192.000000 783975443104283648.000000
6.000000 5.000000 10.000000 0.000000 102.000000 204.000000 2.000000 135930796276361696.000000 887370293999181568.000000
6.000000 6.000000 10.000000 104.000000 24.000000 24.000000 2.000000 149644419338752640.000000 968639183907794432.000000
6.000000 7.000000 10.000000 104.000000 24.000000 24.000000 2.000000 160029977099423072.000000 1028210448154147968.000000
6.000000 8.000000 10.000000 104.000000 24.000000 24.000000 4.000000 167007872617458112.000000 1067011037150860032.000000
6.000000 9.000000 10.000000 104.000000 24.000000 24.000000 4.000000 170543091031031392.000000 1086001964996291968.000000
6.000000 10.000000 10.000000 104.000000 24.000000 24.000000 7.000000 170621632647278848.000000 1085795987327134464.000000
6.000000 11.000000 10.000000 104.000000 24.000000 24.000000 2.000000 167237353553226976.000000 1066436865963469312.000000
6.000000 12.000000 10.000000 104.000000 24.000000 24.000000 3.000000 160392221573769728.000000 1027386639659923968.000000
6.000000 13.000000 10.000000 0.000000 0.000000 0.000000 0.000000 150110065468059264.000000 967725099099838464.000000
6.000000 14.000000 10.000000 104.000000 24.000000 24.000000 4.000000 136460923526560704.000000 886522008175621248.000000
6.000000 15.000000 10.000000 0.000000 102.000000 204.000000 24.000000 119590656330057888.000000 783305864152381568.000000
6.000000 16.000000 10.000000 0.000000 102.000000 204.000000 3.000000 99749065362847552.000000 658530537518108032.000000
6.000000 17.000000 10.000000 0.000000 102.000000 204.000000 4.000000 77309665192637872.000000 513937972919795008.000000
6.000000 18.000000 10.000000 0.000000 0.000000 0.000000 0.000000 52775554991467400.000000 352732673540270784.000000
6.000000 19.000000 10.000000 0.000000 0.000000 0.000000 0.000000 26768310291108800.000000 179519136942970400.000000
7.000000 0.000000 10.000000 0.000000 0.000000 0.000000 0.000000 28236132412257520.000000 187181289904810816.000000
7.000000 1.000000 10.000000 0.000000 0.000000 0.000000 0.000000 55679852765611552.000000 367727075535043072.000000
7.000000 2.000000 10.000000 0.000000 102.000000 204.000000 1.000000 81588942911821296.000000 535628189345957440.000000
7.000000 3.000000 10.000000 0.000000 102.000000 204.000000 3.000000 105313950791624448.000000 686020273298658688.000000
7.000000 4.000000 10.000000 0.000000 102.000000 204.000000 3.000000 126327001772021568.000000 815507597009435520.000000
7.000000 5.000000 10.000000 104.000000 24.000000 24.000000 3.000000 144233367436413792.000000 922243255557806592.000000
7.000000 6.000000 10.000000 104.000000 24.000000 24.000000 4.000000 158765596759936832.000000 1005763690878964224.000000
7.000000 7.000000 10.000000 104.000000 24.000000 24.000000 5.000000 169763268334349984.000000 1066622145300862208.000000
7.000000 8.000000 10.000000 104.000000 24.000000 24.000000 5.000000 177144004823365120.000000 1105903030894569472.000000
7.000000 9.000000 10.000000 104.000000 24.000000 24.000000 4.000000 180872813942611776.000000 1124720276359092992.000000
7.000000 10.000000 10.000000 104.000000 24.000000 24.000000 3.000000 180936832603499936.000000 1123803737201172736.000000
7.000000 11.000000 10.000000 104.000000 24.000000 24.000000 3.000000 177331173042414976.000000 1103258741430629632.000000
7.000000 12.000000 10.000000 104.000000 24.000000 24.000000 2.000000 170059079090637984.000000 1062548436056278016.000000
7.000000 13.000000 10.000000 104.000000 24.000000 24.000000 3.000000 159146475179156672.000000 1000703379915087104.000000
7.000000 14.000000 10.000000 104.000000 24.000000 24.000000 6.000000 144667824350604512.000000 916716218051223808.000000
7.000000 15.000000 10.000000 0.000000 102.000000 204.000000 3.000000 126777613758517056.000000 810040160576433792.000000
7.000000 16.000000 10.000000 0.000000 102.000000 204.000000 7.000000 105740274998773136.000000 681086196138205824.000000
7.000000 17.000000 10.000000 0.000000 102.000000 204.000000 1.000000 81951250558851152.000000 531610734711767488.000000
7.000000 18.000000 10.000000 0.000000 0.000000 0.000000 0.000000 55943301253443152.000000 364904115892950528.000000
7.000000 19.000000 10.000000 0.000000 0.000000 0.000000 0.000000 28374782355615828.000000 185728111867378208.000000
8.000000 0.000000 10.000000 0.000000 0.000000 0.000000 0.000000 29296176045084988.000000 191233706249507008.000000
8.000000 1.000000 10.000000 0.000000 0.000000 0.000000 0.000000 57767834956797696.000000 375572909535223168.000000
8.000000 2.000000 10.000000 0.000000 0.000000 0.000000 0.000000 84642907629947136.000000 546783046401642496.000000
8.000000 3.000000 10.000000 0.000000 102.000000 204.000000 4.000000 109246250976637824.000000 699835640610952704.000000
8.000000 4.000000 10.000000 0.000000 102.000000 204.000000 7.000000 131029736900777472.000000 831249132369936768.000000
8.000000 5.000000 10.000000 104.000000 24.000000 24.000000 6.000000 149584312895253312.000000 939172805439749120.000000
8.000000 6.000000 10.000000 104.000000 24.000000 24.000000 3.000000 164633831660769024.000000 1023211718365829120.000000
8.000000 7.000000 10.000000 104.000000 24.000000 24.000000 4.000000 176013847864987424.000000 1084039704672236160.000000
8.000000 8.000000 10.000000 104.000000 24.000000 24.000000 1.000000 183641277194190336.000000 1122886785758336640.000000
8.000000 9.000000 10.000000 104.000000 24.000000 24.000000 2.000000 187482296476232352.000000 1141009381186912512.000000
8.000000 10.000000 10.000000 104.000000 24.000000 24.000000 2.000000 187525872716079808.000000 1139252612946405632.000000
8.000000 11.000000 10.000000 104.000000 24.000000 24.000000 2.000000 183768867109236416.000000 1117793890073491968.000000
8.000000 12.000000 10.000000 104.000000 24.000000 24.000000 3.000000 176216059362053184.000000 1076119746498376704.000000
8.000000 13.000000 10.000000 104.000000 24.000000 24.000000 5.000000 164895178474665792.000000 1013240555338179072.000000
8.000000 14.000000 10.000000 104.000000 24.000000 24.000000 3.000000 149883728737835520.000000 928099095503520768.000000
8.000000 15.000000 10.000000 0.000000 102.000000 204.000000 1.000000 131341698200414336.000000 820088259919997952.000000
8.000000 16.000000 10.000000 0.000000 102.000000 204.000000 8.000000 109542668774275968.000000 689568555806974080.000000
8.000000 17.000000 10.000000 0.000000 102.000000 204.000000 3.000000 84895751469782480.000000 538272818716073728.000000
8.000000 18.000000 10.000000 0.000000 0.000000 0.000000 0.000000 57952211469096464.000000 369505132476965120.000000
8.000000 19.000000 10.000000 0.000000 0.000000 0.000000 0.000000 29393384502703904.000000 188080114639585024.000000
9.000000 0.000000 10.000000 0.000000 0.000000 0.000000 0.000000 29804635344106344.000000 192321899459664960.000000
9.000000 1.000000 10.000000 0.000000 0.000000 0.000000 0.000000 58767928979218576.000000 377598228708880000.000000
9.000000 2.000000 10.000000 0.000000 102.000000 204.000000 3.000000 86102285064293696.000000 549465855765916800.000000
9.000000 3.000000 10.000000 0.000000 102.000000 204.000000 2.000000 111119426864256928.000000 702808803114993664.000000
9.000000 4.000000 10.000000 104.000000 24.000000 24.000000 5.000000 133261215907865312.000000 834110582911216384.000000
9.000000 5.000000 10.000000 104.000000 24.000000 24.000000 8.000000 152111986615604800.000000 941540845774568960.000000
9.000000 6.000000 10.000000 104.000000 24.000000 24.000000 3.000000 167392189855369344.000000 1024774229818458368.000000
9.000000 7.000000 10.000000 104.000000 24.000000 24.000000 10.000000 178936624063884096.000000 1084590074491973120.000000
9.000000 8.000000 10.000000 104.000000 24.000000 24.000000 4.000000 186663294279373120.000000 1122342144538571264.000000
9.000000 9.000000 10.000000 104.000000 24.000000 24.000000 4.000000 190540455881764736.000000 1139410116232650752.000000
9.000000 10.000000 10.000000 104.000000 24.000000 24.000000 4.000000 190559405106454656.000000 1136745358652621824.000000
9.000000 11.000000 10.000000 104.000000 24.000000 24.000000 3.000000 186719099169702976.000000 1114602697866567040.000000
9.000000 12.000000 10.000000 104.000000 24.000000 24.000000 4.000000 179026026408177792.000000 1072511510040364032.000000
9.000000 13.000000 10.000000 104.000000 24.000000 24.000000 4.000000 167509415132089024.000000 1009490882593604864.000000
9.000000 14.000000 10.000000 104.000000 24.000000 24.000000 3.000000 152248503618852256.000000 924463805050747264.000000
9.000000 15.000000 10.000000 0.000000 102.000000 204.000000 2.000000 133405839781073936.000000 816783858425747968.000000
9.000000 16.000000 10.000000 0.000000 102.000000 204.000000 6.000000 111258984014744384.000000 686762859747330304.000000
9.000000 17.000000 10.000000 0.000000 102.000000 204.000000 5.000000 86222895485294032.000000 536084765038515392.000000
9.000000 18.000000 10.000000 0.000000 102.000000 204.000000 2.000000 58856753568767488.000000 368011164493826816.000000
9.000000 19.000000 10.000000 0.000000 0.000000 0.000000 0.000000 29851754499260392.000000 187323594480077504.000000
10.000000 0.000000 10.000000 0.000000 0.000000 0.000000 0.000000 29777371324622080.000000 190859122410095168.000000
10.000000 1.000000 10.000000 0.000000 102.000000 204.000000 1.000000 58711643797305392.000000 374626332786264320.000000
10.000000 2.000000 10.000000 0.000000 102.000000 204.000000 3.000000 86013797306566880.000000 544902922592074752.000000
10.000000 3.000000 10.000000 0.000000 102.000000 204.000000 7.000000 110994741691462816.000000 696557061103474048.000000
10.000000 4.000000 10.000000 104.000000 24.000000 24.000000 5.000000 133096315410303584.000000 826081850076631424.000000
10.000000 5.000000 10.000000 104.000000 24.000000 24.000000 3.000000 151903677455651488.000000 931683676877061888.000000
10.000000 6.000000 10.000000 104.000000 24.000000 24.000000 6.000000 167138885530913248.000000 1013098745193744768.000000
10.000000 7.000000 10.000000 104.000000 24.000000 24.000000 6.000000 178638959936149120.000000 1071187137627336704.000000
10.000000 8.000000 10.000000 104.000000 24.000000 24.000000 2.000000 186324508815351616.000000 1107394716426441984.000000
10.000000 9.000000 10.000000 104.000000 24.000000 24.000000 4.000000 190166512067472448.000000 1123195939316761856.000000
10.000000 10.000000 10.000000 104.000000 24.000000 24.000000 3.000000 190158862552700032.000000 1119631313057204864.000000
10.000000 11.000000 10.000000 104.000000 24.000000 24.000000 6.000000 186302773498821568.000000 1097032017082434944.000000
10.000000 12.000000 10.000000 104.000000 24.000000 24.000000 3.000000 178606485529892480.000000 1054985465302014592.000000
10.000000 13.000000 10.000000 104.000000 24.000000 24.000000 6.000000 167100363515789824.000000 992546600771246336.000000
10.000000 14.000000 10.000000 104.000000 24.000000 24.000000 1.000000 151864100042337120.000000 908649720872407040.000000
10.000000 15.000000 10.000000 104.000000 24.000000 24.000000 3.000000 133059986571449744.000000 802634089973720704.000000
10.000000 16.000000 10.000000 0.000000 102.000000 204.000000 6.000000 110964620673712064.000000 674771667466390528.000000
10.000000 17.000000 10.000000 0.000000 102.000000 204.000000 8.000000 85991328528568000.000000 526682256752553984.000000
10.000000 18.000000 10.000000 0.000000 102.000000 204.000000 5.000000 58697056397954688.000000 361541500181189120.000000
10.000000 19.000000 10.000000 0.000000 0.000000 0.000000 0.000000 29770273227807536.000000 184027021695925792.000000
11.000000 0.000000 10.000000 0.000000 0.000000 0.000000 0.000000 29216673342102328.000000 186968775163121568.000000
11.000000 1.000000 10.000000 0.000000 0.000000 0.000000 0.000000 57603732519016296.000000 366908676680348288.000000
11.000000 2.000000 10.000000 0.000000 102.000000 204.000000 3.000000 84384977734112416.000000 533482038942517632.000000
11.000000 3.000000 10.000000 0.000000 102.000000 204.000000 4.000000 108882908534134208.000000 681614571877971200.000000
11.000000 4.000000 10.000000 0.000000 102.000000 204.000000 4.000000 130549333975496640.000000 807852803796043776.000000
11.000000 5.000000 10.000000 104.000000 24.000000 24.000000 8.000000 148977599647154944.000000 910452960495594112.000000
11.000000 6.000000 10.000000 104.000000 24.000000 24.000000 2.000000 163896227664035200.000000 989199164753894656.000000
11.000000 7.000000 10.000000 104.000000 24.000000 24.000000 3.000000 175147228143987744.000000 1045000023811224320.000000
11.000000 8.000000 10.000000 104.000000 24.000000 24.000000 4.000000 182655079779876256.000000 1079353319901088512.000000
11.000000 9.000000 10.000000 104.000000 24.000000 24.000000 3.000000 186393875815486400.000000 1093791035325488896.000000
11.000000 10.000000 10.000000 104.000000 24.000000 24.000000 5.000000 186360129336602880.000000 1089417463308187008.000000
11.000000 11.000000 10.000000 104.000000 24.000000 24.000000 4.000000 182557259525288704.000000 1066632042264902656.000000
11.000000 12.000000 10.000000 104.000000 24.000000 24.000000 3.000000 174995141926010624.000000 1025090110844652672.000000
11.000000 13.000000 10.000000 104.000000 24.000000 24.000000 4.000000 163704813197691840.000000 963906367854392576.000000
11.000000 14.000000 10.000000 104.000000 24.000000 24.000000 2.000000 148765102807400032.000000 882056537570324736.000000
11.000000 15.000000 10.000000 104.000000 24.000000 24.000000 2.000000 130335257387172320.000000 778891917517001728.000000
11.000000 16.000000 10.000000 0.000000 102.000000 204.000000 3.000000 108686062270007840.000000 654657090679254656.000000
11.000000 17.000000 10.000000 0.000000 102.000000 204.000000 5.000000 84221880889957200.000000 510898237198743296.000000
11.000000 18.000000 10.000000 0.000000 102.000000 204.000000 1.000000 57487482793843528.000000 350669309447684480.000000
11.000000 19.000000 10.000000 0.000000 0.000000 0.000000 0.000000 29156268019981408.000000 178482458800366272.000000
12.000000 0.000000 10.000000 0.000000 0.000000 0.000000 0.000000 28111103158608444.000000 180475770951995040.000000
12.000000 1.000000 10.000000 0.000000 0.000000 0.000000 0.000000 55421858631831856.000000 354107000242364032.000000
12.000000 2.000000 10.000000 0.000000 102.000000 204.000000 3.000000 81183619431258160.000000 514724288876873280.000000
12.000000 3.000000 10.000000 0.000000 102.000000 204.000000 3.000000 104743269822974912.000000 657392467841670528.000000
12.000000 4.000000 10.000000 0.000000 102.000000 204.000000 4.000000 125572849541847968.000000 778760350917204864.000000
12.000000 5.000000 10.000000 104.000000 24.000000 24.000000 4.000000 143281382444090272.000000 877148666831297536.000000
12.000000 6.000000 10.000000 104.000000 24.000000 24.000000 3.000000 157608712524834368.000000 952374079316466560.000000
12.000000 7.000000 10.000000 104.000000 24.000000 24.000000 5.000000 168404500085330112.000000 1005357028046271232.000000
12.000000 8.000000 10.000000 104.000000 24.000000 24.000000 4.000000 175598178880087328.000000 1037600633817296640.000000
12.000000 9.000000 10.000000 104.000000 24.000000 24.000000 7.000000 179167121617438592.000000 1050649730668740992.000000
12.000000 10.000000 10.000000 104.000000 24.000000 24.000000 3.000000 179110255601649600.000000 1045639498632717184.000000
12.000000 11.000000 10.000000 104.000000 24.000000 24.000000 3.000000 175432944921561984.000000 1023022590566463232.000000
12.000000 12.000000 10.000000 104.000000 24.000000 24.000000 6.000000 168146405924849216.000000 982526325372637056.000000
12.000000 13.000000 10.000000 104.000000 24.000000 24.000000 2.000000 157281745204411680.000000 923344642533592064.000000
12.000000 14.000000 10.000000 104.000000 24.000000 24.000000 6.000000 142915511082002144.000000 844521914252675840.000000
12.000000 15.000000 10.000000 104.000000 24.000000 24.000000 4.000000 125201043893047296.000000 745446392081454592.000000
12.000000 16.000000 10.000000 0.000000 102.000000 204.000000 5.000000 104398410242795744.000000 626347659124620672.000000
12.000000 17.000000 10.000000 0.000000 102.000000 204.000000 4.000000 80895628971203328.000000 488689823765974912.000000
12.000000 18.000000 10.000000 0.000000 0.000000 0.000000 0.000000 55215293916934544.000000 335371335353243008.000000
12.000000 19.000000 10.000000 0.000000 0.000000 0.000000 0.000000 28003331550820108.000000 170679922089427264.000000
13.000000 0.000000 10.000000 0.000000 0.000000 0.000000 0.000000 26440531754174096.000000 170971119125502144.000000
13.000000 1.000000 10.000000 0.000000 0.000000 0.000000 0.000000 52126504970802920.000000 335419876643424448.000000
13.000000 2.000000 10.000000 0.000000 102.000000 204.000000 2.000000 76352239275048960.000000 487467560709327744.000000
13.000000 3.000000 10.000000 0.000000 102.000000 204.000000 3.000000 98502369791414560.000000 622412377948731392.000000
13.000000 4.000000 10.000000 0.000000 102.000000 204.000000 4.000000 118079853445394016.000000 737063621510839296.000000
13.000000 5.000000 10.000000 0.000000 102.000000 204.000000 4.000000 134717151403609888.000000 829826806262630016.000000
13.000000 6.000000 10.000000 104.000000 24.000000 24.000000 4.000000 148170401363305216.000000 900537735673980416.000000
13.000000 7.000000 10.000000 104.000000 24.000000 24.000000 4.000000 158299558616026880.000000 950090787186670848.000000
13.000000 8.000000 10.000000 104.000000 24.000000 24.000000 3.000000 165039985184050048.000000 979944186726927360.000000
13.000000 9.000000 10.000000 104.000000 24.000000 24.000000 5.000000 168372330245042176.000000 991605694176566016.000000
13.000000 10.000000 10.000000 104.000000 24.000000 24.000000 4.000000 168297537081821856.000000 986202444595464960.000000
13.000000 11.000000 10.000000 104.000000 24.000000 24.000000 3.000000 164822464276269216.000000 964219130209204992.000000
13.000000 12.000000 10.000000 104.000000 24.000000 24.000000 4.000000 157959202598238848.000000 925453348437975808.000000
13.000000 13.000000 10.000000 104.000000 24.000000 24.000000 5.000000 147738173683320064.000000 869192626676207616.000000
13.000000 14.000000 10.000000 104.000000 24.000000 24.000000 3.000000 134232084922213136.000000 794572736134916352.000000
13.000000 15.000000 10.000000 0.000000 102.000000 204.000000 8.000000 117585364113026144.000000 701039906995356928.000000
13.000000 16.000000 10.000000 0.000000 102.000000 204.000000 4.000000 98042288736298048.000000 588817606790825216.000000
13.000000 17.000000 10.000000 0.000000 102.000000 204.000000 2.000000 75966954557713072.000000 459276151809874688.000000
13.000000 18.000000 10.000000 0.000000 0.000000 0.000000 0.000000 51849543679387952.000000 315121471829369472.000000
13.000000 19.000000 10.000000 0.000000 0.000000 0.000000 0.000000 26295827010925328.000000 160354690784053088.000000
14.000000 0.000000 10.000000 0.000000 0.000000 0.000000 0.000000 24185379753066440.000000 157936347709555776.000000
14.000000 1.000000 10.000000 0.000000 0.000000 0.000000 0.000000 47679178281980776.000000 309827417524797056.000000
14.000000 2.000000 10.000000 0.000000 102.000000 204.000000 1.000000 69834712538961680.000000 450223563777572544.000000
14.000000 3.000000 10.000000 0.000000 102.000000 204.000000 3.000000 90088261414477584.000000 574764526316092032.000000
14.000000 4.000000 10.000000 0.000000 102.000000 204.000000 3.000000 107984793312232832.000000 680489413256964608.000000
14.000000 5.000000 10.000000 0.000000 102.000000 204.000000 4.000000 123188241592209344.000000 765916805418506496.000000
14.000000 6.000000 10.000000 0.000000 102.000000 204.000000 3.000000 135476156610209472.000000 830893049148998912.000000
14.000000 7.000000 10.000000 104.000000 24.000000 24.000000 4.000000 144721468733211520.000000 876250427377838208.000000
14.000000 8.000000 10.000000 104.000000 24.000000 24.000000 3.000000 150866390686534784.000000 903351424265411584.000000
14.000000 9.000000 10.000000 104.000000 24.000000 24.000000 5.000000 153894737385030336.000000 913614287678230272.000000
14.000000 10.000000 10.000000 104.000000 24.000000 24.000000 3.000000 153808931989131904.000000 908115348468774016.000000
14.000000 11.000000 10.000000 104.000000 24.000000 24.000000 4.000000 150616729453748000.000000 887345522373262848.000000
14.000000 12.000000 10.000000 104.000000 24.000000 24.000000 2.000000 144330482301276512.000000 851165896765745408.000000
14.000000 13.000000 10.000000 104.000000 24.000000 24.000000 3.000000 134979029343173152.000000 798966616831208704.000000
14.000000 14.000000 10.000000 104.000000 24.000000 24.000000 6.000000 122629531672201536.000000 729992135921165568.000000
14.000000 15.000000 10.000000 0.000000 102.000000 204.000000 3.000000 107414339321402416.000000 643762052227039744.000000
14.000000 16.000000 10.000000 0.000000 102.000000 204.000000 3.000000 89556685772479088.000000 540496734761672768.000000
14.000000 17.000000 10.000000 0.000000 102.000000 204.000000 4.000000 69388945411226552.000000 421454821114154304.000000
14.000000 18.000000 10.000000 0.000000 0.000000 0.000000 0.000000 47358392530839672.000000 289106204839215872.000000
14.000000 19.000000 10.000000 0.000000 0.000000 0.000000 0.000000 24017661884093144.000000 147096406463622752.000000
15.000000 0.000000 10.000000 0.000000 0.000000 0.000000 0.000000 21338236365162808.000000 140903244315831952.000000
15.000000 1.000000 10.000000 0.000000 0.000000 0.000000 0.000000 42065312273861256.000000 276405869960831488.000000
15.000000 2.000000 10.000000 0.000000 102.000000 204.000000 1.000000 61609811636570848.000000 401637839770394816.000000
15.000000 3.000000 10.000000 0.000000 102.000000 204.000000 3.000000 79473758192822416.000000 512699768380097984.000000
15.000000 4.000000 10.000000 0.000000 102.000000 204.000000 3.000000 95255392792906640.000000 606939719552104192.000000
15.000000 5.000000 10.000000 0.000000 102.000000 204.000000 4.000000 108658274878149312.000000 683025742749627136.000000
15.000000 6.000000 10.000000 104.000000 24.000000 24.000000 4.000000 119486556306213184.000000 740812377888138496.000000
15.000000 7.000000 10.000000 0.000000 102.000000 204.000000 5.000000 127628846113447584.000000 781038071722619776.000000
15.000000 8.000000 10.000000 0.000000 102.000000 204.000000 4.000000 133035113151087696.000000 804921073135583488.000000
15.000000 9.000000 10.000000 104.000000 24.000000 24.000000 5.000000 135692177494782496.000000 813738198372993024.000000
15.000000 10.000000 10.000000 104.000000 24.000000 24.000000 4.000000 135603331709049936.000000 808471059435026944.000000
15.000000 11.000000 10.000000 104.000000 24.000000 24.000000 4.000000 132776538069784928.000000 789588348933362176.000000
15.000000 12.000000 10.000000 104.000000 24.000000 24.000000 1.000000 127223697732816784.000000 757003966065929728.000000
15.000000 13.000000 10.000000 104.000000 24.000000 24.000000 6.000000 118971064703112000.000000 710214776967222144.000000
15.000000 14.000000 10.000000 0.000000 102.000000 204.000000 2.000000 108078445249394624.000000 648585454218728448.000000
15.000000 15.000000 10.000000 0.000000 102.000000 204.000000 2.000000 94662847663913440.000000 571717995186705600.000000
15.000000 16.000000 10.000000 0.000000 102.000000 204.000000 4.000000 78921114569735584.000000 479825906270056128.000000
15.000000 17.000000 10.000000 0.000000 0.000000 0.000000 0.000000 61146016714155920.000000 374031218481176064.000000
15.000000 18.000000 10.000000 0.000000 0.000000 0.000000 0.000000 41731348775979912.000000 256517098726350112.000000
15.000000 19.000000 10.000000 0.000000 0.000000 0.000000 0.000000 21163560369578104.000000 130497245028187968.000000
16.000000 0.000000 10.000000 0.000000 0.000000 0.000000 0.000000 17915484745019778.000000 119617140332479328.000000
16.000000 1.000000 10.000000 0.000000 0.000000 0.000000 0.000000 35317191634321880.000000 234649489096365216.000000
16.000000 2.000000 10.000000 0.000000 0.000000 0.000000 0.000000 51724795307180416.000000 340961118642562304.000000
16.000000 3.000000 10.000000 0.000000 102.000000 204.000000 1.000000 66719785148735024.000000 435237448586177664.000000
16.000000 4.000000 10.000000 0.000000 102.000000 204.000000 3.000000 79964639812023616.000000 515219938948667136.000000
16.000000 5.000000 10.000000 0.000000 102.000000 204.000000 4.000000 91210493507899392.000000 579768381940832384.000000
16.000000 6.000000 10.000000 0.000000 102.000000 204.000000 4.000000 100293165998870832.000000 628749253195727360.000000
16.000000 7.000000 10.000000 0.000000 102.000000 204.000000 7.000000 107119590424124928.000000 662781225286131712.000000
16.000000 8.000000 10.000000 0.000000 102.000000 204.000000 4.000000 111648378613141632.000000 682894758005181696.000000
16.000000 9.000000 10.000000 0.000000 102.000000 204.000000 4.000000 113869191076024688.000000 690176850297737600.000000
16.000000 10.000000 10.000000 0.000000 102.000000 204.000000 4.000000 113785569629498976.000000 685472198142118144.000000
16.000000 11.000000 10.000000 0.000000 102.000000 204.000000 3.000000 111404969420816256.000000 669198519004134912.000000
16.000000 12.000000 10.000000 0.000000 102.000000 204.000000 4.000000 106738088041731808.000000 641309552064511488.000000
16.000000 13.000000 10.000000 0.000000 102.000000 204.000000 4.000000 99807554112004256.000000 601408975389580928.000000
16.000000 14.000000 10.000000 0.000000 102.000000 204.000000 2.000000 90663996024611776.000000 548987945855685888.000000
16.000000 15.000000 10.000000 0.000000 102.000000 204.000000 3.000000 79405854108847280.000000 483733927400046784.000000
16.000000 16.000000 10.000000 0.000000 0.000000 0.000000 0.000000 66198350125474712.000000 405843723734314624.000000
16.000000 17.000000 10.000000 0.000000 0.000000 0.000000 0.000000 51286984289472960.000000 316272135018140608.000000
16.000000 18.000000 10.000000 0.000000 0.000000 0.000000 0.000000 35001820873554180.000000 216859916691409920.000000
16.000000 19.000000 10.000000 0.000000 0.000000 0.000000 0.000000 17750494255334620.000000 110308537970891328.000000
17.000000 0.000000 10.000000 0.000000 0.000000 0.000000 0.000000 13966426678737692.000000 94170139193527872.000000
17.000000 1.000000 10.000000 0.000000 0.000000 0.000000 0.000000 27531951764923192.000000 184733421140382912.000000
17.000000 2.000000 10.000000 0.000000 0.000000 0.000000 0.000000 40321798631848144.000000 268434899257172160.000000
17.000000 3.000000 10.000000 0.000000 0.000000 0.000000 0.000000 52009466170982136.000000 342663693580299520.000000
17.000000 4.000000 10.000000 0.000000 102.000000 204.000000 2.000000 62331705692661120.000000 405637343845534720.000000
17.000000 5.000000 10.000000 0.000000 102.000000 204.000000 5.000000 71094512362906688.000000 456451266012049280.000000
17.000000 6.000000 10.000000 0.000000 102.000000 204.000000 3.000000 78170030967498736.000000 494992076989386624.000000
17.000000 7.000000 10.000000 0.000000 102.000000 204.000000 3.000000 83485963472829520.000000 521739071927859840.000000
17.000000 8.000000 10.000000 0.000000 102.000000 204.000000 4.000000 87010396703004336.000000 537498314303259776.000000
17.000000 9.000000 10.000000 0.000000 102.000000 204.000000 4.000000 88735691792513856.000000 543124871398845696.000000
17.000000 10.000000 10.000000 104.000000 24.000000 24.000000 5.000000 88665069315197920.000000 539288848635198656.000000
17.000000 11.000000 10.000000 0.000000 102.000000 204.000000 3.000000 86804804908400560.000000 526330340574179328.000000
17.000000 12.000000 10.000000 0.000000 102.000000 204.000000 3.000000 83163671659248160.000000 504229480095571456.000000
17.000000 13.000000 10.000000 0.000000 102.000000 204.000000 3.000000 77759678658699840.000000 472694149011211712.000000
17.000000 14.000000 10.000000 0.000000 102.000000 204.000000 4.000000 70632564031655416.000000 431344105088428288.000000
17.000000 15.000000 10.000000 0.000000 0.000000 0.000000 0.000000 61859209735155904.000000 379950774994305152.000000
17.000000 16.000000 10.000000 0.000000 0.000000 0.000000 0.000000 51568406458011528.000000 318680489450868608.000000
17.000000 17.000000 10.000000 0.000000 0.000000 0.000000 0.000000 39951363457195376.000000 248287789442103040.000000
17.000000 18.000000 10.000000 0.000000 0.000000 0.000000 0.000000 27265052233051032.000000 170214986791231232.000000
17.000000 19.000000 10.000000 0.000000 0.000000 0.000000 0.000000 13826773874864980.000000 86572699032130672.000000
18.000000 0.000000 10.000000 0.000000 0.000000 0.000000 0.000000 9577751478313036.000000 65075266561974992.000000
18.000000 1.000000 10.000000 0.000000 0.000000 0.000000 0.000000 18880402154733332.000000 127660315333908096.000000
18.000000 2.000000 10.000000 0.000000 0.000000 0.000000 0.000000 27650787860516748.000000 185507200706886336.000000
18.000000 3.000000 10.000000 0.000000 0.000000 0.000000 0.000000 35664889472163880.000000 236811450679597440.000000
18.000000 4.000000 10.000000 0.000000 0.000000 0.000000 0.000000 42742117011363888.000000 280339169726533760.000000
18.000000 5.000000 10.000000 0.000000 102.000000 204.000000 2.000000 48749425715349600.000000 315461411909905280.000000
18.000000 6.000000 10.000000 0.000000 102.000000 204.000000 4.000000 53599195163351112.000000 342094958456760064.000000
18.000000 7.000000 10.000000 0.000000 102.000000 204.000000 4.000000 57241960778948936.000000 360566165838352000.000000
18.000000 8.000000 10.000000 0.000000 102.000000 204.000000 4.000000 59656000192473544.000000 371428409886524416.000000
18.000000 9.000000 10.000000 0.000000 102.000000 204.000000 4.000000 60836273068263624.000000 375271256237198208.000000
18.000000 10.000000 10.000000 0.000000 102.000000 204.000000 4.000000 60785207419639832.000000 372559569710678528.000000
18.000000 11.000000 10.000000 0.000000 102.000000 204.000000 4.000000 59507331923745536.000000 363533540995974400.000000
18.000000 12.000000 10.000000 0.000000 102.000000 204.000000 4.000000 57008876692215760.000000 348187611375841536.000000
18.000000 13.000000 10.000000 0.000000 102.000000 204.000000 3.000000 53302376773903472.000000 326330072046179968.000000
18.000000 14.000000 10.000000 0.000000 102.000000 204.000000 2.000000 48415221930101984.000000 297708788483565632.000000
18.000000 15.000000 10.000000 0.000000 0.000000 0.000000 0.000000 42400211499974352.000000 262175133358919264.000000
18.000000 16.000000 10.000000 0.000000 0.000000 0.000000 0.000000 35345667010927424.000000 219850356560921664.000000
18.000000 17.000000 10.000000 0.000000 0.000000 0.000000 0.000000 27382632492626340.000000 171257843194478144.000000
18.000000 18.000000 10.000000 0.000000 0.000000 0.000000 0.000000 18687168158333308.000000 117391260385018992.000000
18.000000 19.000000 10.000000 0.000000 0.000000 0.000000 0.000000 9476634383098184.000000 59701287838735376.000000
19.000000 0.000000 10.000000 0.000000 0.000000 0.000000 0.000000 4872019446749014.000000 33263363338597624.000000
19.000000 1.000000 10.000000 0.000000 0.000000 0.000000 0.000000 9604049016091804.000000 65254744763975416.000000
19.000000 2.000000 10.000000 0.000000 0.000000 0.000000 0.000000 14065228851498912.000000 94825681821872704.000000
19.000000 3.000000 10.000000 0.000000 0.000000 0.000000 0.000000 18141570599340424.000000 121053833028578816.000000
19.000000 4.000000 10.000000 0.000000 0.000000 0.000000 0.000000 21741192645932256.000000 143307838808630080.000000
19.000000 5.000000 10.000000 0.000000 0.000000 0.000000 0.000000 24796416110153296.000000 161264949707197120.000000
19.000000 6.000000 10.000000 0.000000 0.000000 0.000000 0.000000 27262686474686664.000000 174880975483895104.000000
19.000000 7.000000 10.000000 0.000000 0.000000 0.000000 0.000000 29114875145194440.000000 184321035363699328.000000
19.000000 8.000000 10.000000 0.000000 102.000000 204.000000 1.000000 30341979866838204.000000 189866646321993984.000000
19.000000 9.000000 10.000000 0.000000 102.000000 204.000000 2.000000 30941495306723680.000000 191818558043592672.000000
19.000000 10.000000 10.000000 0.000000 102.000000 204.000000 3.000000 30914722195027680.000000 190414785142082208.000000
19.000000 11.000000 10.000000 0.000000 102.000000 204.000000 2.000000 30264032276519808.000000 185779605048000352.000000
19.000000 12.000000 10.000000 0.000000 0.000000 0.000000 0.000000 28992660126984728.000000 177912675486337152.000000
19.000000 13.000000 10.000000 0.000000 0.000000 0.000000 0.000000 27107039393872312.000000 166719181131935808.000000
19.000000 14.000000 10.000000 0.000000 0.000000 0.000000 0.000000 24621146329200668.000000 152073615128425600.000000
19.000000 15.000000 10.000000 0.000000 0.000000 0.000000 0.000000 21561863648383760.000000 133903004875569312.000000
19.000000 16.000000 10.000000 0.000000 0.000000 0.000000 0.000000 17974120462807632.000000 112271399985899616.000000
19.000000 17.000000 10.000000 0.000000 0.000000 0.000000 0.000000 13924552570866812.000000 87447047457900448.000000
19.000000 18.000000 10.000000 0.000000 0.000000 0.000000 0.000000 9502669281074486.000000 59937010025743312.000000
19.000000 19.000000 10.000000 0.000000 0.000000 0.000000 0.000000 4818966025016629.000000 30480435086091656.000000
0.000000 0.000000 15.000000 0.000000 0.000000 0.000000 0.000000 3514749808959920.500000 26022219178812172.000000
0.000000 1.000000 15.000000 0.000000 0.000000 0.000000 0.000000 6931104504467626.000000 51168991300699312.000000
0.000000 2.000000 15.000000 0.000000 0.000000 0.000000 0.000000 10156907911658336.000000 74643420026453504.000000
0.000000 3.000000 15.000000 0.000000 0.000000 0.000000 0.000000 13111532655879700.000000 95792335318085408.000000
0.000000 4.000000 15.000000 0.000000 0.000000 0.000000 0.000000 15729455715278764.000000 114147288590729152.000000
0.000000 5.000000 15.000000 0.000000 0.000000 0.000000 0.000000 17961684364984582.000000 129435195245110336.000000
0.000000 6.000000 15.000000 0.000000 0.000000 0.000000 0.000000 19775006175790684.000000 141558242220915968.000000
0.000000 7.000000 15.000000 0.000000 0.000000 0.000000 0.000000 21149443001061928.000000 150548504394427968.000000
0.000000 8.000000 15.000000 0.000000 0.000000 0.000000 0.000000 22074613150288000.000000 156507463115997024.000000
0.000000 9.000000 15.000000 0.000000 0.000000 0.000000 0.000000 22545886813323992.000000 159543395398944544.000000
0.000000 10.000000 15.000000 0.000000 0.000000 0.000000 0.000000 22561224694648772.000000 159719878653330144.000000
0.000000 11.000000 15.000000 0.000000 0.000000 0.000000 0.000000 22119419773637832.000000 157026367433709696.000000
0.000000 12.000000 15.000000 0.000000 0.000000 0.000000 0.000000 21220150431534624.000000 151377346750881280.000000
0.000000 13.000000 15.000000 0.000000 0.000000 0.000000 0.000000 19865859012155400.000000 142640756202446640.000000
0.000000 14.000000 15.000000 0.000000 0.000000 0.000000 0.000000 18065067946535024.000000 130690292711558224.000000
0.000000 15.000000 15.000000 0.000000 0.000000 0.000000 0.000000 15836413548224070.000000 115471017826333520.000000
0.000000 16.000000 15.000000 0.000000 0.000000 0.000000 0.000000 13212482398688356.000000 97064485091177344.000000
0.000000 17.000000 15.000000 0.000000 0.000000 0.000000 0.000000 10242520084489156.000000 75739099148589184.000000
0.000000 18.000000 15.000000 0.000000 0.000000 0.000000 0.000000 6993256413652974.000000 51973844538227312.000000
0.000000 19.000000 15.000000 0.000000 0.000000 0.000000 0.000000 3547426521065513.500000 26448496999403232.000000
1.000000 0.000000 15.000000 0.000000 0.000000 0.000000 0.000000 6908348942303834.000000 50849931672201920.000000
1.000000 1.000000 15.000000 0.000000 0.000000 0.000000 0.000000 13623212735472740.000000 99982488775241504.000000
1.000000 2.000000 15.000000 0.000000 0.000000 0.000000 0.000000 19963383973837796.000000 145835081688045120.000000
1.000000 3.000000 15.000000 0.000000 0.000000 0.000000 0.000000 25770342542582516.000000 187128307531775712.000000
1.000000 4.000000 15.000000 0.000000 0.000000 0.000000 0.000000 30915290728406716.000000 222946658610109312.000000
1.000000 5.000000 15.000000 0.000000 0.000000 0.000000 0.000000 35301957199988328.000000 252759371561290080.000000
1.000000 6.000000 15.000000 0.000000 0.000000 0.000000 0.000000 38865118238394400.000000 276380674933966656.000000
1.000000 7.000000 15.000000 0.000000 0.000000 0.000000 0.000000 41565584273366200.000000 293880182708868672.000000
1.000000 8.000000 15.000000 0.000000 0.000000 0.000000 0.000000 43383037906080984.000000 305463540628436224.000000
1.000000 9.000000 15.000000 0.000000 0.000000 0.000000 0.000000 44308465351843704.000000 311348892636973312.000000
1.000000 10.000000 15.000000 0.000000 0.000000 0.000000 0.000000 44337932587024704.000000 311665266302805568.000000
1.000000 11.000000 15.000000 0.000000 0.000000 0.000000 0.000000 43469122584455520.000000 306394454679925888.000000
1.000000 12.000000 15.000000 0.000000 0.000000 0.000000 0.000000 41701436548427072.000000 295369194310325312.000000
1.000000 13.000000 15.000000 0.000000 0.000000 0.000000 0.000000 39039686479510752.000000 278328995011906880.000000
1.000000 14.000000 15.000000 0.000000 0.000000 0.000000 0.000000 35500615796629532.000000 255022998967124992.000000
1.000000 15.000000 15.000000 0.000000 0.000000 0.000000 0.000000 31120831893478104.000000 225339056915401088.000000
1.000000 16.000000 15.000000 0.000000 0.000000 0.000000 0.000000 25964350937558980.000000 189431902960960640.000000
1.000000 17.000000 15.000000 0.000000 0.000000 0.000000 0.000000 20127925731386080.000000 147822327756493120.000000
1.000000 18.000000 15.000000 0.000000 0.000000 0.000000 0.000000 13742670565308054.000000 101444027642098816.000000
1.000000 19.000000 15.000000 0.000000 0.000000 0.000000 0.000000 6971156340997586.000000 51624591272849824.000000
2.000000 0.000000 15.000000 0.000000 0.000000 0.000000 0.000000 10070959242750988.000000 73435978496205024.000000
2.000000 1.000000 15.000000 0.000000 0.000000 0.000000 0.000000 19859641379046024.000000 144375713854610944.000000
2.000000 2.000000 15.000000 0.000000 0.000000 0.000000 0.000000 29101704391579936.000000 210549578426677312.000000
2.000000 3.000000 15.000000 0.000000 0.000000 0.000000 0.000000 37565946283395992.000000 270102486696842880.000000
2.000000 4.000000 15.000000 0.000000 0.000000 0.000000 0.000000 45064578815164776.000000 321711892346639616.000000
2.000000 5.000000 15.000000 0.000000 0.000000 0.000000 0.000000 51457318481040864.000000 364618036606574848.000000
2.000000 6.000000 15.000000 0.000000 0.000000 0.000000 0.000000 56649219811442752.000000 398565387233251136.000000
2.000000 7.000000 15.000000 0.000000 0.000000 0.000000 0.000000 60583344612021024.000000 423671049556370240.000000
2.000000 8.000000 15.000000 0.000000 0.000000 0.000000 0.000000 63230292869615336.000000 440249633145117952.000000
2.000000 9.000000 15.000000 0.000000 0.000000 0.000000 0.000000 64577140284136304.000000 448632031484344000.000000
2.000000 10.000000 15.000000 0.000000 0.000000 0.000000 0.000000 64618340358365672.000000 449016318909095040.000000
2.000000 11.000000 15.000000 0.000000 0.000000 0.000000 0.000000 63350659136341888.000000 441382321530997696.000000
2.000000 12.000000 15.000000 0.000000 0.000000 0.000000 0.000000 60773314289490128.000000 425488557372414528.000000
2.000000 13.000000 15.000000 0.000000 0.000000 0.000000 0.000000 56893357660732192.000000 400953501585362624.000000
2.000000 14.000000 15.000000 0.000000 0.000000 0.000000 0.000000 51735186469023168.000000 367405636029976960.000000
2.000000 15.000000 15.000000 0.000000 0.000000 0.000000 0.000000 45352116091829200.000000 324671877917836096.000000
2.000000 16.000000 15.000000 0.000000 0.000000 0.000000 0.000000 37837388387265992.000000 272964799191158464.000000
2.000000 17.000000 15.000000 0.000000 0.000000 0.000000 0.000000 29331947261210392.000000 213027637888466112.000000
2.000000 18.000000 15.000000 0.000000 0.000000 0.000000 0.000000 20026814276424016.000000 146203088318556320.000000
2.000000 19.000000 15.000000 0.000000 0.000000 0.000000 0.000000 10158859066873614.000000 74406132076210576.000000
3.000000 0.000000 15.000000 0.000000 0.000000 0.000000 0.000000 12913315626055312.000000 92999570102822656.000000
3.000000 1.000000 15.000000 0.000000 0.000000 0.000000 0.000000 25464287561394256.000000 182809473315700256.000000
3.000000 2.000000 15.000000 0.000000 0.000000 0.000000 0.000000 37313635716920848.000000 266532407986847072.000000
3.000000 3.000000 15.000000 0.000000 0.000000 0.000000 0.000000 48164694465141040.000000 341805788768978048.000000
3.000000 4.000000 15.000000 0.000000 0.000000 0.000000 0.000000 57776619098239480.000000 406953713213596352.000000
3.000000 5.000000 15.000000 0.000000 0.000000 0.000000 0.000000 65969638247273232.000000 461025544883402752.000000
3.000000 6.000000 15.000000 0.000000 0.000000 0.000000 0.000000 72622256773428256.000000 503719788659073280.000000
3.000000 7.000000 15.000000 0.000000 0.000000 0.000000 0.000000 77661816871955344.000000 535213693002127232.000000
3.000000 8.000000 15.000000 0.000000 0.000000 0.000000 0.000000 81051023638437184.000000 555936686062822080.000000
3.000000 9.000000 15.000000 0.000000 0.000000 0.000000 0.000000 82773708193075888.000000 566336000921762176.000000
3.000000 10.000000 15.000000 0.000000 0.000000 0.000000 0.000000 82823116913412640.000000 566683753411940480.000000
3.000000 11.000000 15.000000 0.000000 0.000000 0.000000 0.000000 81195384361706208.000000 556966113574775616.000000
3.000000 12.000000 15.000000 0.000000 0.000000 0.000000 0.000000 77889694478120864.000000 536878606335138176.000000
3.000000 13.000000 15.000000 0.000000 0.000000 0.000000 0.000000 72915178989642688.000000 505930016253749696.000000
3.000000 14.000000 15.000000 0.000000 0.000000 0.000000 0.000000 66303120077711584.000000 463634877790577664.000000
3.000000 15.000000 15.000000 0.000000 0.000000 0.000000 0.000000 58121802394875680.000000 409755457907940224.000000
3.000000 16.000000 15.000000 0.000000 0.000000 0.000000 0.000000 48490643238366752.000000 344542383227272064.000000
3.000000 17.000000 15.000000 0.000000 0.000000 0.000000 0.000000 37590176798658656.000000 268921292439879488.000000
3.000000 18.000000 15.000000 0.000000 0.000000 0.000000 0.000000 25665112446563940.000000 184581885960836864.000000
3.000000 19.000000 15.000000 0.000000 0.000000 0.000000 0.000000 13018921704249744.000000 93944066232162800.000000
4.000000 0.000000 15.000000 0.000000 0.000000 0.000000 0.000000 15372335827048950.000000 109094967492298496.000000
4.000000 1.000000 15.000000 0.000000 0.000000 0.000000 0.000000 30312698426520612.000000 214405777762607936.000000
4.000000 2.000000 15.000000 0.000000 0.000000 0.000000 0.000000 44416673095267040.000000 312499135870811008.000000
4.000000 3.000000 15.000000 0.000000 0.000000 0.000000 0.000000 57330762205169280.000000 400583319625436928.000000
4.000000 4.000000 15.000000 0.000000 0.000000 0.000000 0.000000 68768158562640912.000000 476690207274172928.000000
4.000000 5.000000 15.000000 0.000000 0.000000 0.000000 0.000000 78515010032293216.000000 539721013221979776.000000
4.000000 6.000000 15.000000 0.000000 0.000000 0.000000 0.000000 86427062527059392.000000 589354204204385024.000000
4.000000 7.000000 15.000000 0.000000 102.000000 204.000000 2.000000 92418365355584096.000000 625840215973604864.000000
4.000000 8.000000 15.000000 0.000000 102.000000 204.000000 2.000000 96445154617374944.000000 649728781747443456.000000
4.000000 9.000000 15.000000 0.000000 102.000000 204.000000 5.000000 98488825748932704.000000 661586919555545088.000000
4.000000 10.000000 15.000000 0.000000 102.000000 204.000000 2.000000 98541922929395904.000000 661766633049801984.000000
4.000000 11.000000 15.000000 0.000000 102.000000 204.000000 3.000000 96600317650783520.000000 650270969860714368.000000
4.000000 12.000000 15.000000 0.000000 102.000000 204.000000 3.000000 92663370825767856.000000 626747146690863616.000000
4.000000 13.000000 15.000000 0.000000 102.000000 204.000000 3.000000 86742135097775168.000000 590609643802620288.000000
4.000000 14.000000 15.000000 0.000000 0.000000 0.000000 0.000000 78873886636572672.000000 541269313134383936.000000
4.000000 15.000000 15.000000 0.000000 0.000000 0.000000 0.000000 69139819904164832.000000 478421821248466048.000000
4.000000 16.000000 15.000000 0.000000 0.000000 0.000000 0.000000 57681886959057312.000000 402334789519279296.000000
4.000000 17.000000 15.000000 0.000000 0.000000 0.000000 0.000000 44714701835637664.000000 314070940870108544.000000
4.000000 18.000000 15.000000 0.000000 0.000000 0.000000 0.000000 30529199356739356.000000 215595312826192128.000000
4.000000 19.000000 15.000000 0.000000 0.000000 0.000000 0.000000 15486209063908338.000000 109736424261099104.000000
5.000000 0.000000 15.000000 0.000000 0.000000 0.000000 0.000000 17412268837389896.000000 121618779767335680.000000
5.000000 1.000000 15.000000 0.000000 0.000000 0.000000 0.000000 34334344172274568.000000 238962424775787264.000000
5.000000 2.000000 15.000000 0.000000 0.000000 0.000000 0.000000 50307391076114336.000000 348157232036273472.000000
5.000000 3.000000 15.000000 0.000000 0.000000 0.000000 0.000000 64930509514507920.000000 446063397509685632.000000
5.000000 4.000000 15.000000 0.000000 0.000000 0.000000 0.000000 77878674437636880.000000 530482905635056192.000000
5.000000 5.000000 15.000000 0.000000 102.000000 204.000000 1.000000 88909850716746736.000000 600211251571306240.000000
5.000000 6.000000 15.000000 0.000000 102.000000 204.000000 2.000000 97861155966796480.000000 654931323913873152.000000
5.000000 7.000000 15.000000 0.000000 102.000000 204.000000 2.000000 104635989606078336.000000 694977721279861760.000000
5.000000 8.000000 15.000000 0.000000 102.000000 204.000000 2.000000 109185674829544960.000000 721023985138079616.000000
5.000000 9.000000 15.000000 0.000000 102.000000 204.000000 2.000000 111490063203989584.000000 733759138781842560.000000
5.000000 10.000000 15.000000 0.000000 102.000000 204.000000 4.000000 111541567960734064.000000 733620965624012544.000000
5.000000 11.000000 15.000000 0.000000 102.000000 204.000000 2.000000 109336230707725984.000000 720641475129872128.000000
5.000000 12.000000 15.000000 0.000000 102.000000 204.000000 4.000000 104873858483973408.000000 694437206030592512.000000
5.000000 13.000000 15.000000 0.000000 102.000000 204.000000 2.000000 98167293494021568.000000 654347606262773120.000000
5.000000 14.000000 15.000000 0.000000 102.000000 204.000000 3.000000 89258871904656640.000000 599694207393175040.000000
5.000000 15.000000 15.000000 0.000000 0.000000 0.000000 0.000000 78240477891924576.000000 530107561109218752.000000
5.000000 16.000000 15.000000 0.000000 0.000000 0.000000 0.000000 65272635392911744.000000 445853146593509504.000000
5.000000 17.000000 15.000000 0.000000 0.000000 0.000000 0.000000 50598013465291808.000000 348085207393754752.000000
5.000000 18.000000 15.000000 0.000000 0.000000 0.000000 0.000000 34545594596468704.000000 238969709608343168.000000
5.000000 19.000000 15.000000 0.000000 0.000000 0.000000 0.000000 17523423431393436.000000 121642346549888784.000000
6.000000 0.000000 15.000000 0.000000 0.000000 0.000000 0.000000 19021497768647804.000000 130757703596743088.000000
6.000000 1.000000 15.000000 0.000000 0.000000 0.000000 0.000000 37506321543898304.000000 256850121994841536.000000
6.000000 2.000000 15.000000 0.000000 0.000000 0.000000 0.000000 54952236704628544.000000 374055760635663104.000000
6.000000 3.000000 15.000000 0.000000 0.000000 0.000000 0.000000 70920631979574608.000000 478964334673066624.000000
6.000000 4.000000 15.000000 0.000000 0.000000 0.000000 0.000000 85056213433108304.000000 569206262612911040.000000
6.000000 5.000000 15.000000 0.000000 0.000000 0.000000 0.000000 97094804503180192.000000 643509324819146240.000000
6.000000 6.000000 15.000000 0.000000 102.000000 204.000000 3.000000 106859114356599200.000000 701580720529222656.000000
6.000000 7.000000 15.000000 0.000000 102.000000 204.000000 6.000000 114244583469281632.000000 743845873507166208.000000
6.000000 8.000000 15.000000 0.000000 102.000000 204.000000 5.000000 119199202273018848.000000 771102035130379904.000000
6.000000 9.000000 15.000000 0.000000 102.000000 204.000000 7.000000 121702187649014736.000000 784159985160073216.000000
6.000000 10.000000 15.000000 0.000000 102.000000 204.000000 4.000000 121746416867288528.000000 783548151066704384.000000
6.000000 11.000000 15.000000 0.000000 102.000000 204.000000 8.000000 119328570658263840.000000 769340141335653248.000000
6.000000 12.000000 15.000000 0.000000 102.000000 204.000000 4.000000 114449216036988224.000000 741141522275301888.000000
6.000000 13.000000 15.000000 0.000000 102.000000 204.000000 8.000000 107122895141497344.000000 698239331843937792.000000
6.000000 14.000000 15.000000 0.000000 102.000000 204.000000 4.000000 97396090584139744.000000 639884374717795072.000000
6.000000 15.000000 15.000000 0.000000 102.000000 204.000000 2.000000 85369134143535856.000000 565648212820334208.000000
6.000000 16.000000 15.000000 0.000000 0.000000 0.000000 0.000000 71217074667466832.000000 475779624510708352.000000
6.000000 17.000000 15.000000 0.000000 0.000000 0.000000 0.000000 55204451524683152.000000 371482941217073024.000000
6.000000 18.000000 15.000000 0.000000 0.000000 0.000000 0.000000 37689876903483264.000000 255054093289278720.000000
6.000000 19.000000 15.000000 0.000000 0.000000 0.000000 0.000000 19118153715302648.000000 129837206807748320.000000
7.000000 0.000000 15.000000 0.000000 0.000000 0.000000 0.000000 20205961368584120.000000 136890276938220112.000000
7.000000 1.000000 15.000000 0.000000 0.000000 0.000000 0.000000 39840387363904520.000000 268818873268874560.000000
7.000000 2.000000 15.000000 0.000000 0.000000 0.000000 0.000000 58368544006807264.000000 391301981543432832.000000
7.000000 3.000000 15.000000 0.000000 0.000000 0.000000 0.000000 75323681236727360.000000 500729215818387584.000000
7.000000 4.000000 15.000000 0.000000 102.000000 204.000000 2.000000 90328069851164224.000000 594610516821570432.000000
7.000000 5.000000 15.000000 0.000000 102.000000 204.000000 1.000000 103101324309578352.000000 671636857504331264.000000
7.000000 6.000000 15.000000 0.000000 102.000000 204.000000 5.000000 113455865959145824.000000 731552927230990592.000000
7.000000 7.000000 15.000000 0.000000 102.000000 204.000000 4.000000 121281781871724512.000000 774875612377378048.000000
7.000000 8.000000 15.000000 0.000000 102.000000 204.000000 2.000000 126525241885479584.000000 802520739999797760.000000
7.000000 9.000000 15.000000 0.000000 102.000000 204.000000 2.000000 129165689627384016.000000 815416818963493888.000000
7.000000 10.000000 15.000000 0.000000 102.000000 204.000000 2.000000 129197035451877792.000000 814185462475324416.000000
7.000000 11.000000 15.000000 0.000000 102.000000 204.000000 1.000000 126617064437510688.000000 798953759889666048.000000
7.000000 12.000000 15.000000 104.000000 24.000000 24.000000 2.000000 121427435131893760.000000 769336846160021248.000000
7.000000 13.000000 15.000000 0.000000 102.000000 204.000000 3.000000 113644337889859728.000000 724594346797734912.000000
7.000000 14.000000 15.000000 0.000000 102.000000 204.000000 3.000000 103317544873859968.000000 663928742038517120.000000
7.000000 15.000000 15.000000 0.000000 102.000000 204.000000 2.000000 90553667422826720.000000 586863831760477440.000000
7.000000 16.000000 15.000000 0.000000 102.000000 204.000000 4.000000 75538322668119280.000000 493623372404510080.000000
7.000000 17.000000 15.000000 0.000000 0.000000 0.000000 0.000000 58551841050084864.000000 385427554489969024.000000
7.000000 18.000000 15.000000 0.000000 0.000000 0.000000 0.000000 39974165611051176.000000 264639302849620416.000000
7.000000 19.000000 15.000000 0.000000 0.000000 0.000000 0.000000 20276531260962824.000000 134721035575817504.000000
8.000000 0.000000 15.000000 0.000000 0.000000 0.000000 0.000000 20980755209049968.000000 140464417519873760.000000
8.000000 1.000000 15.000000 0.000000 0.000000 0.000000 0.000000 41366398390007728.000000 275756507619355584.000000
8.000000 2.000000 15.000000 0.000000 0.000000 0.000000 0.000000 60600272917294256.000000 401207573348610112.000000
8.000000 3.000000 15.000000 0.000000 102.000000 204.000000 2.000000 78196759268701856.000000 513069395942925952.000000
8.000000 4.000000 15.000000 0.000000 102.000000 204.000000 2.000000 93763251793757824.000000 608774422533757696.000000
8.000000 5.000000 15.000000 0.000000 102.000000 204.000000 2.000000 107008847189110128.000000 686999773007611904.000000
8.000000 6.000000 15.000000 0.000000 102.000000 204.000000 2.000000 117739594312940784.000000 747533214995519488.000000
8.000000 7.000000 15.000000 104.000000 24.000000 24.000000 6.000000 125842662713910480.000000 790976754850493056.000000
8.000000 8.000000 15.000000 0.000000 102.000000 204.000000 3.000000 131263777493490336.000000 818353546656152832.000000
8.000000 9.000000 15.000000 104.000000 24.000000 24.000000 5.000000 133983364343850240.000000 830700783349649408.000000
8.000000 10.000000 15.000000 104.000000 24.000000 24.000000 1.000000 133996857288413504.000000 828732077693870592.000000
8.000000 11.000000 15.000000 104.000000 24.000000 24.000000 3.000000 131303559673783424.000000 812637599531236352.000000
8.000000 12.000000 15.000000 0.000000 102.000000 204.000000 2.000000 125906531664243312.000000 782061887206518528.000000
8.000000 13.000000 15.000000 104.000000 24.000000 24.000000 10.000000 117823574741362400.000000 736263139226130432.000000
8.000000 14.000000 15.000000 0.000000 102.000000 204.000000 10.000000 107106953749368512.000000 674420707902721792.000000
8.000000 15.000000 15.000000 0.000000 102.000000 204.000000 2.000000 93867507728961088.000000 596026555115317760.000000
8.000000 16.000000 15.000000 0.000000 102.000000 204.000000 2.000000 78297647611896368.000000 501277747644734592.000000
8.000000 17.000000 15.000000 0.000000 0.000000 0.000000 0.000000 60687669856586560.000000 391384694007354112.000000
8.000000 18.000000 15.000000 0.000000 0.000000 0.000000 0.000000 41430875606751864.000000 268724729562236736.000000
8.000000 19.000000 15.000000 0.000000 0.000000 0.000000 0.000000 21014995595150788.000000 136800334123699424.000000
9.000000 0.000000 15.000000 0.000000 0.000000 0.000000 0.000000 21361724088837612.000000 141875866198078608.000000
9.000000 1.000000 15.000000 0.000000 0.000000 0.000000 0.000000 42115728274969728.000000 278448839251638976.000000
9.000000 2.000000 15.000000 0.000000 102.000000 204.000000 2.000000 61693701352320184.000000 404936878709314304.000000
9.000000 3.000000 15.000000 0.000000 102.000000 204.000000 4.000000 79600129022891584.000000 517509962519998848.000000
9.000000 4.000000 15.000000 0.000000 102.000000 204.000000 4.000000 95434812918055248.000000 613559378235253632.000000
9.000000 5.000000 15.000000 0.000000 102.000000 204.000000 4.000000 108901771580694192.000000 691764354022884608.000000
9.000000 6.000000 15.000000 0.000000 102.000000 204.000000 6.000000 119804370642543296.000000 751954164928860544.000000
9.000000 7.000000 15.000000 0.000000 102.000000 204.000000 3.000000 128029097753871552.000000 794802523435635456.000000
9.000000 8.000000 15.000000 104.000000 24.000000 24.000000 3.000000 133522433733406640.000000 821421969565889536.000000
9.000000 9.000000 15.000000 0.000000 0.000000 0.000000 0.000000 136266389949461168.000000 832943315465783808.000000
9.000000 10.000000 15.000000 104.000000 24.000000 24.000000 4.000000 136258286699168128.000000 830165917313371136.000000
9.000000 11.000000 15.000000 104.000000 24.000000 24.000000 4.000000 133499257954733648.000000 813348763613608192.000000
9.000000 12.000000 15.000000 0.000000 102.000000 204.000000 3.000000 127994006893413856.000000 782183227626371200.000000
9.000000 13.000000 15.000000 104.000000 24.000000 24.000000 11.000000 119761883763682656.000000 735951372318979584.000000
9.000000 14.000000 15.000000 104.000000 24.000000 24.000000 9.000000 108856881185871280.000000 673835884868840192.000000
9.000000 15.000000 15.000000 104.000000 24.000000 24.000000 5.000000 95392118284199344.000000 595316269547992320.000000
9.000000 16.000000 15.000000 0.000000 102.000000 204.000000 3.000000 79563215079394608.000000 500567049278061568.000000
9.000000 17.000000 15.000000 0.000000 0.000000 0.000000 0.000000 61664892327455392.000000 390771430765157248.000000
9.000000 18.000000 15.000000 0.000000 0.000000 0.000000 0.000000 42096213168510704.000000 268279087390924224.000000
9.000000 19.000000 15.000000 0.000000 0.000000 0.000000 0.000000 21351927560715592.000000 136566813845067744.000000
10.000000 0.000000 15.000000 0.000000 0.000000 0.000000 0.000000 21358752728936640.000000 141371077466475872.000000
10.000000 1.000000 15.000000 0.000000 0.000000 0.000000 0.000000 42108027380169728.000000 277387855094292896.000000
10.000000 2.000000 15.000000 0.000000 102.000000 204.000000 2.000000 61678001031264480.000000 403225089746637696.000000
10.000000 3.000000 15.000000 0.000000 102.000000 204.000000 4.000000 79572103098002752.000000 515024703246608000.000000
10.000000 4.000000 15.000000 0.000000 102.000000 204.000000 4.000000 95389676333985568.000000 610169761406735616.000000
10.000000 5.000000 15.000000 0.000000 102.000000 204.000000 6.000000 108834937029853120.000000 687353006205485824.000000
10.000000 6.000000 15.000000 0.000000 102.000000 204.000000 5.000000 119712081628371296.000000 746438072925674496.000000
10.000000 7.000000 15.000000 104.000000 24.000000 24.000000 5.000000 127908968965119344.000000 788150655665304576.000000
10.000000 8.000000 15.000000 0.000000 102.000000 204.000000 2.000000 133373851666508112.000000 813668072435598848.000000
10.000000 9.000000 15.000000 104.000000 24.000000 24.000000 1.000000 136090750589337568.000000 824193082118274560.000000
10.000000 10.000000 15.000000 0.000000 0.000000 0.000000 0.000000 136059066940779648.000000 820598392285313536.000000
10.000000 11.000000 15.000000 104.000000 24.000000 24.000000 3.000000 133281930013386944.000000 803212273799728896.000000
10.000000 12.000000 15.000000 0.000000 102.000000 204.000000 3.000000 127765810153012960.000000 771786317456840960.000000
10.000000 13.000000 15.000000 104.000000 24.000000 24.000000 6.000000 119531469099896672.000000 725649261465079296.000000
10.000000 14.000000 15.000000 104.000000 24.000000 24.000000 5.000000 108633842928555328.000000 664012996932738816.000000
10.000000 15.000000 15.000000 0.000000 102.000000 204.000000 8.000000 95186432369257424.000000 586365520388732160.000000
10.000000 16.000000 15.000000 0.000000 102.000000 204.000000 7.000000 79384610282179984.000000 492866885692111808.000000
10.000000 17.000000 15.000000 0.000000 0.000000 0.000000 0.000000 61522193675952256.000000 384662033245966720.000000
10.000000 18.000000 15.000000 0.000000 0.000000 0.000000 0.000000 41996709139983312.000000 264039572743986368.000000
10.000000 19.000000 15.000000 0.000000 0.000000 0.000000 0.000000 21300820704771040.000000 134395534737755088.000000
11.000000 0.000000 15.000000 0.000000 0.000000 0.000000 0.000000 20972059963503720.000000 138992454257962960.000000
11.000000 1.000000 15.000000 0.000000 0.000000 0.000000 0.000000 41343899982313832.000000 272663228715264096.000000
11.000000 2.000000 15.000000 0.000000 102.000000 204.000000 2.000000 60554471281588208.000000 396218111738279424.000000
11.000000 3.000000 15.000000 0.000000 102.000000 204.000000 4.000000 78115084903185504.000000 505827381180079168.000000
11.000000 4.000000 15.000000 0.000000 102.000000 204.000000 4.000000 93631800948056000.000000 598899616531631872.000000
11.000000 5.000000 15.000000 104.000000 24.000000 24.000000 5.000000 106814289284308352.000000 674151235936942464.000000
11.000000 6.000000 15.000000 0.000000 102.000000 204.000000 5.000000 117471011298914432.000000 731469896337560704.000000
11.000000 7.000000 15.000000 104.000000 24.000000 24.000000 5.000000 125493119683463360.000000 771608723781690368.000000
11.000000 8.000000 15.000000 0.000000 102.000000 204.000000 3.000000 130831487878920432.000000 795779212496860672.000000
11.000000 9.000000 15.000000 104.000000 24.000000 24.000000 9.000000 133472382250241984.000000 805227770988078592.000000
11.000000 10.000000 15.000000 0.000000 102.000000 204.000000 2.000000 133417287108499312.000000 800881355589257728.000000
11.000000 11.000000 15.000000 104.000000 24.000000 24.000000 2.000000 130671309507886992.000000 783131695536314624.000000
11.000000 12.000000 15.000000 0.000000 102.000000 204.000000 2.000000 125242652097920960.000000 751798570635814144.000000
11.000000 13.000000 15.000000 104.000000 24.000000 24.000000 2.000000 117153226233741248.000000 706276065070038016.000000
11.000000 14.000000 15.000000 0.000000 102.000000 204.000000 17.000000 106458046339497584.000000 645828608965438976.000000
11.000000 15.000000 15.000000 0.000000 102.000000 204.000000 1.000000 93269066779300352.000000 569972979831848576.000000
11.000000 16.000000 15.000000 0.000000 102.000000 204.000000 5.000000 77777983786291824.000000 478864225453620032.000000
11.000000 17.000000 15.000000 0.000000 0.000000 0.000000 0.000000 60272467258932816.000000 373601446384406656.000000
11.000000 18.000000 15.000000 0.000000 0.000000 0.000000 0.000000 41141348571809640.000000 256384277440556672.000000
11.000000 19.000000 15.000000 0.000000 0.000000 0.000000 0.000000 20866288122511076.000000 130480115530400544.000000
12.000000 0.000000 15.000000 0.000000 0.000000 0.000000 0.000000 20192195850294408.000000 134575463991375296.000000
12.000000 1.000000 15.000000 0.000000 0.000000 0.000000 0.000000 39804880051214784.000000 263956014550717568.000000
12.000000 2.000000 15.000000 0.000000 102.000000 204.000000 2.000000 58296459291783744.000000 383461844445541632.000000
12.000000 3.000000 15.000000 0.000000 102.000000 204.000000 4.000000 75195388401738656.000000 489355314605823616.000000
12.000000 4.000000 15.000000 0.000000 102.000000 204.000000 5.000000 90121851369309472.000000 579109150103554304.000000
12.000000 5.000000 15.000000 0.000000 102.000000 204.000000 4.000000 102796353674486160.000000 651475801818199808.000000
12.000000 6.000000 15.000000 0.000000 102.000000 204.000000 4.000000 113035080406250304.000000 706356134715974784.000000
12.000000 7.000000 15.000000 0.000000 102.000000 204.000000 5.000000 120734337066252016.000000 744503317912542464.000000
12.000000 8.000000 15.000000 0.000000 102.000000 204.000000 2.000000 125848335317034944.000000 767127714710858880.000000
12.000000 9.000000 15.000000 0.000000 102.000000 204.000000 2.000000 128365647168489536.000000 775485113874105344.000000
12.000000 10.000000 15.000000 0.000000 102.000000 204.000000 1.000000 128289645041250816.000000 770530996111801088.000000
12.000000 11.000000 15.000000 104.000000 24.000000 24.000000 4.000000 125627197272959712.000000 752708028826995712.000000
12.000000 12.000000 15.000000 104.000000 24.000000 24.000000 2.000000 120388017981711968.000000 721905880961432832.000000
12.000000 13.000000 15.000000 0.000000 102.000000 204.000000 6.000000 112594742765074336.000000 677597219483863552.000000
12.000000 14.000000 15.000000 0.000000 102.000000 204.000000 7.000000 102301463266124448.000000 619118078509337600.000000
12.000000 15.000000 15.000000 104.000000 24.000000 24.000000 4.000000 89616552472093344.000000 546031439935616384.000000
12.000000 16.000000 15.000000 0.000000 102.000000 204.000000 6.000000 74724521577339168.000000 458495497088973184.000000
12.000000 17.000000 15.000000 0.000000 0.000000 0.000000 0.000000 57901596657937680.000000 357556222288443776.000000
12.000000 18.000000 15.000000 0.000000 0.000000 0.000000 0.000000 39520723834298824.000000 245298164626487264.000000
12.000000 19.000000 15.000000 0.000000 0.000000 0.000000 0.000000 20043628244436496.000000 124815317459362704.000000
13.000000 0.000000 15.000000 0.000000 0.000000 0.000000 0.000000 19003735562668476.000000 127797560620664512.000000
13.000000 1.000000 15.000000 0.000000 0.000000 0.000000 0.000000 37460696248567064.000000 250634457188635968.000000
13.000000 2.000000 15.000000 0.000000 102.000000 204.000000 1.000000 54859959653296304.000000 364040983168776512.000000
13.000000 3.000000 15.000000 0.000000 102.000000 204.000000 5.000000 70756838531617456.000000 464445736628511360.000000
13.000000 4.000000 15.000000 0.000000 102.000000 204.000000 4.000000 84793390381588144.000000 549432103336469376.000000
13.000000 5.000000 15.000000 0.000000 102.000000 204.000000 4.000000 96706559831980352.000000 617805913410221056.000000
13.000000 6.000000 15.000000 0.000000 102.000000 204.000000 7.000000 106323815977127968.000000 669472482164696064.000000
13.000000 7.000000 15.000000 0.000000 102.000000 204.000000 4.000000 113548471455780416.000000 705156986132928000.000000
13.000000 8.000000 15.000000 0.000000 102.000000 204.000000 3.000000 118338704822698976.000000 726030433435585280.000000
13.000000 9.000000 15.000000 104.000000 24.000000 24.000000 3.000000 120685306716567984.000000 733319084224107264.000000
13.000000 10.000000 15.000000 0.000000 102.000000 204.000000 3.000000 120593162009613056.000000 727975439744482304.000000
13.000000 11.000000 15.000000 0.000000 102.000000 204.000000 3.000000 118070490399497184.000000 710474220218476672.000000
13.000000 12.000000 15.000000 0.000000 102.000000 204.000000 2.000000 113128105040286112.000000 680770220790536960.000000
13.000000 13.000000 15.000000 0.000000 102.000000 204.000000 6.000000 105788758770554576.000000 638421772106442496.000000
13.000000 14.000000 15.000000 0.000000 102.000000 204.000000 4.000000 96104450104814224.000000 582850048563324544.000000
13.000000 15.000000 15.000000 0.000000 102.000000 204.000000 3.000000 84177777210903616.000000 513676995727968832.000000
13.000000 16.000000 15.000000 0.000000 102.000000 204.000000 2.000000 70182406364768464.000000 431068458135045760.000000
13.000000 17.000000 15.000000 0.000000 0.000000 0.000000 0.000000 54377674309186064.000000 336007427364277504.000000
13.000000 18.000000 15.000000 0.000000 0.000000 0.000000 0.000000 37113302255207536.000000 230435738532045376.000000
13.000000 19.000000 15.000000 0.000000 0.000000 0.000000 0.000000 18821996063507436.000000 117228602044525856.000000
14.000000 0.000000 15.000000 0.000000 0.000000 0.000000 0.000000 17391961613947842.000000 118269365480489264.000000
14.000000 1.000000 15.000000 0.000000 0.000000 0.000000 0.000000 34282432046280048.000000 231933190512394432.000000
14.000000 2.000000 15.000000 0.000000 102.000000 204.000000 1.000000 50202857377315328.000000 336840143404226112.000000
14.000000 3.000000 15.000000 0.000000 102.000000 204.000000 3.000000 64745536798334272.000000 429670254307359488.000000
14.000000 4.000000 15.000000 0.000000 102.000000 204.000000 5.000000 77582474876894560.000000 508173028960730880.000000
14.000000 5.000000 15.000000 0.000000 102.000000 204.000000 5.000000 88472880788254496.000000 571231521130320640.000000
14.000000 6.000000 15.000000 0.000000 102.000000 204.000000 4.000000 97259187405906464.000000 618750664350374656.000000
14.000000 7.000000 15.000000 0.000000 102.000000 204.000000 4.000000 103853595364913616.000000 651401039161759488.000000
14.000000 8.000000 15.000000 0.000000 102.000000 204.000000 5.000000 108218828695079376.000000 670275255903696128.000000
14.000000 9.000000 15.000000 0.000000 102.000000 204.000000 4.000000 110347702610912448.000000 676528421803405184.000000
14.000000 10.000000 15.000000 104.000000 24.000000 24.000000 5.000000 110246094438839008.000000 671074354151533952.000000
14.000000 11.000000 15.000000 0.000000 102.000000 204.000000 5.000000 107923000648577568.000000 654395682172576768.000000
14.000000 12.000000 15.000000 0.000000 102.000000 204.000000 4.000000 103389748737369376.000000 626501661216861952.000000
14.000000 13.000000 15.000000 0.000000 102.000000 204.000000 4.000000 96668429940529776.000000 587037199986367488.000000
14.000000 14.000000 15.000000 0.000000 102.000000 204.000000 7.000000 87807611619573664.000000 535516057484980480.000000
14.000000 15.000000 15.000000 0.000000 102.000000 204.000000 2.000000 76901760699699424.000000 471626169549070144.000000
14.000000 16.000000 15.000000 0.000000 0.000000 0.000000 0.000000 64109878969488632.000000 395540382826917440.000000
14.000000 17.000000 15.000000 0.000000 0.000000 0.000000 0.000000 49668809805743536.000000 308164415614292288.000000
14.000000 18.000000 15.000000 0.000000 0.000000 0.000000 0.000000 33897550600989304.000000 211266075689115296.000000
14.000000 19.000000 15.000000 0.000000 0.000000 0.000000 0.000000 17190542830213140.000000 107453416796959872.000000
15.000000 0.000000 15.000000 0.000000 0.000000 0.000000 0.000000 15351228344497212.000000 105650547557099520.000000
15.000000 1.000000 15.000000 0.000000 0.000000 0.000000 0.000000 30259007886043704.000000 207181296125609312.000000
15.000000 2.000000 15.000000 0.000000 0.000000 0.000000 0.000000 44309049849066424.000000 300876940461137920.000000
15.000000 3.000000 15.000000 0.000000 0.000000 0.000000 0.000000 57140943315068112.000000 383762798619199872.000000
15.000000 4.000000 15.000000 0.000000 102.000000 204.000000 4.000000 68464855049507328.000000 453817580349468992.000000
15.000000 5.000000 15.000000 0.000000 102.000000 204.000000 4.000000 78068185994782800.000000 510031721442178688.000000
15.000000 6.000000 15.000000 0.000000 102.000000 204.000000 4.000000 85812071368624544.000000 552309727262142848.000000
15.000000 7.000000 15.000000 0.000000 102.000000 204.000000 4.000000 91619496095393824.000000 581244087155372544.000000
15.000000 8.000000 15.000000 0.000000 102.000000 204.000000 4.000000 95458282631784480.000000 597811329833840512.000000
15.000000 9.000000 15.000000 104.000000 24.000000 24.000000 5.000000 97323014523221408.000000 603053407606721920.000000
15.000000 10.000000 15.000000 104.000000 24.000000 24.000000 3.000000 97219949144910880.000000 597807738238333952.000000
15.000000 11.000000 15.000000 104.000000 24.000000 24.000000 4.000000 95158170401425680.000000 582537265661080064.000000
15.000000 12.000000 15.000000 0.000000 102.000000 204.000000 3.000000 91148807441657792.000000 557290428774057280.000000
15.000000 13.000000 15.000000 0.000000 102.000000 204.000000 3.000000 85212379690720464.000000 521794207048490880.000000
15.000000 14.000000 15.000000 0.000000 102.000000 204.000000 3.000000 77392560655671328.000000 475656548107102400.000000
15.000000 15.000000 15.000000 0.000000 102.000000 204.000000 2.000000 67773220951287448.000000 418632543181861760.000000
15.000000 16.000000 15.000000 0.000000 0.000000 0.000000 0.000000 56494793307086440.000000 350895866021188032.000000
15.000000 17.000000 15.000000 0.000000 0.000000 0.000000 0.000000 43765967174819192.000000 273255747809066784.000000
15.000000 18.000000 15.000000 0.000000 0.000000 0.000000 0.000000 29867490411980328.000000 187270481717082752.000000
15.000000 19.000000 15.000000 0.000000 0.000000 0.000000 0.000000 15146295182674160.000000 95229159779701360.000000
16.000000 0.000000 15.000000 0.000000 0.000000 0.000000 0.000000 12893309887349556.000000 89767574250711216.000000
16.000000 1.000000 15.000000 0.000000 0.000000 0.000000 0.000000 25413636888711792.000000 176034270627933344.000000
16.000000 2.000000 15.000000 0.000000 0.000000 0.000000 0.000000 37212544610615064.000000 255641320307894016.000000
16.000000 3.000000 15.000000 0.000000 0.000000 0.000000 0.000000 47986952979678032.000000 326056550255170304.000000
16.000000 4.000000 15.000000 0.000000 102.000000 204.000000 2.000000 57493203573437632.000000 385554887162680064.000000
16.000000 5.000000 15.000000 0.000000 102.000000 204.000000 4.000000 65552676746495424.000000 433268670529630592.000000
16.000000 6.000000 15.000000 0.000000 102.000000 204.000000 4.000000 72048864898806800.000000 469106421987239616.000000
16.000000 7.000000 15.000000 0.000000 102.000000 204.000000 4.000000 76917390607120112.000000 493563226498874496.000000
16.000000 8.000000 15.000000 0.000000 102.000000 204.000000 4.000000 80131706243849280.000000 507465232538616704.000000
16.000000 9.000000 15.000000 0.000000 102.000000 204.000000 4.000000 81687888377439472.000000 511701375956940864.000000
16.000000 10.000000 15.000000 0.000000 102.000000 204.000000 3.000000 81591931050376832.000000 506995534401310720.000000
16.000000 11.000000 15.000000 0.000000 102.000000 204.000000 3.000000 79852267344839424.000000 493762254499810944.000000
16.000000 12.000000 15.000000 0.000000 102.000000 204.000000 3.000000 76479052591693472.000000 472071170036322816.000000
16.000000 13.000000 15.000000 0.000000 102.000000 204.000000 3.000000 71490261493206384.000000 441722833291147648.000000
16.000000 14.000000 15.000000 0.000000 102.000000 204.000000 3.000000 64923169756269904.000000 402416199639031552.000000
16.000000 15.000000 15.000000 0.000000 102.000000 204.000000 1.000000 56848591590573536.000000 353969674554379520.000000
16.000000 16.000000 15.000000 0.000000 0.000000 0.000000 0.000000 47384560371085056.000000 296546918739195136.000000
16.000000 17.000000 15.000000 0.000000 0.000000 0.000000 0.000000 36706111050473312.000000 230837592015009248.000000
16.000000 18.000000 15.000000 0.000000 0.000000 0.000000 0.000000 25048467672782720.000000 158152174623969792.000000
16.000000 19.000000 15.000000 0.000000 0.000000 0.000000 0.000000 12702144014385764.000000 80407270943591104.000000
17.000000 0.000000 15.000000 0.000000 0.000000 0.000000 0.000000 10053934364420000.000000 70709132365418248.000000
17.000000 1.000000 15.000000 0.000000 0.000000 0.000000 0.000000 19816710273185216.000000 138662205125985504.000000
17.000000 2.000000 15.000000 0.000000 0.000000 0.000000 0.000000 29016340815566452.000000 201371314813537920.000000
17.000000 3.000000 15.000000 0.000000 0.000000 0.000000 0.000000 37416265573881632.000000 256839834613976416.000000
17.000000 4.000000 15.000000 0.000000 0.000000 0.000000 0.000000 44826341270854272.000000 303704261522054720.000000
17.000000 5.000000 15.000000 0.000000 102.000000 204.000000 2.000000 51107238243771368.000000 341274293812762176.000000
17.000000 6.000000 15.000000 0.000000 102.000000 204.000000 3.000000 56168167686624800.000000 369470053176476416.000000
17.000000 7.000000 15.000000 0.000000 102.000000 204.000000 4.000000 59959100597481328.000000 388674499465334912.000000
17.000000 8.000000 15.000000 0.000000 102.000000 204.000000 3.000000 62459612474349416.000000 399534185905836992.000000
17.000000 9.000000 15.000000 0.000000 102.000000 204.000000 3.000000 63667015046617880.000000 402749764359547776.000000
17.000000 10.000000 15.000000 0.000000 102.000000 204.000000 3.000000 63586428651555344.000000 398897722284209152.000000
17.000000 11.000000 15.000000 0.000000 102.000000 204.000000 3.000000 62224922608220864.000000 388316982565111936.000000
17.000000 12.000000 15.000000 0.000000 102.000000 204.000000 4.000000 59590918873900016.000000 371079956664727296.000000
17.000000 13.000000 15.000000 0.000000 102.000000 204.000000 3.000000 55698900826905136.000000 347050213914395584.000000
17.000000 14.000000 15.000000 0.000000 0.000000 0.000000 0.000000 50578315803781424.000000 316011454708839296.000000
17.000000 15.000000 15.000000 0.000000 0.000000 0.000000 0.000000 44284627184385624.000000 277838244342605760.000000
17.000000 16.000000 15.000000 0.000000 0.000000 0.000000 0.000000 36909940132999536.000000 232670660471505344.000000
17.000000 17.000000 15.000000 0.000000 0.000000 0.000000 0.000000 28590603159094128.000000 181054232259932864.000000
17.000000 18.000000 15.000000 0.000000 0.000000 0.000000 0.000000 19509689174680008.000000 124013502543148640.000000
17.000000 19.000000 15.000000 0.000000 0.000000 0.000000 0.000000 9893196151528782.000000 63040925282403896.000000
18.000000 0.000000 15.000000 0.000000 0.000000 0.000000 0.000000 6895958052668960.000000 48878286135448376.000000
18.000000 1.000000 15.000000 0.000000 0.000000 0.000000 0.000000 13592062558341324.000000 95852880952483328.000000
18.000000 2.000000 15.000000 0.000000 0.000000 0.000000 0.000000 19901623501942788.000000 139204673744335104.000000
18.000000 3.000000 15.000000 0.000000 0.000000 0.000000 0.000000 25662276327618096.000000 177552783384325408.000000
18.000000 4.000000 15.000000 0.000000 0.000000 0.000000 0.000000 30743531077890316.000000 209952384315232192.000000
18.000000 5.000000 15.000000 0.000000 0.000000 0.000000 0.000000 35049796029689992.000000 235922624885303680.000000
18.000000 6.000000 15.000000 0.000000 102.000000 204.000000 3.000000 38518824095915032.000000 255403877164978656.000000
18.000000 7.000000 15.000000 0.000000 102.000000 204.000000 4.000000 41116378170620592.000000 268656688215974464.000000
18.000000 8.000000 15.000000 0.000000 102.000000 204.000000 3.000000 42828578967095424.000000 276125162101568448.000000
18.000000 9.000000 15.000000 0.000000 102.000000 204.000000 3.000000 43653760293447968.000000 278293166741079104.000000
18.000000 10.000000 15.000000 0.000000 102.000000 204.000000 3.000000 43595651213283984.000000 275561806315886976.000000
18.000000 11.000000 15.000000 0.000000 102.000000 204.000000 3.000000 42659343573927960.000000 268171216507114976.000000
18.000000 12.000000 15.000000 0.000000 102.000000 204.000000 2.000000 40850864473915152.000000 256180119347265056.000000
18.000000 13.000000 15.000000 0.000000 102.000000 204.000000 2.000000 38180382938494784.000000 239504642009063424.000000
18.000000 14.000000 15.000000 0.000000 0.000000 0.000000 0.000000 34668290248046936.000000 218005948029815616.000000
18.000000 15.000000 15.000000 0.000000 0.000000 0.000000 0.000000 30352754740894404.000000 191606501294753184.000000
18.000000 16.000000 15.000000 0.000000 0.000000 0.000000 0.000000 25296988106688424.000000 160409113054294912.000000
18.000000 17.000000 15.000000 0.000000 0.000000 0.000000 0.000000 19594445336542128.000000 124792398481850544.000000
18.000000 18.000000 15.000000 0.000000 0.000000 0.000000 0.000000 13370523806138712.000000 85461021367137616.000000
18.000000 19.000000 15.000000 0.000000 0.000000 0.000000 0.000000 6779967725278757.000000 43438240572047000.000000
19.000000 0.000000 15.000000 0.000000 0.000000 0.000000 0.000000 3508225223069666.000000 24988268319807844.000000
19.000000 1.000000 15.000000 0.000000 0.000000 0.000000 0.000000 6914733336982634.000000 49003894774081384.000000
19.000000 2.000000 15.000000 0.000000 0.000000 0.000000 0.000000 10124507957232908.000000 71168333683695520.000000
19.000000 3.000000 15.000000 0.000000 0.000000 0.000000 0.000000 13054915574134420.000000 90775484783589536.000000
19.000000 4.000000 15.000000 0.000000 0.000000 0.000000 0.000000 15639549230165626.000000 107341622809004288.000000
19.000000 5.000000 15.000000 0.000000 0.000000 0.000000 0.000000 17829769244902268.000000 120619734683284640.000000
19.000000 6.000000 15.000000 0.000000 0.000000 0.000000 0.000000 19593914590245324.000000 130577872034204544.000000
19.000000 7.000000 15.000000 0.000000 0.000000 0.000000 0.000000 20914589899742192.000000 137347808266288000.000000
19.000000 8.000000 15.000000 0.000000 0.000000 0.000000 0.000000 21784772569073788.000000 141155559735880256.000000
19.000000 9.000000 15.000000 0.000000 0.000000 0.000000 0.000000 22203668178529140.000000 142248211713130832.000000
19.000000 10.000000 15.000000 0.000000 0.000000 0.000000 0.000000 22173239604895824.000000 140831512852330096.000000
19.000000 11.000000 15.000000 0.000000 0.000000 0.000000 0.000000 21696151566181536.000000 137029964004614848.000000
19.000000 12.000000 15.000000 0.000000 0.000000 0.000000 0.000000 20775547446261244.000000 130876236625536864.000000
19.000000 13.000000 15.000000 0.000000 0.000000 0.000000 0.000000 19416673470464336.000000 122330692685599008.000000
19.000000 14.000000 15.000000 0.000000 0.000000 0.000000 0.000000 17629963867398732.000000 111325705459905856.000000
19.000000 15.000000 15.000000 0.000000 0.000000 0.000000 0.000000 15434876143905758.000000 97824541919402592.000000
19.000000 16.000000 15.000000 0.000000 0.000000 0.000000 0.000000 12863580792261522.000000 81881690820573984.000000
19.000000 17.000000 15.000000 0.000000 0.000000 0.000000 0.000000 9963602251864662.000000 63691256408219776.000000
19.000000 18.000000 15.000000 0.000000 0.000000 0.000000 0.000000 6798682383556582.000000 43612449672061896.000000
19.000000 19.000000 15.000000 0.000000 0.000000 0.000000 0.000000 3447463205189929.000000 22165842859854712.000000
