# i (x-axis) 
#  j (y-axis) 
#  k (z-axis) 
#  RGB (R) 
#  RGB (G) 
#  RGB (B) 
#  number per voxel 
#  glucose 
#  oxygen
0.000000 0.000000 10.000000 0.000000 0.000000 0.000000 0.000000 5087860477190543360.000000 36063092947385323520.000000
0.000000 1.000000 10.000000 0.000000 0.000000 0.000000 0.000000 10048485840392818688.000000 71122502389566914560.000000
0.000000 2.000000 10.000000 0.000000 0.000000 0.000000 0.000000 14760292854483554304.000000 104237342829623885824.000000
0.000000 3.000000 10.000000 0.000000 0.000000 0.000000 0.000000 19112309682798739456.000000 134582877483420532736.000000
0.000000 4.000000 10.000000 0.000000 0.000000 0.000000 0.000000 23007879024279392256.000000 161486768041873309696.000000
0.000000 5.000000 10.000000 0.000000 0.000000 0.000000 0.000000 26366772134062870528.000000 184443807663622455296.000000
0.000000 6.000000 10.000000 0.000000 0.000000 0.000000 0.000000 29125669613832355840.000000 203108773093721243648.000000
0.000000 7.000000 10.000000 0.000000 0.000000 0.000000 0.000000 31237254133289832448.000000 217271109888850329600.000000
0.000000 8.000000 10.000000 0.000000 0.000000 0.000000 0.000000 32668393726886371328.000000 226818477290802642944.000000
0.000000 9.000000 10.000000 0.000000 0.000000 0.000000 0.000000 33398026862036287488.000000 231698082591812550656.000000
0.000000 10.000000 10.000000 0.000000 0.000000 0.000000 0.000000 33415366972095033344.000000 231884856474269712384.000000
0.000000 11.000000 10.000000 0.000000 0.000000 0.000000 0.000000 32718924209548607488.000000 227363831360639631360.000000
0.000000 12.000000 10.000000 0.000000 0.000000 0.000000 0.000000 31316620139107885056.000000 218130905610933370880.000000
0.000000 13.000000 10.000000 0.000000 0.000000 0.000000 0.000000 29226991324952739840.000000 204212122223431712768.000000
0.000000 14.000000 10.000000 0.000000 0.000000 0.000000 0.000000 26481196225696129024.000000 185697456809289711616.000000
0.000000 15.000000 10.000000 0.000000 0.000000 0.000000 0.000000 23125313348126511104.000000 162781722083339141120.000000
0.000000 16.000000 10.000000 0.000000 0.000000 0.000000 0.000000 19222293954487902208.000000 135803251101951557632.000000
0.000000 17.000000 10.000000 0.000000 0.000000 0.000000 0.000000 14852937033715611648.000000 105270943282720702464.000000
0.000000 18.000000 10.000000 0.000000 0.000000 0.000000 0.000000 10115389721128220672.000000 71872103972331593728.000000
0.000000 19.000000 10.000000 0.000000 0.000000 0.000000 0.000000 5122918594722811904.000000 36456947663000178688.000000
1.000000 0.000000 10.000000 0.000000 0.000000 0.000000 0.000000 10023750312466014208.000000 70721012758150438912.000000
1.000000 1.000000 10.000000 0.000000 0.000000 0.000000 0.000000 19796748193957068800.000000 139469087564736757760.000000
1.000000 2.000000 10.000000 0.000000 0.000000 0.000000 0.000000 29079388413576577024.000000 204395249420199067648.000000
1.000000 3.000000 10.000000 0.000000 0.000000 0.000000 0.000000 37652994232511782912.000000 263879781318706135040.000000
1.000000 4.000000 10.000000 0.000000 0.000000 0.000000 0.000000 45327120056120377344.000000 316603727704072781824.000000
1.000000 5.000000 10.000000 0.000000 0.000000 0.000000 0.000000 51943718987422793728.000000 361577880215290052608.000000
1.000000 6.000000 10.000000 0.000000 0.000000 0.000000 0.000000 57378088187326087168.000000 398128524781685571584.000000
1.000000 7.000000 10.000000 0.000000 0.000000 0.000000 0.000000 61537075590858448896.000000 425847285634869559296.000000
1.000000 8.000000 10.000000 0.000000 0.000000 0.000000 0.000000 64355492104150761472.000000 444518945243360067584.000000
1.000000 9.000000 10.000000 0.000000 0.000000 0.000000 0.000000 65791934885220212736.000000 454044878461012017152.000000
1.000000 10.000000 10.000000 0.000000 0.000000 0.000000 0.000000 65825240154542669824.000000 454379979749437669376.000000
1.000000 11.000000 10.000000 0.000000 0.000000 0.000000 0.000000 64452547464820162560.000000 445497627286741319680.000000
1.000000 12.000000 10.000000 0.000000 0.000000 0.000000 0.000000 61689519507098075136.000000 427390952681957490688.000000
1.000000 13.000000 10.000000 0.000000 0.000000 0.000000 0.000000 57572709860068876288.000000 400110684179241107456.000000
1.000000 14.000000 10.000000 0.000000 0.000000 0.000000 0.000000 52163515946935975936.000000 363831674365830496256.000000
1.000000 15.000000 10.000000 0.000000 0.000000 0.000000 0.000000 45552707943841988608.000000 318933539965283139584.000000
1.000000 16.000000 10.000000 0.000000 0.000000 0.000000 0.000000 37864278593431961600.000000 266077003677019668480.000000
1.000000 17.000000 10.000000 0.000000 0.000000 0.000000 0.000000 29257367539430641664.000000 206257371886853980160.000000
1.000000 18.000000 10.000000 0.000000 0.000000 0.000000 0.000000 19925280797982572544.000000 140820220921073025024.000000
1.000000 19.000000 10.000000 0.000000 0.000000 0.000000 0.000000 10091103417467346944.000000 71431142378490126336.000000
2.000000 0.000000 10.000000 0.000000 0.000000 0.000000 0.000000 14666512471017492480.000000 102708743862235791360.000000
2.000000 1.000000 10.000000 0.000000 0.000000 0.000000 0.000000 28965927241479757824.000000 202540872026457964544.000000
2.000000 2.000000 10.000000 0.000000 0.000000 0.000000 0.000000 42547486899597213696.000000 296801755084665389056.000000
2.000000 3.000000 10.000000 0.000000 0.000000 0.000000 0.000000 55091111493318656000.000000 383133286658604531712.000000
2.000000 4.000000 10.000000 0.000000 0.000000 0.000000 0.000000 66318100726938312704.000000 459618732281471827968.000000
2.000000 5.000000 10.000000 0.000000 0.000000 0.000000 0.000000 75997238401249050624.000000 524825058048718405632.000000
2.000000 6.000000 10.000000 0.000000 0.000000 0.000000 0.000000 83946171203060170752.000000 577781674860557631488.000000
2.000000 7.000000 10.000000 0.000000 0.000000 0.000000 0.000000 90028770687087673344.000000 617906375914308763648.000000
2.000000 8.000000 10.000000 0.000000 0.000000 0.000000 0.000000 94149862616034426880.000000 644898861254188204032.000000
2.000000 9.000000 10.000000 0.000000 102.000000 204.000000 3.000000 96249091225940426752.000000 658627766944332513280.000000
2.000000 10.000000 10.000000 0.000000 102.000000 204.000000 1.000000 96295704883920142336.000000 659037470867025952768.000000
2.000000 11.000000 10.000000 0.000000 0.000000 0.000000 0.000000 94285703003781300224.000000 646096051576407719936.000000
2.000000 12.000000 10.000000 0.000000 0.000000 0.000000 0.000000 90242142435360980992.000000 619796567054206894080.000000
2.000000 13.000000 10.000000 0.000000 0.000000 0.000000 0.000000 84218593156720197632.000000 580212080911227486208.000000
2.000000 14.000000 10.000000 0.000000 0.000000 0.000000 0.000000 76304919691513692160.000000 527592898321027235840.000000
2.000000 15.000000 10.000000 0.000000 0.000000 0.000000 0.000000 66633910466647826432.000000 462484671847401127936.000000
2.000000 16.000000 10.000000 0.000000 0.000000 0.000000 0.000000 55386917201549869056.000000 385840408396849217536.000000
2.000000 17.000000 10.000000 0.000000 0.000000 0.000000 0.000000 42796678999095558144.000000 299099174910096900096.000000
2.000000 18.000000 10.000000 0.000000 0.000000 0.000000 0.000000 29145896704099041280.000000 204209625786328416256.000000
2.000000 19.000000 10.000000 0.000000 0.000000 0.000000 0.000000 14760822101748604928.000000 103586396616325906432.000000
3.000000 0.000000 10.000000 0.000000 0.000000 0.000000 0.000000 18894897470905352192.000000 131017386836863860736.000000
3.000000 1.000000 10.000000 0.000000 0.000000 0.000000 0.000000 37316494225866137600.000000 258345238493475373056.000000
3.000000 2.000000 10.000000 0.000000 0.000000 0.000000 0.000000 54812594900233961472.000000 378529603366101188608.000000
3.000000 3.000000 10.000000 0.000000 0.000000 0.000000 0.000000 70970626033202462720.000000 488552091052959793152.000000
3.000000 4.000000 10.000000 0.000000 0.000000 0.000000 0.000000 85431454787144056832.000000 585965397054436016128.000000
3.000000 5.000000 10.000000 0.000000 0.000000 0.000000 0.000000 97897265394612289536.000000 668947725906612060160.000000
3.000000 6.000000 10.000000 0.000000 102.000000 204.000000 1.000000 108133327718520520704.000000 736274723655567540224.000000
3.000000 7.000000 10.000000 0.000000 102.000000 204.000000 1.000000 115964573476508024832.000000 787222882494817239040.000000
3.000000 8.000000 10.000000 0.000000 102.000000 204.000000 2.000000 121268768244307558400.000000 821430844010597711872.000000
3.000000 9.000000 10.000000 0.000000 102.000000 204.000000 3.000000 123968562749923262464.000000 838752185658023608320.000000
3.000000 10.000000 10.000000 0.000000 102.000000 204.000000 6.000000 124024731524984635392.000000 839133736589693026304.000000
3.000000 11.000000 10.000000 0.000000 102.000000 204.000000 3.000000 121432459509336014848.000000 822547134377610575872.000000
3.000000 12.000000 10.000000 0.000000 102.000000 204.000000 3.000000 116221708807658373120.000000 788989420076860440576.000000
3.000000 13.000000 10.000000 0.000000 102.000000 204.000000 2.000000 108461654233555992576.000000 738553287587704340480.000000
3.000000 14.000000 10.000000 0.000000 102.000000 204.000000 7.000000 98268126350540472320.000000 671552134746216333312.000000
3.000000 15.000000 10.000000 0.000000 0.000000 0.000000 0.000000 85812156359218331648.000000 588672394514616352768.000000
3.000000 16.000000 10.000000 0.000000 0.000000 0.000000 0.000000 71327252356302176256.000000 491118348197713936384.000000
3.000000 17.000000 10.000000 0.000000 0.000000 0.000000 0.000000 55113052510522662912.000000 380714312119912759296.000000
3.000000 18.000000 10.000000 0.000000 0.000000 0.000000 0.000000 37533504672787193856.000000 259935951295604621312.000000
3.000000 19.000000 10.000000 0.000000 0.000000 0.000000 0.000000 19008623207854444544.000000 131855262672656744448.000000
4.000000 0.000000 10.000000 0.000000 0.000000 0.000000 0.000000 22613562417639870464.000000 154966593709086736384.000000
4.000000 1.000000 10.000000 0.000000 0.000000 0.000000 0.000000 44660106293949104128.000000 305539089763301785600.000000
4.000000 2.000000 10.000000 0.000000 0.000000 0.000000 0.000000 65597955200264257536.000000 447607140385153089536.000000
4.000000 3.000000 10.000000 0.000000 0.000000 0.000000 0.000000 84933006176062947328.000000 577584914192584146944.000000
4.000000 4.000000 10.000000 0.000000 0.000000 0.000000 0.000000 102235315983445065728.000000 692574053708765462528.000000
4.000000 5.000000 10.000000 0.000000 0.000000 0.000000 0.000000 117148546655834046464.000000 790428719227501543424.000000
4.000000 6.000000 10.000000 0.000000 102.000000 204.000000 1.000000 129392070794468589568.000000 869721026277767905280.000000
4.000000 7.000000 10.000000 0.000000 102.000000 204.000000 3.000000 138756835864046092288.000000 929623702742225649664.000000
4.000000 8.000000 10.000000 104.000000 24.000000 24.000000 7.000000 145097134895614230528.000000 969741822342897598464.000000
4.000000 9.000000 10.000000 104.000000 24.000000 24.000000 4.000000 148321026127621718016.000000 989934102316616777728.000000
4.000000 10.000000 10.000000 0.000000 102.000000 204.000000 4.000000 148382173836874285056.000000 990164813817223053312.000000
4.000000 11.000000 10.000000 104.000000 24.000000 24.000000 9.000000 145275345677767540736.000000 970419731743561351168.000000
4.000000 12.000000 10.000000 0.000000 102.000000 204.000000 5.000000 139036807789628588032.000000 930705218396366307328.000000
4.000000 13.000000 10.000000 104.000000 24.000000 24.000000 4.000000 129749606820562829312.000000 871131279888261316608.000000
4.000000 14.000000 10.000000 0.000000 102.000000 204.000000 1.000000 117552468443409612800.000000 792060841112978063360.000000
4.000000 15.000000 10.000000 0.000000 102.000000 204.000000 3.000000 102650029085048946688.000000 694292261184442990592.000000
4.000000 16.000000 10.000000 0.000000 0.000000 0.000000 0.000000 85321559958022340608.000000 579233365385426567168.000000
4.000000 17.000000 10.000000 0.000000 0.000000 0.000000 0.000000 65925361346362613760.000000 449024883066876198912.000000
4.000000 18.000000 10.000000 0.000000 0.000000 0.000000 0.000000 44896608778308984832.000000 306579394555631763456.000000
4.000000 19.000000 10.000000 0.000000 0.000000 0.000000 0.000000 22737512411879915520.000000 155517205327292334080.000000
5.000000 0.000000 10.000000 0.000000 0.000000 0.000000 0.000000 25755212661940703232.000000 174222820841521315840.000000
5.000000 1.000000 10.000000 0.000000 0.000000 0.000000 0.000000 50863842407049428992.000000 343465054361059196928.000000
5.000000 2.000000 10.000000 0.000000 0.000000 0.000000 0.000000 74708283653210554368.000000 503071875175624998912.000000
5.000000 3.000000 10.000000 0.000000 0.000000 0.000000 0.000000 96725325523801292800.000000 648990520764215590912.000000
5.000000 4.000000 10.000000 0.000000 102.000000 204.000000 2.000000 116425108814584578048.000000 777957054214147538944.000000
5.000000 5.000000 10.000000 0.000000 102.000000 204.000000 2.000000 133401910585941360640.000000 887570443066644889600.000000
5.000000 6.000000 10.000000 0.000000 102.000000 204.000000 4.000000 147336527209206562816.000000 976251980591036628992.000000
5.000000 7.000000 10.000000 104.000000 24.000000 24.000000 6.000000 157991512532360888320.000000 1043109365046240083968.000000
5.000000 8.000000 10.000000 104.000000 24.000000 24.000000 3.000000 165201726870442541056.000000 1087742026768037445632.000000
5.000000 9.000000 10.000000 104.000000 24.000000 24.000000 8.000000 168863333376677380096.000000 1110034211312731553792.000000
5.000000 10.000000 10.000000 104.000000 24.000000 24.000000 4.000000 168924412689246519296.000000 1109982978518168371200.000000
5.000000 11.000000 10.000000 0.000000 102.000000 204.000000 7.000000 165379753373666705408.000000 1087599543579079737344.000000
5.000000 12.000000 10.000000 104.000000 24.000000 24.000000 1.000000 158271240017894768640.000000 1042905965310460690432.000000
5.000000 13.000000 10.000000 104.000000 24.000000 24.000000 7.000000 147693830542156824576.000000 976028280223512920064.000000
5.000000 14.000000 10.000000 0.000000 102.000000 204.000000 3.000000 133805675692823576576.000000 887365897509502189568.000000
5.000000 15.000000 10.000000 0.000000 102.000000 204.000000 1.000000 116839777012324712448.000000 777799648615549370368.000000
5.000000 16.000000 10.000000 0.000000 102.000000 204.000000 4.000000 97113942671737061376.000000 648890873503453675520.000000
5.000000 17.000000 10.000000 0.000000 0.000000 0.000000 0.000000 75035821571745792000.000000 503023464079458959360.000000
5.000000 18.000000 10.000000 0.000000 0.000000 0.000000 0.000000 51100484288443604992.000000 343450139523813277696.000000
5.000000 19.000000 10.000000 0.000000 0.000000 0.000000 0.000000 25879250433153728512.000000 174221681092746805248.000000
6.000000 0.000000 10.000000 0.000000 0.000000 0.000000 0.000000 28278872086333800448.000000 188763307669698117632.000000
6.000000 1.000000 10.000000 0.000000 0.000000 0.000000 0.000000 55846791843995238400.000000 372080439898933493760.000000
6.000000 2.000000 10.000000 0.000000 0.000000 0.000000 0.000000 82024769264621371392.000000 544866351344214343680.000000
6.000000 3.000000 10.000000 0.000000 102.000000 204.000000 3.000000 106193808729998622720.000000 702703310862454489088.000000
6.000000 4.000000 10.000000 0.000000 102.000000 204.000000 2.000000 127815808526018183168.000000 842047612743642906624.000000
6.000000 5.000000 10.000000 0.000000 102.000000 204.000000 2.000000 146445437207926243328.000000 960311084919594811392.000000
6.000000 6.000000 10.000000 104.000000 24.000000 24.000000 7.000000 161732732688000942080.000000 1055815163235785244672.000000
6.000000 7.000000 10.000000 104.000000 24.000000 24.000000 5.000000 173417809613135740928.000000 1127638923423931039744.000000
6.000000 8.000000 10.000000 104.000000 24.000000 24.000000 5.000000 181320383734025912320.000000 1175401624502579757056.000000
6.000000 9.000000 10.000000 104.000000 24.000000 24.000000 7.000000 185327573376633536512.000000 1199031319434884546560.000000
6.000000 10.000000 10.000000 104.000000 24.000000 24.000000 11.000000 185383476492664569856.000000 1198571822965866364928.000000
6.000000 11.000000 10.000000 104.000000 24.000000 24.000000 6.000000 181483346053511905280.000000 1174070673590282092544.000000
6.000000 12.000000 10.000000 104.000000 24.000000 24.000000 4.000000 173673935325437657088.000000 1125572577930210967552.000000
6.000000 13.000000 10.000000 104.000000 24.000000 24.000000 2.000000 162060008932660510720.000000 1053219730057564258304.000000
6.000000 14.000000 10.000000 104.000000 24.000000 24.000000 4.000000 146815431113127329792.000000 957436897501644849152.000000
6.000000 15.000000 10.000000 104.000000 24.000000 24.000000 26.000000 128195968726580477952.000000 839159935469345832960.000000
6.000000 16.000000 10.000000 0.000000 102.000000 204.000000 3.000000 106550245011414319104.000000 700055334952417886208.000000
6.000000 17.000000 10.000000 0.000000 102.000000 204.000000 4.000000 82325302522278019072.000000 542677875607366860800.000000
6.000000 18.000000 10.000000 0.000000 0.000000 0.000000 0.000000 56063989932404744192.000000 370523721860130275328.000000
6.000000 19.000000 10.000000 0.000000 0.000000 0.000000 0.000000 28392740445501284352.000000 187955472420153393152.000000
7.000000 0.000000 10.000000 0.000000 0.000000 0.000000 0.000000 30164995489219756032.000000 198795937897296756736.000000
7.000000 1.000000 10.000000 0.000000 0.000000 0.000000 0.000000 59570403401174597632.000000 391798969068233424896.000000
7.000000 2.000000 10.000000 0.000000 102.000000 204.000000 3.000000 87490903481981435904.000000 573605700946229788672.000000
7.000000 3.000000 10.000000 0.000000 102.000000 204.000000 3.000000 113265492478812684288.000000 739532405173466562560.000000
7.000000 4.000000 10.000000 104.000000 24.000000 24.000000 4.000000 136319879464858255360.000000 885837688364847202304.000000
7.000000 5.000000 10.000000 104.000000 24.000000 24.000000 3.000000 156179197247051071488.000000 1009809859247995748352.000000
7.000000 6.000000 10.000000 104.000000 24.000000 24.000000 6.000000 172470755694142128128.000000 1109716529188935303168.000000
7.000000 7.000000 10.000000 104.000000 24.000000 24.000000 10.000000 184918321555638648832.000000 1184639470295890526208.000000
7.000000 8.000000 10.000000 104.000000 24.000000 24.000000 6.000000 193330828462947270656.000000 1234238424501433925632.000000
7.000000 9.000000 10.000000 104.000000 24.000000 24.000000 6.000000 197589226859364941824.000000 1258499425665506344960.000000
7.000000 10.000000 10.000000 104.000000 24.000000 24.000000 5.000000 197635225370009534464.000000 1257524004589465239552.000000
7.000000 11.000000 10.000000 104.000000 24.000000 24.000000 5.000000 193464951830270574592.000000 1231405279741899440128.000000
7.000000 12.000000 10.000000 104.000000 24.000000 24.000000 6.000000 185129222634687922176.000000 1180217442800785424384.000000
7.000000 13.000000 10.000000 104.000000 24.000000 24.000000 6.000000 172740422429959716864.000000 1104120351611115012096.000000
7.000000 14.000000 10.000000 104.000000 24.000000 24.000000 6.000000 156484300342438658048.000000 1003555724192310624256.000000
7.000000 15.000000 10.000000 0.000000 102.000000 204.000000 3.000000 136633625734574702592.000000 879490797669678186496.000000
7.000000 16.000000 10.000000 0.000000 102.000000 204.000000 7.000000 113559895512273436672.000000 733653449048313954304.000000
7.000000 17.000000 10.000000 0.000000 102.000000 204.000000 1.000000 87739308106141663232.000000 568702169910928015360.000000
7.000000 18.000000 10.000000 0.000000 0.000000 0.000000 0.000000 59750026531285942272.000000 388285232151546560512.000000
7.000000 19.000000 10.000000 0.000000 0.000000 0.000000 0.000000 30259197688173879296.000000 196963837569351024640.000000
8.000000 0.000000 10.000000 0.000000 0.000000 0.000000 0.000000 31408698317020590080.000000 204653032232323842048.000000
8.000000 1.000000 10.000000 0.000000 0.000000 0.000000 0.000000 62025113024060547072.000000 403280925203150536704.000000
8.000000 2.000000 10.000000 0.000000 102.000000 204.000000 2.000000 91092834890093477888.000000 590269165066283450368.000000
8.000000 3.000000 10.000000 0.000000 102.000000 204.000000 4.000000 117922783905307262976.000000 760761839260841017344.000000
8.000000 4.000000 10.000000 0.000000 102.000000 204.000000 7.000000 141916643077032427520.000000 910896173991510671360.000000
8.000000 5.000000 10.000000 104.000000 24.000000 24.000000 6.000000 162580143571840204800.000000 1037894235772067119104.000000
8.000000 6.000000 10.000000 104.000000 24.000000 24.000000 6.000000 179525912150492315648.000000 1140009130356648968192.000000
8.000000 7.000000 10.000000 104.000000 24.000000 24.000000 12.000000 192467433738336862208.000000 1216349888664572264448.000000
8.000000 8.000000 10.000000 104.000000 24.000000 24.000000 4.000000 201207168135685668864.000000 1266631003973957976064.000000
8.000000 9.000000 10.000000 104.000000 24.000000 24.000000 7.000000 205622704186561200128.000000 1290905091167394725888.000000
8.000000 10.000000 10.000000 104.000000 24.000000 24.000000 6.000000 205654879212600492032.000000 1289338010933851586560.000000
8.000000 11.000000 10.000000 104.000000 24.000000 24.000000 8.000000 201301035763963133952.000000 1262074934586434125824.000000
8.000000 12.000000 10.000000 104.000000 24.000000 24.000000 8.000000 192615187749589352448.000000 1209225384756543225856.000000
8.000000 13.000000 10.000000 104.000000 24.000000 24.000000 6.000000 179715105503039979520.000000 1130969296837752389632.000000
8.000000 14.000000 10.000000 104.000000 24.000000 24.000000 6.000000 162794557539632021504.000000 1027759725476545691648.000000
8.000000 15.000000 10.000000 104.000000 24.000000 24.000000 3.000000 142137522644420608000.000000 900576213856812007424.000000
8.000000 16.000000 10.000000 0.000000 102.000000 204.000000 8.000000 118130401137218879488.000000 751170406530380464128.000000
8.000000 17.000000 10.000000 0.000000 102.000000 204.000000 3.000000 91268277206711156736.000000 582244816882467667968.000000
8.000000 18.000000 10.000000 0.000000 0.000000 0.000000 0.000000 62152125212013805568.000000 397517044147425968128.000000
8.000000 19.000000 10.000000 0.000000 0.000000 0.000000 0.000000 31475358473116028928.000000 201643033616771514368.000000
9.000000 0.000000 10.000000 0.000000 0.000000 0.000000 0.000000 32012672071813890048.000000 206681227308764299264.000000
9.000000 1.000000 10.000000 0.000000 0.000000 0.000000 0.000000 63216346822311403520.000000 407215453613077233664.000000
9.000000 2.000000 10.000000 0.000000 102.000000 204.000000 3.000000 92838797257763618816.000000 595879817751670947840.000000
9.000000 3.000000 10.000000 0.000000 102.000000 204.000000 3.000000 120176803174353027072.000000 767735002185991716864.000000
9.000000 4.000000 10.000000 104.000000 24.000000 24.000000 5.000000 144620158734775238656.000000 918867406859638669312.000000
9.000000 5.000000 10.000000 104.000000 24.000000 24.000000 12.000000 165665267477720039424.000000 1046483675693832077312.000000
9.000000 6.000000 10.000000 104.000000 24.000000 24.000000 5.000000 182918026196212449280.000000 1148854739590473842688.000000
9.000000 7.000000 10.000000 104.000000 24.000000 24.000000 13.000000 196087587515388231680.000000 1225134243858555338752.000000
9.000000 8.000000 10.000000 104.000000 24.000000 24.000000 9.000000 204974114628572348416.000000 1275098686258368741376.000000
9.000000 9.000000 10.000000 104.000000 24.000000 24.000000 9.000000 209454507470313979904.000000 1298869496184192368640.000000
9.000000 10.000000 10.000000 104.000000 24.000000 24.000000 6.000000 209470126079338708992.000000 1296678210798997209088.000000
9.000000 11.000000 10.000000 104.000000 24.000000 24.000000 5.000000 205019764011242749952.000000 1268724757329453252608.000000
9.000000 12.000000 10.000000 104.000000 24.000000 24.000000 8.000000 196159692528310124544.000000 1215157874338812395520.000000
9.000000 13.000000 10.000000 104.000000 24.000000 24.000000 6.000000 183010793528572444672.000000 1136180041837788266496.000000
9.000000 14.000000 10.000000 104.000000 24.000000 24.000000 6.000000 165770987214310014976.000000 1032252197787756003328.000000
9.000000 15.000000 10.000000 104.000000 24.000000 24.000000 5.000000 144729704231721418752.000000 904351368117521219584.000000
9.000000 16.000000 10.000000 0.000000 102.000000 204.000000 6.000000 120280349187020783616.000000 754221577683483361280.000000
9.000000 17.000000 10.000000 0.000000 102.000000 204.000000 5.000000 92926724781792346112.000000 584557683236934320128.000000
9.000000 18.000000 10.000000 0.000000 102.000000 204.000000 2.000000 63280243207091396608.000000 399073354141771628544.000000
9.000000 19.000000 10.000000 0.000000 0.000000 0.000000 0.000000 32046287012409450496.000000 202426127215987654656.000000
10.000000 0.000000 10.000000 0.000000 0.000000 0.000000 0.000000 31981333534848962560.000000 205149320324860772352.000000
10.000000 1.000000 10.000000 0.000000 102.000000 204.000000 1.000000 63152957142705938432.000000 404138237299026427904.000000
10.000000 2.000000 10.000000 0.000000 102.000000 204.000000 4.000000 92742102595799973888.000000 591235992677702434816.000000
10.000000 3.000000 10.000000 0.000000 102.000000 204.000000 7.000000 120045326507721392128.000000 761505565987415785472.000000
10.000000 4.000000 10.000000 104.000000 24.000000 24.000000 6.000000 144452619394938503168.000000 911049043173120409600.000000
10.000000 5.000000 10.000000 104.000000 24.000000 24.000000 7.000000 165461043948115984384.000000 1037103413415053361152.000000
10.000000 6.000000 10.000000 104.000000 24.000000 24.000000 11.000000 182677600110319304704.000000 1137983831559557218304.000000
10.000000 7.000000 10.000000 104.000000 24.000000 24.000000 7.000000 195812912015856238592.000000 1212899387251289227264.000000
10.000000 8.000000 10.000000 104.000000 24.000000 24.000000 6.000000 204668862746842759168.000000 1261689120660128530432.000000
10.000000 9.000000 10.000000 104.000000 24.000000 24.000000 6.000000 209124173071885795328.000000 1284539074414754136064.000000
10.000000 10.000000 10.000000 104.000000 24.000000 24.000000 7.000000 209121967967429066752.000000 1281742136097475395584.000000
10.000000 11.000000 10.000000 104.000000 24.000000 24.000000 13.000000 204662600173270073344.000000 1253551226270326456320.000000
10.000000 12.000000 10.000000 104.000000 24.000000 24.000000 5.000000 195803564367910961152.000000 1200155296600668766208.000000
10.000000 13.000000 10.000000 104.000000 24.000000 24.000000 10.000000 182666528514652733440.000000 1121780801711963111424.000000
10.000000 14.000000 10.000000 104.000000 24.000000 24.000000 7.000000 165449692965154127872.000000 1018894086497332625408.000000
10.000000 15.000000 10.000000 104.000000 24.000000 24.000000 4.000000 144442228524807553024.000000 892457878649879265280.000000
10.000000 16.000000 10.000000 0.000000 102.000000 204.000000 6.000000 120036739785933815808.000000 744182247277971898368.000000
10.000000 17.000000 10.000000 0.000000 102.000000 204.000000 8.000000 92735721108135624704.000000 576709617152234356736.000000
10.000000 18.000000 10.000000 0.000000 102.000000 204.000000 5.000000 63148829137505607680.000000 393684978100955906048.000000
10.000000 19.000000 10.000000 0.000000 0.000000 0.000000 0.000000 31979330433483300864.000000 199684092827245281280.000000
11.000000 0.000000 10.000000 0.000000 0.000000 0.000000 0.000000 31317438954680696832.000000 200191568824360370176.000000
11.000000 1.000000 10.000000 0.000000 102.000000 204.000000 1.000000 61840523963695415296.000000 394319112884678754304.000000
11.000000 2.000000 10.000000 0.000000 102.000000 204.000000 4.000000 90811273763265642496.000000 576745244064547733504.000000
11.000000 3.000000 10.000000 0.000000 102.000000 204.000000 5.000000 117539961129068724224.000000 742620823820596805632.000000
11.000000 4.000000 10.000000 0.000000 102.000000 204.000000 4.000000 141428841788883943424.000000 888128792556053200896.000000
11.000000 5.000000 10.000000 104.000000 24.000000 24.000000 12.000000 161985565401336872960.000000 1010579566182756253696.000000
11.000000 6.000000 10.000000 104.000000 24.000000 24.000000 4.000000 178825968378952581120.000000 1108354965308671655936.000000
11.000000 7.000000 10.000000 104.000000 24.000000 24.000000 5.000000 191667816572715991040.000000 1180725369977522618368.000000
11.000000 8.000000 10.000000 104.000000 24.000000 24.000000 9.000000 200318573145653248000.000000 1227587267006823661568.000000
11.000000 9.000000 10.000000 104.000000 24.000000 24.000000 4.000000 204661124031949930496.000000 1249181286314688905216.000000
11.000000 10.000000 10.000000 104.000000 24.000000 24.000000 7.000000 204641441246457167872.000000 1245851809555574947840.000000
11.000000 11.000000 10.000000 104.000000 24.000000 24.000000 6.000000 200261403745947680768.000000 1217898213815282565120.000000
11.000000 12.000000 10.000000 104.000000 24.000000 24.000000 6.000000 191578585290909057024.000000 1165547041402825998336.000000
11.000000 13.000000 10.000000 104.000000 24.000000 24.000000 10.000000 178713043850667753472.000000 1089047995420793372672.000000
11.000000 14.000000 10.000000 104.000000 24.000000 24.000000 4.000000 161859363672563777536.000000 988869863710338973696.000000
11.000000 15.000000 10.000000 104.000000 24.000000 24.000000 3.000000 141300767979384504320.000000 865950572183275962368.000000
11.000000 16.000000 10.000000 104.000000 24.000000 24.000000 5.000000 117421329449925148672.000000 721942930495343558656.000000
11.000000 17.000000 10.000000 0.000000 102.000000 204.000000 5.000000 90712325007158968320.000000 559396832573758963712.000000
11.000000 18.000000 10.000000 0.000000 102.000000 204.000000 1.000000 61769619862960373760.000000 381829957107651837952.000000
11.000000 19.000000 10.000000 0.000000 0.000000 0.000000 0.000000 31280468755560423424.000000 193660204072105279488.000000
12.000000 0.000000 10.000000 0.000000 0.000000 0.000000 0.000000 30021849097681915904.000000 191796411781225971712.000000
12.000000 1.000000 10.000000 0.000000 102.000000 204.000000 1.000000 59280877548938067968.000000 377739349775386935296.000000
12.000000 2.000000 10.000000 0.000000 102.000000 204.000000 4.000000 87049311437537935360.000000 552389908079906258944.000000
12.000000 3.000000 10.000000 0.000000 102.000000 204.000000 4.000000 112665140406067150848.000000 711075237834015244288.000000
12.000000 4.000000 10.000000 0.000000 102.000000 204.000000 5.000000 135554974656701366272.000000 850125758555996028928.000000
12.000000 5.000000 10.000000 104.000000 24.000000 24.000000 6.000000 155246953311275614208.000000 966968308537640091648.000000
12.000000 6.000000 10.000000 104.000000 24.000000 24.000000 9.000000 171373412481408172032.000000 1060072195072858521600.000000
12.000000 7.000000 10.000000 104.000000 24.000000 24.000000 9.000000 183664821315140648960.000000 1128771955319735975936.000000
12.000000 8.000000 10.000000 104.000000 24.000000 24.000000 5.000000 191937946469475549184.000000 1173012402012505767936.000000
12.000000 9.000000 10.000000 104.000000 24.000000 24.000000 12.000000 196082031456406306816.000000 1193074058470970884096.000000
12.000000 10.000000 10.000000 104.000000 24.000000 24.000000 7.000000 196046824365832372224.000000 1189338075076097212416.000000
12.000000 11.000000 10.000000 104.000000 24.000000 24.000000 6.000000 191835556674272952320.000000 1162139112900481908736.000000
12.000000 12.000000 10.000000 104.000000 24.000000 24.000000 10.000000 183504620272215097344.000000 1111734668871431749632.000000
12.000000 13.000000 10.000000 104.000000 24.000000 24.000000 5.000000 171169983853810843648.000000 1038393893940202831872.000000
12.000000 14.000000 10.000000 104.000000 24.000000 24.000000 7.000000 155018675849656107008.000000 942583148703577800704.000000
12.000000 15.000000 10.000000 104.000000 24.000000 24.000000 5.000000 135322283789387399168.000000 825204450440858828800.000000
12.000000 16.000000 10.000000 104.000000 24.000000 24.000000 6.000000 112448659624088535040.000000 687830784489997991936.000000
12.000000 17.000000 10.000000 0.000000 102.000000 204.000000 4.000000 86868037888832241664.000000 532881443319599857664.000000
12.000000 18.000000 10.000000 0.000000 0.000000 0.000000 0.000000 59150576797468295168.000000 363691342431485362176.000000
12.000000 19.000000 10.000000 0.000000 0.000000 0.000000 0.000000 29953772936122535936.000000 184448547745429389312.000000
13.000000 0.000000 10.000000 0.000000 0.000000 0.000000 0.000000 28096462491583692800.000000 179841384828206055424.000000
13.000000 1.000000 10.000000 0.000000 0.000000 0.000000 0.000000 55477878190794932224.000000 354160168682037510144.000000
13.000000 2.000000 10.000000 0.000000 102.000000 204.000000 3.000000 81462151904989921280.000000 517826698743773593600.000000
13.000000 3.000000 10.000000 0.000000 102.000000 204.000000 5.000000 105429018958271823872.000000 666437555686595887104.000000
13.000000 4.000000 10.000000 104.000000 24.000000 24.000000 5.000000 126841530834481397760.000000 796540733106698584064.000000
13.000000 5.000000 10.000000 104.000000 24.000000 24.000000 6.000000 145258181756302295040.000000 905724492984919785472.000000
13.000000 6.000000 10.000000 104.000000 24.000000 24.000000 7.000000 160335399844230201344.000000 992566933430617243648.000000
13.000000 7.000000 10.000000 104.000000 24.000000 24.000000 6.000000 171821818430396170240.000000 1056468657613631127552.000000
13.000000 8.000000 10.000000 104.000000 24.000000 24.000000 5.000000 179547108171902418944.000000 1097411484054181642240.000000
13.000000 9.000000 10.000000 104.000000 24.000000 24.000000 8.000000 183408927316634894336.000000 1115697980670456889344.000000
13.000000 10.000000 10.000000 104.000000 24.000000 24.000000 5.000000 183361592565109620736.000000 1111727567914241490944.000000
13.000000 11.000000 10.000000 104.000000 24.000000 24.000000 5.000000 179409387771577958400.000000 1085854980262021562368.000000
13.000000 12.000000 10.000000 104.000000 24.000000 24.000000 9.000000 171606156226969108480.000000 1038358070726985252864.000000
13.000000 13.000000 10.000000 104.000000 24.000000 24.000000 8.000000 160061222151547453440.000000 969518053599456788480.000000
13.000000 14.000000 10.000000 104.000000 24.000000 24.000000 4.000000 144950079596681461760.000000 879791034912547536896.000000
13.000000 15.000000 10.000000 0.000000 102.000000 204.000000 8.000000 126526995290255851520.000000 770029866455121264640.000000
13.000000 16.000000 10.000000 0.000000 102.000000 204.000000 4.000000 105135958531102523392.000000 641703905360739565568.000000
13.000000 17.000000 10.000000 0.000000 102.000000 204.000000 2.000000 81216426373113446400.000000 497063466339223470080.000000
13.000000 18.000000 10.000000 0.000000 0.000000 0.000000 0.000000 55301063369936543744.000000 339205817428473806848.000000
13.000000 19.000000 10.000000 0.000000 0.000000 0.000000 0.000000 28004022794450034688.000000 172018522949651529728.000000
14.000000 0.000000 10.000000 0.000000 0.000000 0.000000 0.000000 25549665382586015744.000000 164165822659287908352.000000
14.000000 1.000000 10.000000 0.000000 0.000000 0.000000 0.000000 50448167999290605568.000000 323265947435285872640.000000
14.000000 2.000000 10.000000 0.000000 102.000000 204.000000 3.000000 74074431952795041792.000000 472596148462912733184.000000
14.000000 3.000000 10.000000 0.000000 102.000000 204.000000 5.000000 95863835441690247168.000000 608120390056781807616.000000
14.000000 4.000000 10.000000 0.000000 102.000000 204.000000 5.000000 115327825288976269312.000000 726678319095958863872.000000
14.000000 5.000000 10.000000 0.000000 102.000000 204.000000 5.000000 132064982470186041344.000000 826067593302235414528.000000
14.000000 6.000000 10.000000 0.000000 102.000000 204.000000 5.000000 145763284497774968832.000000 904998247890877808640.000000
14.000000 7.000000 10.000000 104.000000 24.000000 24.000000 5.000000 156194854889204318208.000000 962939533097662152704.000000
14.000000 8.000000 10.000000 104.000000 24.000000 24.000000 5.000000 163205735979790893056.000000 999898487840833536000.000000
14.000000 9.000000 10.000000 104.000000 24.000000 24.000000 7.000000 166703930548307427328.000000 1016180375947130699776.000000
14.000000 10.000000 10.000000 104.000000 24.000000 24.000000 6.000000 166648999615456477184.000000 1012182020367532556288.000000
14.000000 11.000000 10.000000 104.000000 24.000000 24.000000 6.000000 163045879804728115200.000000 988259998132461109248.000000
14.000000 12.000000 10.000000 104.000000 24.000000 24.000000 5.000000 155944425333274476544.000000 944698503641686343680.000000
14.000000 13.000000 10.000000 104.000000 24.000000 24.000000 4.000000 145444722050461220864.000000 881779892964482088960.000000
14.000000 14.000000 10.000000 104.000000 24.000000 24.000000 7.000000 131706756749738754048.000000 799938804843011112960.000000
14.000000 15.000000 10.000000 0.000000 102.000000 204.000000 3.000000 114961848416694435840.000000 699962680071068975104.000000
14.000000 16.000000 10.000000 0.000000 102.000000 204.000000 3.000000 95522597923063267328.000000 583191043979388452864.000000
14.000000 17.000000 10.000000 0.000000 102.000000 204.000000 4.000000 73788125506605088768.000000 451665162932623245312.000000
14.000000 18.000000 10.000000 0.000000 0.000000 0.000000 0.000000 50242047615718539264.000000 308188809280652115968.000000
14.000000 19.000000 10.000000 0.000000 0.000000 0.000000 0.000000 25441869469593968640.000000 156278072607175344128.000000
15.000000 0.000000 10.000000 0.000000 0.000000 0.000000 0.000000 22403100468782882816.000000 144665427273357328384.000000
15.000000 1.000000 10.000000 0.000000 0.000000 0.000000 0.000000 44234530192091250688.000000 284850714720211632128.000000
15.000000 2.000000 10.000000 0.000000 102.000000 204.000000 2.000000 64949090879750692864.000000 416395878922110500864.000000
15.000000 3.000000 10.000000 0.000000 102.000000 204.000000 5.000000 84051255798708109312.000000 535732870905551978496.000000
15.000000 4.000000 10.000000 0.000000 102.000000 204.000000 5.000000 101112426124225888256.000000 640069670216553988096.000000
15.000000 5.000000 10.000000 0.000000 102.000000 204.000000 5.000000 115780663031124623360.000000 727463742926131560448.000000
15.000000 6.000000 10.000000 104.000000 24.000000 24.000000 5.000000 127782670491045249024.000000 796782329380051746816.000000
15.000000 7.000000 10.000000 0.000000 102.000000 204.000000 5.000000 136919162116364959744.000000 847567523934678286336.000000
15.000000 8.000000 10.000000 104.000000 24.000000 24.000000 6.000000 143055841379534536704.000000 879840727760856678400.000000
15.000000 9.000000 10.000000 104.000000 24.000000 24.000000 5.000000 146112848527280160768.000000 893890647945832038400.000000
15.000000 10.000000 10.000000 104.000000 24.000000 24.000000 5.000000 146055564937220784128.000000 890089839813723815936.000000
15.000000 11.000000 10.000000 104.000000 24.000000 24.000000 5.000000 142889117987029467136.000000 868776823405468188672.000000
15.000000 12.000000 10.000000 104.000000 24.000000 24.000000 5.000000 136657912451140026368.000000 830225726338340093952.000000
15.000000 13.000000 10.000000 104.000000 24.000000 24.000000 7.000000 127450234576119889920.000000 774706246764272812032.000000
15.000000 14.000000 10.000000 104.000000 24.000000 24.000000 3.000000 115406689459207454720.000000 702617290158593671168.000000
15.000000 15.000000 10.000000 0.000000 102.000000 204.000000 2.000000 100730199352196268032.000000 614661746882010546176.000000
15.000000 16.000000 10.000000 0.000000 102.000000 204.000000 4.000000 83694719451192475648.000000 512020678949235326976.000000
15.000000 17.000000 10.000000 0.000000 0.000000 0.000000 0.000000 64649838251690033152.000000 396484499669680914432.000000
15.000000 18.000000 10.000000 0.000000 0.000000 0.000000 0.000000 44019027103315918848.000000 270506706013750362112.000000
15.000000 19.000000 10.000000 0.000000 0.000000 0.000000 0.000000 22290376795253415936.000000 137160780340218298368.000000
16.000000 0.000000 10.000000 0.000000 0.000000 0.000000 0.000000 18698236129522548736.000000 121388314828412715008.000000
16.000000 1.000000 10.000000 0.000000 0.000000 0.000000 0.000000 36918858227440238592.000000 239007699101815046144.000000
16.000000 2.000000 10.000000 0.000000 0.000000 0.000000 0.000000 54206408625863180288.000000 349358681768929132544.000000
16.000000 3.000000 10.000000 0.000000 102.000000 204.000000 4.000000 70147002470142345216.000000 449440085798069862400.000000
16.000000 4.000000 10.000000 0.000000 102.000000 204.000000 5.000000 84382769692067430400.000000 536904222674099765248.000000
16.000000 5.000000 10.000000 0.000000 102.000000 204.000000 5.000000 96619998199243079680.000000 610119148325011456000.000000
16.000000 6.000000 10.000000 104.000000 24.000000 24.000000 7.000000 106630788924120203264.000000 668135807057360060416.000000
16.000000 7.000000 10.000000 0.000000 102.000000 204.000000 7.000000 114249169886637211648.000000 710575081203721568256.000000
16.000000 8.000000 10.000000 0.000000 102.000000 204.000000 5.000000 119363533422823833600.000000 737463704964338024448.000000
16.000000 9.000000 10.000000 104.000000 24.000000 24.000000 5.000000 121907782952011595776.000000 749056053224091025408.000000
16.000000 10.000000 10.000000 104.000000 24.000000 24.000000 6.000000 121853607387580022784.000000 745679522862651408384.000000
16.000000 11.000000 10.000000 0.000000 102.000000 204.000000 4.000000 119205843882017521664.000000 727634570539076157440.000000
16.000000 12.000000 10.000000 0.000000 102.000000 204.000000 4.000000 114002039897305841664.000000 695167864246977429504.000000
16.000000 13.000000 10.000000 104.000000 24.000000 24.000000 5.000000 106316256329410592768.000000 648520986641767071744.000000
16.000000 14.000000 10.000000 0.000000 102.000000 204.000000 3.000000 96266079472488742912.000000 588040874211895934976.000000
16.000000 15.000000 10.000000 0.000000 102.000000 204.000000 3.000000 84020946615622008832.000000 514324892730231422976.000000
16.000000 16.000000 10.000000 0.000000 0.000000 0.000000 0.000000 69809412815569362944.000000 428365753079335878656.000000
16.000000 17.000000 10.000000 0.000000 0.000000 0.000000 0.000000 53922994648697225216.000000 331660883382229794816.000000
16.000000 18.000000 10.000000 0.000000 0.000000 0.000000 0.000000 36714724945654751232.000000 226257512505054822400.000000
16.000000 19.000000 10.000000 0.000000 0.000000 0.000000 0.000000 18591447595674402816.000000 114717264826806599680.000000
17.000000 0.000000 10.000000 0.000000 0.000000 0.000000 0.000000 14501190938383833088.000000 94611627551209750528.000000
17.000000 1.000000 10.000000 0.000000 0.000000 0.000000 0.000000 28631683414184853504.000000 186280644456763785216.000000
17.000000 2.000000 10.000000 0.000000 0.000000 0.000000 0.000000 42037998897423196160.000000 272274797138767675392.000000
17.000000 3.000000 10.000000 0.000000 0.000000 0.000000 0.000000 54398969181700661248.000000 350250893936183541760.000000
17.000000 4.000000 10.000000 0.000000 102.000000 204.000000 4.000000 65436960352192774144.000000 418376129084268019712.000000
17.000000 5.000000 10.000000 0.000000 102.000000 204.000000 5.000000 74924200708211589120.000000 475376973903196192768.000000
17.000000 6.000000 10.000000 0.000000 102.000000 204.000000 5.000000 82684064842897342464.000000 520513913113095831552.000000
17.000000 7.000000 10.000000 0.000000 102.000000 204.000000 5.000000 88588049102740094976.000000 553493685640508538880.000000
17.000000 8.000000 10.000000 0.000000 102.000000 204.000000 5.000000 92549886132036747264.000000 574341542062475444224.000000
17.000000 9.000000 10.000000 0.000000 102.000000 204.000000 5.000000 94518652044480266240.000000 583262303322968096768.000000
17.000000 10.000000 10.000000 104.000000 24.000000 24.000000 5.000000 94472744680032485376.000000 580519565582736556032.000000
17.000000 11.000000 10.000000 0.000000 102.000000 204.000000 5.000000 92416256515716988928.000000 566357234316790333440.000000
17.000000 12.000000 10.000000 0.000000 102.000000 204.000000 4.000000 88378606380251021312.000000 540977782609452924928.000000
17.000000 13.000000 10.000000 0.000000 102.000000 204.000000 5.000000 82417464306423791616.000000 504579189477294604288.000000
17.000000 14.000000 10.000000 0.000000 102.000000 204.000000 4.000000 74624170433453391872.000000 457439892973020643328.000000
17.000000 15.000000 10.000000 0.000000 0.000000 0.000000 0.000000 65130179145617489920.000000 400030777672881405952.000000
17.000000 16.000000 10.000000 0.000000 0.000000 0.000000 0.000000 54112689155932651520.000000 333127236516471504896.000000
17.000000 17.000000 10.000000 0.000000 0.000000 0.000000 0.000000 41797626326794149888.000000 257893880634896384000.000000
17.000000 18.000000 10.000000 0.000000 0.000000 0.000000 0.000000 28458532027710627840.000000 175919607926591455232.000000
17.000000 19.000000 10.000000 0.000000 0.000000 0.000000 0.000000 14410603549534582784.000000 89190455374339817472.000000
18.000000 0.000000 10.000000 0.000000 0.000000 0.000000 0.000000 9904550583622115328.000000 64881419188674084864.000000
18.000000 1.000000 10.000000 0.000000 0.000000 0.000000 0.000000 19555766750871355392.000000 127742739444455997440.000000
18.000000 2.000000 10.000000 0.000000 0.000000 0.000000 0.000000 28712093332011036672.000000 186708220339272777728.000000
18.000000 3.000000 10.000000 0.000000 0.000000 0.000000 0.000000 37154076933371150336.000000 240169149690578763776.000000
18.000000 4.000000 10.000000 0.000000 0.000000 0.000000 0.000000 44692043574910763008.000000 286867191887978627072.000000
18.000000 5.000000 10.000000 0.000000 102.000000 204.000000 4.000000 51170426953813950464.000000 325928092908968476672.000000
18.000000 6.000000 10.000000 0.000000 102.000000 204.000000 5.000000 56468645920042909696.000000 356844547531068997632.000000
18.000000 7.000000 10.000000 0.000000 102.000000 204.000000 5.000000 60499033627627806720.000000 379416197168518397952.000000
18.000000 8.000000 10.000000 0.000000 102.000000 204.000000 5.000000 63202808084056678400.000000 393662158937188532224.000000
18.000000 9.000000 10.000000 0.000000 102.000000 204.000000 5.000000 64545351411261587456.000000 399725784043807178752.000000
18.000000 10.000000 10.000000 0.000000 102.000000 204.000000 6.000000 64512082302065287168.000000 397791732335991848960.000000
18.000000 11.000000 10.000000 0.000000 102.000000 204.000000 4.000000 63105963703968874496.000000 388031923988372652032.000000
18.000000 12.000000 10.000000 0.000000 102.000000 204.000000 4.000000 60347237176507318272.000000 370590239098474528768.000000
18.000000 13.000000 10.000000 0.000000 102.000000 204.000000 4.000000 56275408345636945920.000000 345607333079502028800.000000
18.000000 14.000000 10.000000 0.000000 102.000000 204.000000 3.000000 50952938404000825344.000000 313278308508783869952.000000
18.000000 15.000000 10.000000 0.000000 0.000000 0.000000 0.000000 44469638978040283136.000000 273928932799552421888.000000
18.000000 16.000000 10.000000 0.000000 0.000000 0.000000 0.000000 36946514479135457280.000000 228092001868574752768.000000
18.000000 17.000000 10.000000 0.000000 0.000000 0.000000 0.000000 28537800050433187840.000000 176565126441849978880.000000
18.000000 18.000000 10.000000 0.000000 0.000000 0.000000 0.000000 19430206676685512704.000000 120434720285873405952.000000
18.000000 19.000000 10.000000 0.000000 0.000000 0.000000 0.000000 9838858599283232768.000000 61057596853007548416.000000
19.000000 0.000000 10.000000 0.000000 0.000000 0.000000 0.000000 5025461881049660416.000000 33005708659955552256.000000
19.000000 1.000000 10.000000 0.000000 0.000000 0.000000 0.000000 9922341774444386304.000000 64983186855956652032.000000
19.000000 2.000000 10.000000 0.000000 0.000000 0.000000 0.000000 14568039703926829056.000000 94977658690912583680.000000
19.000000 3.000000 10.000000 0.000000 0.000000 0.000000 0.000000 18851179934976262144.000000 122170231858134024192.000000
19.000000 4.000000 10.000000 0.000000 0.000000 0.000000 0.000000 22675510002143825920.000000 145920336628515110912.000000
19.000000 5.000000 10.000000 0.000000 0.000000 0.000000 0.000000 25962098716566401024.000000 165782925140629651456.000000
19.000000 6.000000 10.000000 0.000000 0.000000 0.000000 0.000000 28649781554456055808.000000 181499819263603834880.000000
19.000000 7.000000 10.000000 0.000000 0.000000 0.000000 0.000000 30694108454022430720.000000 192969251347458883584.000000
19.000000 8.000000 10.000000 0.000000 102.000000 204.000000 2.000000 32065296462577647616.000000 200201419006560174080.000000
19.000000 9.000000 10.000000 0.000000 102.000000 204.000000 2.000000 32745830641115942912.000000 203270059577085722624.000000
19.000000 10.000000 10.000000 0.000000 102.000000 204.000000 3.000000 32728365392656072704.000000 202270249024145195008.000000
19.000000 11.000000 10.000000 0.000000 102.000000 204.000000 3.000000 32014455349186748416.000000 197290841108681785344.000000
19.000000 12.000000 10.000000 0.000000 0.000000 0.000000 0.000000 30614416276775952384.000000 188406566811322744832.000000
19.000000 13.000000 10.000000 0.000000 0.000000 0.000000 0.000000 28548328689107124224.000000 175690497858661777408.000000
19.000000 14.000000 10.000000 0.000000 0.000000 0.000000 0.000000 25847907849429688320.000000 159243198922966564864.000000
19.000000 15.000000 10.000000 0.000000 0.000000 0.000000 0.000000 22558731591119618048.000000 139231313652608122880.000000
19.000000 16.000000 10.000000 0.000000 0.000000 0.000000 0.000000 18742188867308216320.000000 115926253414567346176.000000
19.000000 17.000000 10.000000 0.000000 0.000000 0.000000 0.000000 14476513917382852608.000000 89733491939719643136.000000
19.000000 18.000000 10.000000 0.000000 0.000000 0.000000 0.000000 9856404550206873600.000000 61204744338211291136.000000
19.000000 19.000000 10.000000 0.000000 0.000000 0.000000 0.000000 4990963250018296832.000000 31028669031616323584.000000
0.000000 0.000000 15.000000 0.000000 0.000000 0.000000 0.000000 3552797943472425984.000000 25000314648505450496.000000
0.000000 1.000000 15.000000 0.000000 0.000000 0.000000 0.000000 7016352960116153344.000000 49291781272837971968.000000
0.000000 2.000000 15.000000 0.000000 0.000000 0.000000 0.000000 10305446520544989184.000000 72211603674876239872.000000
0.000000 3.000000 15.000000 0.000000 0.000000 0.000000 0.000000 13342411035241023488.000000 93182081096308670464.000000
0.000000 4.000000 15.000000 0.000000 0.000000 0.000000 0.000000 16059752986163896320.000000 111736963150641758208.000000
0.000000 5.000000 15.000000 0.000000 0.000000 0.000000 0.000000 18401633471251476480.000000 127531833638320963584.000000
0.000000 6.000000 15.000000 0.000000 0.000000 0.000000 0.000000 20324174685771431936.000000 140338244417824784384.000000
0.000000 7.000000 15.000000 0.000000 0.000000 0.000000 0.000000 21794769157359779840.000000 150024347930225278976.000000
0.000000 8.000000 15.000000 0.000000 0.000000 0.000000 0.000000 22790736829040185344.000000 156527241741337296896.000000
0.000000 9.000000 15.000000 0.000000 0.000000 0.000000 0.000000 23297770818127994880.000000 159823662006421028864.000000
0.000000 10.000000 15.000000 0.000000 0.000000 0.000000 0.000000 23308617696733732864.000000 159905766164946026496.000000
0.000000 11.000000 15.000000 0.000000 0.000000 0.000000 0.000000 22822352062080434176.000000 156767503347757350912.000000
0.000000 12.000000 15.000000 0.000000 0.000000 0.000000 0.000000 21844445422432342016.000000 150404719600156442624.000000
0.000000 13.000000 15.000000 0.000000 0.000000 0.000000 0.000000 20387627912912330752.000000 140829138810783367168.000000
0.000000 14.000000 15.000000 0.000000 0.000000 0.000000 0.000000 18473338365866864640.000000 128093289320429060096.000000
0.000000 15.000000 15.000000 0.000000 0.000000 0.000000 0.000000 16133394774093099008.000000 112320924562498715648.000000
0.000000 16.000000 15.000000 0.000000 0.000000 0.000000 0.000000 13411426913858670592.000000 93736031665769775104.000000
0.000000 17.000000 15.000000 0.000000 0.000000 0.000000 0.000000 10363615534075582464.000000 72683450638336925696.000000
0.000000 18.000000 15.000000 0.000000 0.000000 0.000000 0.000000 7058379545381318656.000000 49635482319786311680.000000
0.000000 19.000000 15.000000 0.000000 0.000000 0.000000 0.000000 3574826597375074816.000000 25181399656297259008.000000
1.000000 0.000000 15.000000 0.000000 0.000000 0.000000 0.000000 7000282204981483520.000000 49051856126584954880.000000
1.000000 1.000000 15.000000 0.000000 0.000000 0.000000 0.000000 13824667704768442368.000000 96709587203733487616.000000
1.000000 2.000000 15.000000 0.000000 0.000000 0.000000 0.000000 20305197276032868352.000000 141669987476435582976.000000
1.000000 3.000000 15.000000 0.000000 0.000000 0.000000 0.000000 26288804531942965248.000000 182797843203322314752.000000
1.000000 4.000000 15.000000 0.000000 0.000000 0.000000 0.000000 31642489098174070784.000000 219177935508158742528.000000
1.000000 5.000000 15.000000 0.000000 0.000000 0.000000 0.000000 36256235765249261568.000000 250135487713539620864.000000
1.000000 6.000000 15.000000 0.000000 0.000000 0.000000 0.000000 40043617478074531840.000000 275224504999030521856.000000
1.000000 7.000000 15.000000 0.000000 0.000000 0.000000 0.000000 42940430883032039424.000000 294189434018875998208.000000
1.000000 8.000000 15.000000 0.000000 0.000000 0.000000 0.000000 44902045066458595328.000000 306910437780945764352.000000
1.000000 9.000000 15.000000 0.000000 0.000000 0.000000 0.000000 45900332935928799232.000000 313345391913523609600.000000
1.000000 10.000000 15.000000 0.000000 0.000000 0.000000 0.000000 45921064596260052992.000000 313481912527116763136.000000
1.000000 11.000000 15.000000 0.000000 0.000000 0.000000 0.000000 44962472332582322176.000000 307310274756986798080.000000
1.000000 12.000000 15.000000 0.000000 0.000000 0.000000 0.000000 43035381831768121344.000000 294823440959891308544.000000
1.000000 13.000000 15.000000 0.000000 0.000000 0.000000 0.000000 40164906963532767232.000000 276044486480910024704.000000
1.000000 14.000000 15.000000 0.000000 0.000000 0.000000 0.000000 36393305250816266240.000000 251075653392922050560.000000
1.000000 15.000000 15.000000 0.000000 0.000000 0.000000 0.000000 31783268872081784832.000000 220158289382573015040.000000
1.000000 16.000000 15.000000 0.000000 0.000000 0.000000 0.000000 26420748091456151552.000000 183730060562552913920.000000
1.000000 17.000000 15.000000 0.000000 0.000000 0.000000 0.000000 20416409201517600768.000000 142465685298977275904.000000
1.000000 18.000000 15.000000 0.000000 0.000000 0.000000 0.000000 13905020271654232064.000000 97290106521888784384.000000
1.000000 19.000000 15.000000 0.000000 0.000000 0.000000 0.000000 7042400789208388608.000000 49358016805466546176.000000
2.000000 0.000000 15.000000 0.000000 0.000000 0.000000 0.000000 10244592773223895040.000000 71299908934525370368.000000
2.000000 1.000000 15.000000 0.000000 0.000000 0.000000 0.000000 20231630127412682752.000000 140565319874258763776.000000
2.000000 2.000000 15.000000 0.000000 0.000000 0.000000 0.000000 29715192344038014976.000000 205895242645009596416.000000
2.000000 3.000000 15.000000 0.000000 0.000000 0.000000 0.000000 38471190947496099840.000000 265635346791314620416.000000
2.000000 4.000000 15.000000 0.000000 0.000000 0.000000 0.000000 46304950908268470272.000000 318454257963814748160.000000
2.000000 5.000000 15.000000 0.000000 0.000000 0.000000 0.000000 53055487559759290368.000000 363373463105801486336.000000
2.000000 6.000000 15.000000 0.000000 0.000000 0.000000 0.000000 58596386987914493952.000000 399750009140330168320.000000
2.000000 7.000000 15.000000 0.000000 0.000000 0.000000 0.000000 62833801013329559552.000000 427219966521989529600.000000
2.000000 8.000000 15.000000 0.000000 0.000000 0.000000 0.000000 65702554467511517184.000000 445617779748251762688.000000
2.000000 9.000000 15.000000 0.000000 0.000000 0.000000 0.000000 67161639249960853504.000000 454890754925879033856.000000
2.000000 10.000000 15.000000 0.000000 0.000000 0.000000 0.000000 67190384179912531968.000000 455028234174806949888.000000
2.000000 11.000000 15.000000 0.000000 0.000000 0.000000 0.000000 65786340928198295552.000000 446021409468553887744.000000
2.000000 12.000000 15.000000 0.000000 0.000000 0.000000 0.000000 62965464803112656896.000000 427862921184884031488.000000
2.000000 13.000000 15.000000 0.000000 0.000000 0.000000 0.000000 58764587098663395328.000000 400586688427240259584.000000
2.000000 14.000000 15.000000 0.000000 0.000000 0.000000 0.000000 53245589503926198272.000000 364339537352611987456.000000
2.000000 15.000000 15.000000 0.000000 0.000000 0.000000 0.000000 46500219036777578496.000000 319468904404655079424.000000
2.000000 16.000000 15.000000 0.000000 0.000000 0.000000 0.000000 38654221355337908224.000000 266606687185805344768.000000
2.000000 17.000000 15.000000 0.000000 0.000000 0.000000 0.000000 29869477859703595008.000000 206729105340924428288.000000
2.000000 18.000000 15.000000 0.000000 0.000000 0.000000 0.000000 20343111880115691520.000000 141176340078406615040.000000
2.000000 19.000000 15.000000 0.000000 0.000000 0.000000 0.000000 10303030995676712960.000000 71623031312079339520.000000
3.000000 0.000000 15.000000 0.000000 0.000000 0.000000 0.000000 13201587176694902784.000000 91061468789388115968.000000
3.000000 1.000000 15.000000 0.000000 0.000000 0.000000 0.000000 26071024842554228736.000000 179510241425381425152.000000
3.000000 2.000000 15.000000 0.000000 0.000000 0.000000 0.000000 38291193163022663680.000000 262906506124126257152.000000
3.000000 3.000000 15.000000 0.000000 0.000000 0.000000 0.000000 49573170679051763712.000000 339129823441517805568.000000
3.000000 4.000000 15.000000 0.000000 0.000000 0.000000 0.000000 59666026011740094464.000000 406477821537004486656.000000
3.000000 5.000000 15.000000 0.000000 0.000000 0.000000 0.000000 68362338331482587136.000000 463704730653697507328.000000
3.000000 6.000000 15.000000 0.000000 0.000000 0.000000 0.000000 75499328442800816128.000000 509998691886170767360.000000
3.000000 7.000000 15.000000 0.000000 0.000000 0.000000 0.000000 80956260500813168640.000000 544908161283879337984.000000
3.000000 8.000000 15.000000 0.000000 0.000000 0.000000 0.000000 84649402909068787712.000000 568236993411677159424.000000
3.000000 9.000000 15.000000 0.000000 0.000000 0.000000 0.000000 86526194451226230784.000000 579933134067777929216.000000
3.000000 10.000000 15.000000 0.000000 0.000000 0.000000 0.000000 86560280511233769472.000000 579996240394054074368.000000
3.000000 11.000000 15.000000 0.000000 0.000000 0.000000 0.000000 84748763160693014528.000000 568424893940956594176.000000
3.000000 12.000000 15.000000 0.000000 0.000000 0.000000 0.000000 81112413212107685888.000000 545215271168335675392.000000
3.000000 13.000000 15.000000 0.000000 0.000000 0.000000 0.000000 75698841184497451008.000000 510411895212513165312.000000
3.000000 14.000000 15.000000 0.000000 0.000000 0.000000 0.000000 68587867762574262272.000000 464199621027096166400.000000
3.000000 15.000000 15.000000 0.000000 0.000000 0.000000 0.000000 59897725378842763264.000000 407016593204459208704.000000
3.000000 16.000000 15.000000 0.000000 0.000000 0.000000 0.000000 49790386372625391616.000000 339662486862087651328.000000
3.000000 17.000000 15.000000 0.000000 0.000000 0.000000 0.000000 38474322844223234048.000000 263376065177885966336.000000
3.000000 18.000000 15.000000 0.000000 0.000000 0.000000 0.000000 26203364065066385408.000000 179861116966437257216.000000
3.000000 19.000000 15.000000 0.000000 0.000000 0.000000 0.000000 13270963982326431744.000000 91249252809166520320.000000
4.000000 0.000000 15.000000 0.000000 0.000000 0.000000 0.000000 15804963811746045952.000000 107873410540403654656.000000
4.000000 1.000000 15.000000 0.000000 0.000000 0.000000 0.000000 31211882744801452032.000000 212630225047149740032.000000
4.000000 2.000000 15.000000 0.000000 0.000000 0.000000 0.000000 45840760142887526400.000000 311362164813365641216.000000
4.000000 3.000000 15.000000 0.000000 0.000000 0.000000 0.000000 59345460014999109632.000000 401545733333269413888.000000
4.000000 4.000000 15.000000 0.000000 0.000000 0.000000 0.000000 71425462298683711488.000000 481161008437357182976.000000
4.000000 5.000000 15.000000 0.000000 0.000000 0.000000 0.000000 81832486411873189888.000000 548737831530710958080.000000
4.000000 6.000000 15.000000 0.000000 0.000000 0.000000 0.000000 90371840718990196736.000000 603328094676466794496.000000
4.000000 7.000000 15.000000 0.000000 102.000000 204.000000 2.000000 96899290088487288832.000000 644416552599371251712.000000
4.000000 8.000000 15.000000 0.000000 102.000000 204.000000 2.000000 101314988480860110848.000000 671793749495129964544.000000
4.000000 9.000000 15.000000 0.000000 102.000000 204.000000 5.000000 103556452772871634944.000000 685421090128757260288.000000
4.000000 10.000000 15.000000 0.000000 102.000000 204.000000 2.000000 103592576683998986240.000000 685318554416986980352.000000
4.000000 11.000000 15.000000 0.000000 102.000000 204.000000 3.000000 101420298479756148736.000000 671499960028466249728.000000
4.000000 12.000000 15.000000 0.000000 102.000000 204.000000 3.000000 97064821580276596736.000000 643970099069292380160.000000
4.000000 13.000000 15.000000 0.000000 102.000000 204.000000 3.000000 90583386344879751168.000000 602784571508062158848.000000
4.000000 14.000000 15.000000 0.000000 0.000000 0.000000 0.000000 82071684390991872000.000000 548159364127145328640.000000
4.000000 15.000000 15.000000 0.000000 0.000000 0.000000 0.000000 71671276788847591424.000000 480605926487549345792.000000
4.000000 16.000000 15.000000 0.000000 0.000000 0.000000 0.000000 59575974488750751744.000000 401060979148352192512.000000
4.000000 17.000000 15.000000 0.000000 0.000000 0.000000 0.000000 46035150761409576960.000000 310979948642142322688.000000
4.000000 18.000000 15.000000 0.000000 0.000000 0.000000 0.000000 31352387361670529024.000000 212368937736381071360.000000
4.000000 19.000000 15.000000 0.000000 0.000000 0.000000 0.000000 15878630399799750656.000000 107741400814840184832.000000
5.000000 0.000000 15.000000 0.000000 0.000000 0.000000 0.000000 18007719230794772480.000000 121503994332180414464.000000
5.000000 1.000000 15.000000 0.000000 0.000000 0.000000 0.000000 35561363462707036160.000000 239468593410639003648.000000
5.000000 2.000000 15.000000 0.000000 0.000000 0.000000 0.000000 52227497107611164672.000000 350593679764393230336.000000
5.000000 3.000000 15.000000 0.000000 0.000000 0.000000 0.000000 67611405344058613760.000000 452021058057657384960.000000
5.000000 4.000000 15.000000 0.000000 0.000000 0.000000 0.000000 81370533380194304000.000000 541470767332861149184.000000
5.000000 5.000000 15.000000 0.000000 102.000000 204.000000 1.000000 93222053894522781696.000000 617293879939555000320.000000
5.000000 6.000000 15.000000 0.000000 102.000000 204.000000 2.000000 102944399082430152704.000000 678440269444389142528.000000
5.000000 7.000000 15.000000 0.000000 102.000000 204.000000 2.000000 110373662505345679360.000000 724355597257167601664.000000
5.000000 8.000000 15.000000 0.000000 102.000000 204.000000 2.000000 115396638988274565120.000000 754834585150162993152.000000
5.000000 9.000000 15.000000 0.000000 102.000000 204.000000 2.000000 117942761639178600448.000000 769865032666766114816.000000
5.000000 10.000000 15.000000 0.000000 102.000000 204.000000 4.000000 117977221128715403264.000000 769497581414728728576.000000
5.000000 11.000000 15.000000 0.000000 102.000000 204.000000 2.000000 115497112477282959360.000000 753769823183025995776.000000
5.000000 12.000000 15.000000 0.000000 102.000000 204.000000 4.000000 110531638655526502400.000000 722701242476466667520.000000
5.000000 13.000000 15.000000 0.000000 102.000000 204.000000 2.000000 103146371850072162304.000000 676360039461138857984.000000
5.000000 14.000000 15.000000 0.000000 102.000000 204.000000 3.000000 93450538136409440256.000000 614987134566133923840.000000
5.000000 15.000000 15.000000 0.000000 0.000000 0.000000 0.000000 81605458269283287040.000000 539149747781085691904.000000
5.000000 16.000000 15.000000 0.000000 0.000000 0.000000 0.000000 67831817462502047744.000000 449889499119169437696.000000
5.000000 17.000000 15.000000 0.000000 0.000000 0.000000 0.000000 52413449799382794240.000000 348829574663360086016.000000
5.000000 18.000000 15.000000 0.000000 0.000000 0.000000 0.000000 35695815004044001280.000000 238212341635380674560.000000
5.000000 19.000000 15.000000 0.000000 0.000000 0.000000 0.000000 18078227435779375104.000000 120851608398221312000.000000
6.000000 0.000000 15.000000 0.000000 0.000000 0.000000 0.000000 19780933063494926336.000000 131927733674408509440.000000
6.000000 1.000000 15.000000 0.000000 0.000000 0.000000 0.000000 39062359647165652992.000000 259976575361917550592.000000
6.000000 2.000000 15.000000 0.000000 0.000000 0.000000 0.000000 57367542034973917184.000000 380533037325442809856.000000
6.000000 3.000000 15.000000 0.000000 0.000000 0.000000 0.000000 74262456664716083200.000000 490473770282666033152.000000
6.000000 4.000000 15.000000 0.000000 0.000000 0.000000 0.000000 89370615808491782144.000000 587316651606239477760.000000
6.000000 5.000000 15.000000 0.000000 102.000000 204.000000 2.000000 102381407807188975616.000000 669279137102943617024.000000
6.000000 6.000000 15.000000 0.000000 102.000000 204.000000 3.000000 113051774345389080576.000000 735242156231487258624.000000
6.000000 7.000000 15.000000 0.000000 102.000000 204.000000 6.000000 121202222205233856512.000000 784635309456038297600.000000
6.000000 8.000000 15.000000 0.000000 102.000000 204.000000 5.000000 126709118836793786368.000000 817273329196628180992.000000
6.000000 9.000000 15.000000 0.000000 102.000000 204.000000 7.000000 129495762433538981888.000000 833181954844169601024.000000
6.000000 10.000000 15.000000 0.000000 102.000000 204.000000 4.000000 129524746202279919616.000000 832451980908168740864.000000
6.000000 11.000000 15.000000 104.000000 24.000000 24.000000 9.000000 126793652139498176512.000000 815153166953901588480.000000
6.000000 12.000000 15.000000 0.000000 102.000000 204.000000 4.000000 121335211211526537216.000000 781326337185736818688.000000
6.000000 13.000000 15.000000 104.000000 24.000000 24.000000 9.000000 113221934700270780416.000000 731054962946271346688.000000
6.000000 14.000000 15.000000 0.000000 102.000000 204.000000 4.000000 102574082319826550784.000000 664600166560902938624.000000
6.000000 15.000000 15.000000 0.000000 102.000000 204.000000 2.000000 89568916147123044352.000000 582568863106280521728.000000
6.000000 16.000000 15.000000 0.000000 0.000000 0.000000 0.000000 74448683446309158912.000000 486076550004973502464.000000
6.000000 17.000000 15.000000 0.000000 0.000000 0.000000 0.000000 57524785116830171136.000000 376865793807854469120.000000
6.000000 18.000000 15.000000 0.000000 0.000000 0.000000 0.000000 39176126838143434752.000000 257348955450387333120.000000
6.000000 19.000000 15.000000 0.000000 0.000000 0.000000 0.000000 19840618694180941824.000000 130557740491527159808.000000
7.000000 0.000000 15.000000 0.000000 0.000000 0.000000 0.000000 21110378468814716928.000000 139270627628325076992.000000
7.000000 1.000000 15.000000 0.000000 0.000000 0.000000 0.000000 41686805607092781056.000000 274405188594652610560.000000
7.000000 2.000000 15.000000 0.000000 0.000000 0.000000 0.000000 61219745308763832320.000000 401554057271982030848.000000
7.000000 3.000000 15.000000 0.000000 102.000000 204.000000 2.000000 79245463000989384704.000000 517396582212459429888.000000
7.000000 4.000000 15.000000 0.000000 102.000000 204.000000 3.000000 95361915034466058240.000000 619304102891316576256.000000
7.000000 5.000000 15.000000 0.000000 102.000000 204.000000 2.000000 109237683940000399360.000000 705402816616899018752.000000
7.000000 6.000000 15.000000 0.000000 102.000000 204.000000 5.000000 120613763511026352128.000000 774534589741648838656.000000
7.000000 7.000000 15.000000 0.000000 102.000000 204.000000 4.000000 129299261602036154368.000000 826132644667025260544.000000
7.000000 8.000000 15.000000 104.000000 24.000000 24.000000 5.000000 135163108914786697216.000000 860044354841141968896.000000
7.000000 9.000000 15.000000 104.000000 24.000000 24.000000 3.000000 138124442367579963392.000000 876342201472307691520.000000
7.000000 10.000000 15.000000 0.000000 102.000000 204.000000 2.000000 138144363103013732352.000000 875164612430677934080.000000
7.000000 11.000000 15.000000 0.000000 102.000000 204.000000 1.000000 135221251024052699136.000000 856620822551181131776.000000
7.000000 12.000000 15.000000 104.000000 24.000000 24.000000 2.000000 129390856643271786496.000000 820779569002008412160.000000
7.000000 13.000000 15.000000 104.000000 24.000000 24.000000 5.000000 120731180186139213824.000000 767743181541989154816.000000
7.000000 14.000000 15.000000 0.000000 102.000000 204.000000 3.000000 109370929874862112768.000000 697790042207393153024.000000
7.000000 15.000000 15.000000 0.000000 102.000000 204.000000 2.000000 95499371522388443136.000000 611553165445961482240.000000
7.000000 16.000000 15.000000 0.000000 102.000000 204.000000 4.000000 79374840637916790784.000000 510193861282485764096.000000
7.000000 17.000000 15.000000 0.000000 0.000000 0.000000 0.000000 61329202285049749504.000000 395528928417092993024.000000
7.000000 18.000000 15.000000 0.000000 0.000000 0.000000 0.000000 41766120153805881344.000000 270077790255369289728.000000
7.000000 19.000000 15.000000 0.000000 0.000000 0.000000 0.000000 21152029497211830272.000000 137010934349932724224.000000
8.000000 0.000000 15.000000 0.000000 0.000000 0.000000 0.000000 21991844857517453312.000000 143738126611590512640.000000
8.000000 1.000000 15.000000 0.000000 0.000000 0.000000 0.000000 43426440695306862592.000000 283162955227300691968.000000
8.000000 2.000000 15.000000 0.000000 102.000000 204.000000 2.000000 63772104482066661376.000000 414263354231900340224.000000
8.000000 3.000000 15.000000 0.000000 102.000000 204.000000 4.000000 82545112298015326208.000000 533586224885200060416.000000
8.000000 4.000000 15.000000 0.000000 102.000000 204.000000 3.000000 99326334033167745024.000000 638408509613864386560.000000
8.000000 5.000000 15.000000 0.000000 102.000000 204.000000 4.000000 113770582374460456960.000000 726803553752778407936.000000
8.000000 6.000000 15.000000 0.000000 102.000000 204.000000 4.000000 125608469071316713472.000000 797599748177165418496.000000
8.000000 7.000000 15.000000 104.000000 24.000000 24.000000 7.000000 134641884449276379136.000000 850249204337135058944.000000
8.000000 8.000000 15.000000 0.000000 102.000000 204.000000 3.000000 140735284071304003584.000000 884640309920494125056.000000
8.000000 9.000000 15.000000 104.000000 24.000000 24.000000 5.000000 143805573880696520704.000000 900897295019225907200.000000
8.000000 10.000000 15.000000 104.000000 24.000000 24.000000 1.000000 143813418589632184320.000000 899210655955209682944.000000
8.000000 11.000000 15.000000 104.000000 24.000000 24.000000 3.000000 140758257082077724672.000000 879734352740574298112.000000
8.000000 12.000000 15.000000 104.000000 24.000000 24.000000 3.000000 134678305043118161920.000000 842570706334014504960.000000
8.000000 13.000000 15.000000 104.000000 24.000000 24.000000 11.000000 125655560988528852992.000000 787844831847590920192.000000
8.000000 14.000000 15.000000 0.000000 102.000000 204.000000 10.000000 113824560695192485888.000000 715851019116649381888.000000
8.000000 15.000000 15.000000 0.000000 102.000000 204.000000 2.000000 99382602682418200576.000000 627237567274653057024.000000
8.000000 16.000000 15.000000 0.000000 102.000000 204.000000 2.000000 82598602862394458112.000000 523187392845361119232.000000
8.000000 17.000000 15.000000 0.000000 0.000000 0.000000 0.000000 63817750418060492800.000000 405551164480911048704.000000
8.000000 18.000000 15.000000 0.000000 0.000000 0.000000 0.000000 43459736514778644480.000000 276897977314143764480.000000
8.000000 19.000000 15.000000 0.000000 0.000000 0.000000 0.000000 22009402729554493440.000000 140464095789531299840.000000
9.000000 0.000000 15.000000 0.000000 0.000000 0.000000 0.000000 22426261652277329920.000000 145540979697916051456.000000
9.000000 1.000000 15.000000 0.000000 0.000000 0.000000 0.000000 44283177023945539584.000000 286669349312065503232.000000
9.000000 2.000000 15.000000 0.000000 102.000000 204.000000 3.000000 65027611310241988608.000000 419284827572590870528.000000
9.000000 3.000000 15.000000 0.000000 102.000000 204.000000 4.000000 84165598827755503616.000000 539863991086399750144.000000
9.000000 4.000000 15.000000 0.000000 102.000000 204.000000 5.000000 101269394968871927808.000000 645638216094107041792.000000
9.000000 5.000000 15.000000 0.000000 102.000000 204.000000 5.000000 115987055222319546368.000000 734662500627945750528.000000
9.000000 6.000000 15.000000 0.000000 102.000000 204.000000 6.000000 128044327008879804416.000000 805772951603319668736.000000
9.000000 7.000000 15.000000 104.000000 24.000000 24.000000 4.000000 137239995665200824320.000000 858451142934864199680.000000
9.000000 8.000000 15.000000 104.000000 24.000000 24.000000 4.000000 143436920049868390400.000000 892630128170171891712.000000
9.000000 9.000000 15.000000 0.000000 0.000000 0.000000 0.000000 146551615705877217280.000000 908486453184409763840.000000
9.000000 10.000000 15.000000 104.000000 24.000000 24.000000 5.000000 146545278394111066112.000000 906263273747509018624.000000
9.000000 11.000000 15.000000 104.000000 24.000000 24.000000 5.000000 143418588077568163840.000000 886161566901649145856.000000
9.000000 12.000000 15.000000 104.000000 24.000000 24.000000 5.000000 137211607898189660160.000000 848321078864184082432.000000
9.000000 13.000000 15.000000 104.000000 24.000000 24.000000 13.000000 128008801228121866240.000000 792893117171042615296.000000
9.000000 14.000000 15.000000 104.000000 24.000000 24.000000 9.000000 115947891468719980544.000000 720187428498341888000.000000
9.000000 15.000000 15.000000 104.000000 24.000000 24.000000 5.000000 101230245203337101312.000000 630859142893202833408.000000
9.000000 16.000000 15.000000 0.000000 102.000000 204.000000 3.000000 84129882619501379584.000000 526092365324187402240.000000
9.000000 17.000000 15.000000 0.000000 0.000000 0.000000 0.000000 64998232500069515264.000000 407736384648425242624.000000
9.000000 18.000000 15.000000 0.000000 0.000000 0.000000 0.000000 44262359424660004864.000000 278358845021989502976.000000
9.000000 19.000000 15.000000 0.000000 0.000000 0.000000 0.000000 22415485821224017920.000000 141195977767645675520.000000
10.000000 0.000000 15.000000 0.000000 0.000000 0.000000 0.000000 22415696266979082240.000000 144833893062278856704.000000
10.000000 1.000000 15.000000 0.000000 0.000000 0.000000 0.000000 44261190697510092800.000000 285233455033096929280.000000
10.000000 2.000000 15.000000 0.000000 102.000000 204.000000 3.000000 64992623102725013504.000000 417080963295973277696.000000
10.000000 3.000000 15.000000 0.000000 102.000000 204.000000 5.000000 84115546166291922944.000000 536843553767720615936.000000
10.000000 4.000000 15.000000 0.000000 102.000000 204.000000 5.000000 101202060493753352192.000000 641753856934402326528.000000
10.000000 5.000000 15.000000 0.000000 102.000000 204.000000 6.000000 115900437139242483712.000000 729880180257774108672.000000
10.000000 6.000000 15.000000 104.000000 24.000000 24.000000 6.000000 127937010080820969472.000000 800083909890516451328.000000
10.000000 7.000000 15.000000 104.000000 24.000000 24.000000 5.000000 137111482369131659264.000000 851882416943740092416.000000
10.000000 8.000000 15.000000 104.000000 24.000000 24.000000 4.000000 143287888307883343872.000000 885252482664748548096.000000
10.000000 9.000000 15.000000 104.000000 24.000000 24.000000 2.000000 146384079203472490496.000000 900418911719586398208.000000
10.000000 10.000000 15.000000 104.000000 24.000000 24.000000 3.000000 146362635977381527552.000000 897673793600528318464.000000
10.000000 11.000000 15.000000 104.000000 24.000000 24.000000 3.000000 143225558627950886912.000000 877263739704994168832.000000
10.000000 12.000000 15.000000 104.000000 24.000000 24.000000 5.000000 137014055628787662848.000000 839367034366233018368.000000
10.000000 13.000000 15.000000 104.000000 24.000000 24.000000 8.000000 127813463401524101120.000000 784163055269082300416.000000
10.000000 14.000000 15.000000 104.000000 24.000000 24.000000 6.000000 115762026407508377600.000000 711976413712403136512.000000
10.000000 15.000000 15.000000 0.000000 102.000000 204.000000 8.000000 101061223537890820096.000000 623461977237944532992.000000
10.000000 16.000000 15.000000 0.000000 102.000000 204.000000 7.000000 83984749131780079616.000000 519787513047389831168.000000
10.000000 17.000000 15.000000 0.000000 0.000000 0.000000 0.000000 64883269386086195200.000000 402770044249380356096.000000
10.000000 18.000000 15.000000 0.000000 0.000000 0.000000 0.000000 44182683627812405248.000000 274930326283686412288.000000
10.000000 19.000000 15.000000 0.000000 0.000000 0.000000 0.000000 22374712440974540800.000000 139445515499726553088.000000
11.000000 0.000000 15.000000 0.000000 0.000000 0.000000 0.000000 21961077825006481408.000000 141678892278717775872.000000
11.000000 1.000000 15.000000 0.000000 0.000000 0.000000 0.000000 43362418494128406528.000000 278981331260776316928.000000
11.000000 2.000000 15.000000 0.000000 102.000000 204.000000 4.000000 63670229408207388672.000000 407845478605248397312.000000
11.000000 3.000000 15.000000 0.000000 102.000000 204.000000 5.000000 82399385975970332672.000000 524790801262173290496.000000
11.000000 4.000000 15.000000 0.000000 102.000000 204.000000 5.000000 99130308008460320768.000000 627097917626162348032.000000
11.000000 5.000000 15.000000 104.000000 24.000000 24.000000 5.000000 113518435296907608064.000000 712878917301872361472.000000
11.000000 6.000000 15.000000 104.000000 24.000000 24.000000 6.000000 125296085825839267840.000000 781035757165340393472.000000
11.000000 7.000000 15.000000 104.000000 24.000000 24.000000 6.000000 134267819532787793920.000000 831124715111251181568.000000
11.000000 8.000000 15.000000 0.000000 102.000000 204.000000 4.000000 140301511514193936384.000000 863161420726492856320.000000
11.000000 9.000000 15.000000 104.000000 24.000000 24.000000 9.000000 143317953914464321536.000000 877410533601451442176.000000
11.000000 10.000000 15.000000 104.000000 24.000000 24.000000 4.000000 143281841713597349888.000000 874204949110200729600.000000
11.000000 11.000000 15.000000 104.000000 24.000000 24.000000 2.000000 140196454976216498176.000000 853831432207675949056.000000
11.000000 12.000000 15.000000 104.000000 24.000000 24.000000 3.000000 134103342620838199296.000000 816504465080663015424.000000
11.000000 13.000000 15.000000 104.000000 24.000000 24.000000 3.000000 125087044413857497088.000000 762430865699193094144.000000
11.000000 14.000000 15.000000 104.000000 24.000000 24.000000 18.000000 113283613291170103296.000000 691948197431086415872.000000
11.000000 15.000000 15.000000 0.000000 102.000000 204.000000 1.000000 98890675453706534912.000000 605704006235983183872.000000
11.000000 16.000000 15.000000 0.000000 102.000000 204.000000 5.000000 82176199241997287424.000000 504833664399886647296.000000
11.000000 17.000000 15.000000 104.000000 24.000000 24.000000 1.000000 63483154971429576704.000000 391093929901837975552.000000
11.000000 18.000000 15.000000 0.000000 0.000000 0.000000 0.000000 43227842693799526400.000000 266917416630494265344.000000
11.000000 19.000000 15.000000 0.000000 0.000000 0.000000 0.000000 21890732904796016640.000000 135368429047353065472.000000
12.000000 0.000000 15.000000 0.000000 0.000000 0.000000 0.000000 21062118039760699392.000000 136040092940110495744.000000
12.000000 1.000000 15.000000 0.000000 0.000000 0.000000 0.000000 41586391773287006208.000000 267845347289676382208.000000
12.000000 2.000000 15.000000 0.000000 102.000000 204.000000 3.000000 61059984436925054976.000000 391486849977557975040.000000
12.000000 3.000000 15.000000 0.000000 102.000000 204.000000 5.000000 79016969999927934976.000000 503601088946057576448.000000
12.000000 4.000000 15.000000 0.000000 102.000000 204.000000 5.000000 95054600832292061184.000000 601565240122905460736.000000
12.000000 5.000000 15.000000 0.000000 102.000000 204.000000 5.000000 108842441223986364416.000000 683566233518843101184.000000
12.000000 6.000000 15.000000 0.000000 102.000000 204.000000 6.000000 120124155776682459136.000000 748561183814012370944.000000
12.000000 7.000000 15.000000 104.000000 24.000000 24.000000 6.000000 128713031377136369664.000000 796146475655328169984.000000
12.000000 8.000000 15.000000 0.000000 102.000000 204.000000 5.000000 134483352252787818496.000000 826368784576379748352.000000
12.000000 9.000000 15.000000 0.000000 102.000000 204.000000 4.000000 137360340287486246912.000000 839520558079535087616.000000
12.000000 10.000000 15.000000 104.000000 24.000000 24.000000 5.000000 137311408225865334784.000000 835963292056284561408.000000
12.000000 11.000000 15.000000 104.000000 24.000000 24.000000 4.000000 134340952656612950016.000000 816014281717901033472.000000
12.000000 12.000000 15.000000 104.000000 24.000000 24.000000 2.000000 128489946419878920192.000000 779918006090971873280.000000
12.000000 13.000000 15.000000 104.000000 24.000000 24.000000 7.000000 119840372534287335424.000000 727904835244600459264.000000
12.000000 14.000000 15.000000 104.000000 24.000000 24.000000 8.000000 108523318410813079552.000000 660320989842451464192.000000
12.000000 15.000000 15.000000 104.000000 24.000000 24.000000 4.000000 94728565758392172544.000000 577798336669092282368.000000
12.000000 16.000000 15.000000 104.000000 24.000000 24.000000 7.000000 78712967695089172480.000000 481423705690633797632.000000
12.000000 17.000000 15.000000 0.000000 0.000000 0.000000 0.000000 60804914292825505792.000000 372866736460501352448.000000
12.000000 18.000000 15.000000 0.000000 0.000000 0.000000 0.000000 41402756518278758400.000000 254432955042133704704.000000
12.000000 19.000000 15.000000 0.000000 0.000000 0.000000 0.000000 20966080362449883136.000000 129023325522484445184.000000
13.000000 0.000000 15.000000 0.000000 0.000000 0.000000 0.000000 19719435032008372224.000000 127810243972618420224.000000
13.000000 1.000000 15.000000 0.000000 0.000000 0.000000 0.000000 38934420163270770688.000000 251616246259850346496.000000
13.000000 2.000000 15.000000 0.000000 102.000000 204.000000 3.000000 57164026407782612992.000000 367703924250510229504.000000
13.000000 3.000000 15.000000 0.000000 102.000000 204.000000 5.000000 73971447516040740864.000000 472895615269413847040.000000
13.000000 4.000000 15.000000 0.000000 102.000000 204.000000 6.000000 88979302209088241664.000000 564716758257108647936.000000
13.000000 5.000000 15.000000 0.000000 102.000000 204.000000 5.000000 101878226521391955968.000000 641462128800750764032.000000
13.000000 6.000000 15.000000 0.000000 102.000000 204.000000 7.000000 112428555741921411072.000000 702159260168601468928.000000
13.000000 7.000000 15.000000 0.000000 102.000000 204.000000 5.000000 120456107056185507840.000000 746445262902213738496.000000
13.000000 8.000000 15.000000 104.000000 24.000000 24.000000 9.000000 125844051769343148032.000000 774388334048392380416.000000
13.000000 9.000000 15.000000 104.000000 24.000000 24.000000 6.000000 128523423008861945856.000000 786293972007883374592.000000
13.000000 10.000000 15.000000 0.000000 102.000000 204.000000 4.000000 128464838879177670656.000000 782536704633834045440.000000
13.000000 11.000000 15.000000 104.000000 24.000000 24.000000 5.000000 125673533432253333504.000000 763450973804911788032.000000
13.000000 12.000000 15.000000 0.000000 102.000000 204.000000 3.000000 120188881670616891392.000000 729301213328944136192.000000
13.000000 13.000000 15.000000 0.000000 102.000000 204.000000 6.000000 112088464232101068800.000000 680333850043222982656.000000
13.000000 14.000000 15.000000 0.000000 102.000000 204.000000 4.000000 101495571590322225152.000000 616896383885614907392.000000
13.000000 15.000000 15.000000 0.000000 102.000000 204.000000 3.000000 88588126590754947072.000000 539594327156103774208.000000
13.000000 16.000000 15.000000 0.000000 102.000000 204.000000 2.000000 73606494460074549248.000000 449448438212212817920.000000
13.000000 17.000000 15.000000 0.000000 0.000000 0.000000 0.000000 56857657580757639168.000000 348014018237358669824.000000
13.000000 18.000000 15.000000 0.000000 0.000000 0.000000 0.000000 38713763105055686656.000000 237431183648741523456.000000
13.000000 19.000000 15.000000 0.000000 0.000000 0.000000 0.000000 19604005665362165760.000000 120388555243863932928.000000
14.000000 0.000000 15.000000 0.000000 0.000000 0.000000 0.000000 17938420179170738176.000000 116863072146155634688.000000
14.000000 1.000000 15.000000 0.000000 0.000000 0.000000 0.000000 35417218097698951168.000000 230046187062261121024.000000
14.000000 2.000000 15.000000 0.000000 102.000000 204.000000 2.000000 51998254940578144256.000000 336136461136108322816.000000
14.000000 3.000000 15.000000 0.000000 102.000000 204.000000 5.000000 67283693415347109888.000000 432214901960401616896.000000
14.000000 4.000000 15.000000 0.000000 102.000000 204.000000 5.000000 80929976543299502080.000000 516010235401986965504.000000
14.000000 5.000000 15.000000 0.000000 102.000000 204.000000 5.000000 92655678471625900032.000000 585960565945862455296.000000
14.000000 6.000000 15.000000 0.000000 102.000000 204.000000 5.000000 102243042379814404096.000000 641180624796199419904.000000
14.000000 7.000000 15.000000 0.000000 102.000000 204.000000 5.000000 109534125910595272704.000000 681349362521973981184.000000
14.000000 8.000000 15.000000 0.000000 102.000000 204.000000 5.000000 114423366592490930176.000000 706546442679201824768.000000
14.000000 9.000000 15.000000 0.000000 102.000000 204.000000 5.000000 116848888102840418304.000000 717074185856801964032.000000
14.000000 10.000000 15.000000 104.000000 24.000000 24.000000 5.000000 116784899986085216256.000000 713302262469575180288.000000
14.000000 11.000000 15.000000 104.000000 24.000000 24.000000 6.000000 114237099972900274176.000000 695565923318957998080.000000
14.000000 12.000000 15.000000 0.000000 102.000000 204.000000 4.000000 109242163513433473024.000000 664136177048467013632.000000
14.000000 13.000000 15.000000 0.000000 102.000000 204.000000 4.000000 101871367334411616256.000000 619264575950169178112.000000
14.000000 14.000000 15.000000 0.000000 102.000000 204.000000 7.000000 92237351367206993920.000000 561289283575829299200.000000
14.000000 15.000000 15.000000 0.000000 102.000000 204.000000 2.000000 80502185468193128448.000000 490776019274392928256.000000
14.000000 16.000000 15.000000 0.000000 0.000000 0.000000 0.000000 66884443399683702784.000000 408659874283030708224.000000
14.000000 17.000000 15.000000 0.000000 0.000000 0.000000 0.000000 51662993137628037120.000000 316353360354166571008.000000
14.000000 18.000000 15.000000 0.000000 0.000000 0.000000 0.000000 35175693857799094272.000000 215792498177770061824.000000
14.000000 19.000000 15.000000 0.000000 0.000000 0.000000 0.000000 17812055644824104960.000000 109404981571191668736.000000
15.000000 0.000000 15.000000 0.000000 0.000000 0.000000 0.000000 15734007703128219648.000000 103120266306741059584.000000
15.000000 1.000000 15.000000 0.000000 0.000000 0.000000 0.000000 31064315998986047488.000000 202980765474655436800.000000
15.000000 2.000000 15.000000 0.000000 0.000000 0.000000 0.000000 45606134066399756288.000000 296558399874381250560.000000
15.000000 3.000000 15.000000 0.000000 102.000000 204.000000 3.000000 59010143195206082560.000000 381267865677153566720.000000
15.000000 4.000000 15.000000 0.000000 102.000000 204.000000 5.000000 70974802311957987328.000000 455098316717440303104.000000
15.000000 5.000000 15.000000 0.000000 102.000000 204.000000 5.000000 81253260896538951680.000000 516668603220123713536.000000
15.000000 6.000000 15.000000 0.000000 102.000000 204.000000 5.000000 89654715107202990080.000000 565199042545751425024.000000
15.000000 7.000000 15.000000 0.000000 102.000000 204.000000 5.000000 96041014709314191360.000000 600412663419303886848.000000
15.000000 8.000000 15.000000 0.000000 102.000000 204.000000 5.000000 100320112656771284992.000000 622391028522378985472.000000
15.000000 9.000000 15.000000 104.000000 24.000000 24.000000 5.000000 102438396305598873600.000000 631416792580954521600.000000
15.000000 10.000000 15.000000 104.000000 24.000000 24.000000 4.000000 102373967719352139776.000000 627835833158041075712.000000
15.000000 11.000000 15.000000 104.000000 24.000000 24.000000 4.000000 100132551740735913984.000000 611966091791291908096.000000
15.000000 12.000000 15.000000 0.000000 102.000000 204.000000 4.000000 95746987294341070848.000000 584069408027643609088.000000
15.000000 13.000000 15.000000 104.000000 24.000000 24.000000 4.000000 89280347121390452736.000000 544388819429381898240.000000
15.000000 14.000000 15.000000 0.000000 102.000000 204.000000 3.000000 80831816871279099904.000000 493239781853438541824.000000
15.000000 15.000000 15.000000 0.000000 102.000000 204.000000 2.000000 70543729580531073024.000000 431132296175417163776.000000
15.000000 16.000000 15.000000 0.000000 0.000000 0.000000 0.000000 58607744455232200704.000000 358894255876998692864.000000
15.000000 17.000000 15.000000 0.000000 0.000000 0.000000 0.000000 45268164001364754432.000000 277765752710673367040.000000
15.000000 18.000000 15.000000 0.000000 0.000000 0.000000 0.000000 30820804382883921920.000000 189439688884463730688.000000
15.000000 19.000000 15.000000 0.000000 0.000000 0.000000 0.000000 15606591252659181568.000000 96034706122303700992.000000
16.000000 0.000000 15.000000 0.000000 0.000000 0.000000 0.000000 13135284003984187392.000000 86618859121561059328.000000
16.000000 1.000000 15.000000 0.000000 0.000000 0.000000 0.000000 25933157850083631104.000000 170491923515800682496.000000
16.000000 2.000000 15.000000 0.000000 0.000000 0.000000 0.000000 38072041495216570368.000000 249072677292425936896.000000
16.000000 3.000000 15.000000 0.000000 0.000000 0.000000 0.000000 49260052578048409600.000000 320183330199923326976.000000
16.000000 4.000000 15.000000 0.000000 102.000000 204.000000 5.000000 59245310331185643520.000000 382130156373920907264.000000
16.000000 5.000000 15.000000 0.000000 102.000000 204.000000 5.000000 67821725728856186880.000000 433750463243087380480.000000
16.000000 6.000000 15.000000 0.000000 102.000000 204.000000 5.000000 74830139394913878016.000000 474389432314426490880.000000
16.000000 7.000000 15.000000 0.000000 102.000000 204.000000 5.000000 80155481530622148608.000000 503817629185025835008.000000
16.000000 8.000000 15.000000 0.000000 102.000000 204.000000 5.000000 83721284041020555264.000000 522110173562040352768.000000
16.000000 9.000000 15.000000 0.000000 102.000000 204.000000 5.000000 85483249133667860480.000000 529514475477062385664.000000
16.000000 10.000000 15.000000 0.000000 102.000000 204.000000 5.000000 85423602888246018048.000000 526334028591602728960.000000
16.000000 11.000000 15.000000 104.000000 24.000000 24.000000 5.000000 83547637924476928000.000000 512851002458169933824.000000
16.000000 12.000000 15.000000 0.000000 102.000000 204.000000 4.000000 79883245642534551552.000000 489301319197372579840.000000
16.000000 13.000000 15.000000 0.000000 102.000000 204.000000 3.000000 74483478719930531840.000000 455904377279977553920.000000
16.000000 14.000000 15.000000 0.000000 102.000000 204.000000 3.000000 67431421452934545408.000000 412937888330238263296.000000
16.000000 15.000000 15.000000 0.000000 102.000000 204.000000 2.000000 58846032143481348096.000000 360838723501380665344.000000
16.000000 16.000000 15.000000 0.000000 0.000000 0.000000 0.000000 48887281773730643968.000000 300305093653844721664.000000
16.000000 17.000000 15.000000 0.000000 0.000000 0.000000 0.000000 37758917013606744064.000000 232374890412849135616.000000
16.000000 18.000000 15.000000 0.000000 0.000000 0.000000 0.000000 25707525952583237632.000000 158459667996075687936.000000
16.000000 19.000000 15.000000 0.000000 0.000000 0.000000 0.000000 13017215755414853632.000000 80322599207629799424.000000
17.000000 0.000000 15.000000 0.000000 0.000000 0.000000 0.000000 10188855888452681728.000000 67564420325169807360.000000
17.000000 1.000000 15.000000 0.000000 0.000000 0.000000 0.000000 20115751237064171520.000000 132982963988783628288.000000
17.000000 2.000000 15.000000 0.000000 0.000000 0.000000 0.000000 29531031475070156800.000000 194265377021359915008.000000
17.000000 3.000000 15.000000 0.000000 0.000000 0.000000 0.000000 38208128833059545088.000000 249709417937852760064.000000
17.000000 4.000000 15.000000 0.000000 0.000000 0.000000 0.000000 45951573660034809856.000000 297991103375764094976.000000
17.000000 5.000000 15.000000 0.000000 102.000000 204.000000 3.000000 52601497513376235520.000000 338201687486791942144.000000
17.000000 6.000000 15.000000 0.000000 102.000000 204.000000 5.000000 58034519732248076288.000000 369829978026191814656.000000
17.000000 7.000000 15.000000 0.000000 102.000000 204.000000 5.000000 62161540465912332288.000000 392698357651094503424.000000
17.000000 8.000000 15.000000 0.000000 102.000000 204.000000 5.000000 64923472603420434432.000000 406868808321505296384.000000
17.000000 9.000000 15.000000 0.000000 102.000000 204.000000 5.000000 66286235709642260480.000000 412539841739421908992.000000
17.000000 10.000000 15.000000 0.000000 102.000000 204.000000 5.000000 66236354146439348224.000000 409955703068442951680.000000
17.000000 11.000000 15.000000 0.000000 102.000000 204.000000 5.000000 64778250106520911872.000000 399345538232822661120.000000
17.000000 12.000000 15.000000 0.000000 102.000000 204.000000 4.000000 61933854164073701376.000000 380903195488730218496.000000
17.000000 13.000000 15.000000 0.000000 102.000000 204.000000 4.000000 57744566732238471168.000000 354809399471342092288.000000
17.000000 14.000000 15.000000 0.000000 0.000000 0.000000 0.000000 52275012061753753600.000000 321288968738533867520.000000
17.000000 15.000000 15.000000 0.000000 0.000000 0.000000 0.000000 45617550742167715840.000000 280688329162978295808.000000
17.000000 16.000000 15.000000 0.000000 0.000000 0.000000 0.000000 37896252932958871552.000000 233554252237639778304.000000
17.000000 17.000000 15.000000 0.000000 0.000000 0.000000 0.000000 29269037200135614464.000000 180694352210608979968.000000
17.000000 18.000000 15.000000 0.000000 0.000000 0.000000 0.000000 19926950955326668800.000000 123203464849566793728.000000
17.000000 19.000000 15.000000 0.000000 0.000000 0.000000 0.000000 10090056850322657280.000000 62446867736844402688.000000
18.000000 0.000000 15.000000 0.000000 0.000000 0.000000 0.000000 6960095157091106816.000000 46358023573201641472.000000
18.000000 1.000000 15.000000 0.000000 0.000000 0.000000 0.000000 13741127150063140864.000000 91241903819704696832.000000
18.000000 2.000000 15.000000 0.000000 0.000000 0.000000 0.000000 20172452096050372608.000000 133284320461015400448.000000
18.000000 3.000000 15.000000 0.000000 0.000000 0.000000 0.000000 26099221505634041856.000000 171315684692703903744.000000
18.000000 4.000000 15.000000 0.000000 0.000000 0.000000 0.000000 31387864027908472832.000000 204426176003098181632.000000
18.000000 5.000000 15.000000 0.000000 0.000000 0.000000 0.000000 35929167378581266432.000000 231991281034313269248.000000
18.000000 6.000000 15.000000 0.000000 102.000000 204.000000 4.000000 39638886041436831744.000000 253659863491903062016.000000
18.000000 7.000000 15.000000 0.000000 102.000000 204.000000 5.000000 42456231939948273664.000000 269310477251836510208.000000
18.000000 8.000000 15.000000 0.000000 102.000000 204.000000 4.000000 44340953623023796224.000000 278987061953605468160.000000
18.000000 9.000000 15.000000 0.000000 102.000000 204.000000 5.000000 45269908287335038976.000000 282828314031246409728.000000
18.000000 10.000000 15.000000 0.000000 102.000000 204.000000 5.000000 45234044130790547456.000000 281005348742932201472.000000
18.000000 11.000000 15.000000 0.000000 102.000000 204.000000 4.000000 44236538855500496896.000000 273679760833023016960.000000
18.000000 12.000000 15.000000 0.000000 102.000000 204.000000 5.000000 42292520441581486080.000000 260989399620487086080.000000
18.000000 13.000000 15.000000 0.000000 102.000000 204.000000 3.000000 39430393912787582976.000000 243063075964019605504.000000
18.000000 14.000000 15.000000 0.000000 0.000000 0.000000 0.000000 35694393687704752128.000000 220059228271735275520.000000
18.000000 15.000000 15.000000 0.000000 0.000000 0.000000 0.000000 31147656252021084160.000000 192218509533887594496.000000
18.000000 16.000000 15.000000 0.000000 0.000000 0.000000 0.000000 25874927720000921600.000000 159917303878942031872.000000
18.000000 17.000000 15.000000 0.000000 0.000000 0.000000 0.000000 19984022510287224832.000000 123708906481489707008.000000
18.000000 18.000000 15.000000 0.000000 0.000000 0.000000 0.000000 13605334239050510336.000000 84341541944731500544.000000
18.000000 19.000000 15.000000 0.000000 0.000000 0.000000 0.000000 6889033042651176960.000000 42747051227628044288.000000
19.000000 0.000000 15.000000 0.000000 0.000000 0.000000 0.000000 3531760947405728256.000000 23589989178499317760.000000
19.000000 1.000000 15.000000 0.000000 0.000000 0.000000 0.000000 6972624628590596096.000000 46429338301955112960.000000
19.000000 2.000000 15.000000 0.000000 0.000000 0.000000 0.000000 10235969894750302208.000000 67821770609297965056.000000
19.000000 3.000000 15.000000 0.000000 0.000000 0.000000 0.000000 13243198099219914752.000000 87171647236698292224.000000
19.000000 4.000000 15.000000 0.000000 0.000000 0.000000 0.000000 15926517482075127808.000000 104015566829172342784.000000
19.000000 5.000000 15.000000 0.000000 0.000000 0.000000 0.000000 18230508824735735808.000000 118035411633426235392.000000
19.000000 6.000000 15.000000 0.000000 0.000000 0.000000 0.000000 20112434482416062464.000000 129052342199778672640.000000
19.000000 7.000000 15.000000 0.000000 0.000000 0.000000 0.000000 21541472025511682048.000000 137004637615223472128.000000
19.000000 8.000000 15.000000 0.000000 0.000000 0.000000 0.000000 22497230577001553920.000000 141915035179779325952.000000
19.000000 9.000000 15.000000 0.000000 0.000000 0.000000 0.000000 22968008866807894016.000000 143854826075393425408.000000
19.000000 10.000000 15.000000 0.000000 0.000000 0.000000 0.000000 22949260752288514048.000000 142912128971189108736.000000
19.000000 11.000000 15.000000 0.000000 0.000000 0.000000 0.000000 22442646871616798720.000000 139170492181770682368.000000
19.000000 12.000000 15.000000 0.000000 0.000000 0.000000 0.000000 21455888902802137088.000000 132701544633773916160.000000
19.000000 13.000000 15.000000 0.000000 0.000000 0.000000 0.000000 20003438746160398336.000000 123572322655368101888.000000
19.000000 14.000000 15.000000 0.000000 0.000000 0.000000 0.000000 18107769919349190656.000000 111864759718678380544.000000
19.000000 15.000000 15.000000 0.000000 0.000000 0.000000 0.000000 15800933638895374336.000000 97702256933325471744.000000
19.000000 16.000000 15.000000 0.000000 0.000000 0.000000 0.000000 13125930638907977728.000000 81276753396754464768.000000
19.000000 17.000000 15.000000 0.000000 0.000000 0.000000 0.000000 10137450571248457728.000000 62869574667366170624.000000
19.000000 18.000000 15.000000 0.000000 0.000000 0.000000 0.000000 6901624540882361344.000000 42860573187786629120.000000
19.000000 19.000000 15.000000 0.000000 0.000000 0.000000 0.000000 3494605204895184896.000000 21722431675593113600.000000
