# i (x-axis) 
#  j (y-axis) 
#  k (z-axis) 
#  RGB (R) 
#  RGB (G) 
#  RGB (B) 
#  number per voxel 
#  glucose 
#  oxygen
0.000000 0.000000 10.000000 0.000000 0.000000 0.000000 0.000000 5992543.818900 56696208.974921
0.000000 1.000000 10.000000 0.000000 0.000000 0.000000 0.000000 11600236.855492 108916502.235273
0.000000 2.000000 10.000000 0.000000 0.000000 0.000000 0.000000 16507615.450493 152999542.315301
0.000000 3.000000 10.000000 0.000000 0.000000 0.000000 0.000000 20517909.493703 186698438.271384
0.000000 4.000000 10.000000 0.000000 0.000000 0.000000 0.000000 23570381.728906 209435911.439296
0.000000 5.000000 10.000000 0.000000 0.000000 0.000000 0.000000 25725102.305511 222182341.987602
0.000000 6.000000 10.000000 0.000000 0.000000 0.000000 0.000000 27125420.352127 227057748.592103
0.000000 7.000000 10.000000 0.000000 0.000000 0.000000 0.000000 27951925.625011 226786010.738629
0.000000 8.000000 10.000000 0.000000 0.000000 0.000000 0.000000 28380546.499573 224151855.447562
0.000000 9.000000 10.000000 0.000000 0.000000 0.000000 0.000000 28551051.835035 221536767.696515
0.000000 10.000000 10.000000 0.000000 0.000000 0.000000 0.000000 28546635.094770 220558994.011555
0.000000 11.000000 10.000000 0.000000 0.000000 0.000000 0.000000 28382093.335478 221803945.422728
0.000000 12.000000 10.000000 0.000000 0.000000 0.000000 0.000000 27998469.274893 224633797.406291
0.000000 13.000000 10.000000 0.000000 0.000000 0.000000 0.000000 27265481.645962 227120456.018429
0.000000 14.000000 10.000000 0.000000 0.000000 0.000000 0.000000 25996017.120648 226187736.813091
0.000000 15.000000 10.000000 0.000000 0.000000 0.000000 0.000000 23977847.436711 218069974.991842
0.000000 16.000000 10.000000 0.000000 0.000000 0.000000 0.000000 21023336.939514 199117783.745851
0.000000 17.000000 10.000000 0.000000 0.000000 0.000000 0.000000 17029898.685373 166843302.188112
0.000000 18.000000 10.000000 0.000000 0.000000 0.000000 0.000000 12034160.859183 120903989.402314
0.000000 19.000000 10.000000 0.000000 0.000000 0.000000 0.000000 6240000.445870 63681874.819771
1.000000 0.000000 10.000000 0.000000 0.000000 0.000000 0.000000 11469988.450116 106813884.399992
1.000000 1.000000 10.000000 0.000000 0.000000 0.000000 0.000000 22202600.039051 205046750.030936
1.000000 2.000000 10.000000 0.000000 0.000000 0.000000 0.000000 31593576.960478 287697526.211551
1.000000 3.000000 10.000000 0.000000 0.000000 0.000000 0.000000 39266391.301657 350506267.642633
1.000000 4.000000 10.000000 0.000000 0.000000 0.000000 0.000000 45105287.857540 392434080.402193
1.000000 5.000000 10.000000 0.000000 0.000000 0.000000 0.000000 49226089.237637 415418709.674230
1.000000 6.000000 10.000000 0.000000 0.000000 0.000000 0.000000 51904001.031950 423588445.172426
1.000000 7.000000 10.000000 0.000000 0.000000 0.000000 0.000000 53485452.105816 422209390.800597
1.000000 8.000000 10.000000 0.000000 0.000000 0.000000 0.000000 54307728.886517 416639313.055367
1.000000 9.000000 10.000000 0.000000 0.000000 0.000000 0.000000 54638596.480450 411443399.082107
1.000000 10.000000 10.000000 0.000000 0.000000 0.000000 0.000000 54637131.428793 409710614.750842
1.000000 11.000000 10.000000 0.000000 0.000000 0.000000 0.000000 54330881.658885 412538642.946644
1.000000 12.000000 10.000000 0.000000 0.000000 0.000000 0.000000 53605689.041373 418673081.960338
1.000000 13.000000 10.000000 0.000000 0.000000 0.000000 0.000000 52210470.986905 424379526.420750
1.000000 14.000000 10.000000 0.000000 0.000000 0.000000 0.000000 49785497.510183 423723879.645548
1.000000 15.000000 10.000000 0.000000 0.000000 0.000000 0.000000 45923567.380009 409457830.774986
1.000000 16.000000 10.000000 0.000000 0.000000 0.000000 0.000000 40265588.906964 374570423.155246
1.000000 17.000000 10.000000 0.000000 0.000000 0.000000 0.000000 32616210.366859 314289280.334169
1.000000 18.000000 10.000000 0.000000 0.000000 0.000000 0.000000 23047008.878230 227954105.597905
1.000000 19.000000 10.000000 0.000000 0.000000 0.000000 0.000000 11948710.448163 120086193.043881
2.000000 0.000000 10.000000 0.000000 0.000000 0.000000 0.000000 16041410.492282 145463105.118491
2.000000 1.000000 10.000000 0.000000 0.000000 0.000000 0.000000 31049511.822605 278892587.720152
2.000000 2.000000 10.000000 0.000000 0.000000 0.000000 0.000000 44178023.661285 390515392.312077
2.000000 3.000000 10.000000 0.000000 0.000000 0.000000 0.000000 54900439.608241 474466825.040977
2.000000 4.000000 10.000000 0.000000 0.000000 0.000000 0.000000 63056223.792511 529453219.566135
2.000000 5.000000 10.000000 0.000000 0.000000 0.000000 0.000000 68809421.480896 558368062.699468
2.000000 6.000000 10.000000 0.000000 0.000000 0.000000 0.000000 72547206.916746 567151890.971795
2.000000 7.000000 10.000000 0.000000 0.000000 0.000000 0.000000 74756046.642045 563284530.920928
2.000000 8.000000 10.000000 0.000000 0.000000 0.000000 0.000000 75909036.578044 554315052.285117
2.000000 9.000000 10.000000 0.000000 102.000000 204.000000 5.000000 76381220.295281 546632130.702004
2.000000 10.000000 10.000000 0.000000 102.000000 204.000000 4.000000 76394498.384293 544522391.086685
2.000000 11.000000 10.000000 0.000000 102.000000 204.000000 2.000000 75985567.515126 549462597.635719
2.000000 12.000000 10.000000 0.000000 0.000000 0.000000 0.000000 74991658.031161 559620733.606935
2.000000 13.000000 10.000000 0.000000 0.000000 0.000000 0.000000 73057915.194373 569687936.840758
2.000000 14.000000 10.000000 0.000000 0.000000 0.000000 0.000000 69677806.877773 571279062.999871
2.000000 15.000000 10.000000 0.000000 0.000000 0.000000 0.000000 64279915.858013 554187828.380883
2.000000 16.000000 10.000000 0.000000 0.000000 0.000000 0.000000 56362229.335210 508566689.015299
2.000000 17.000000 10.000000 0.000000 0.000000 0.000000 0.000000 45653636.704031 427718359.507288
2.000000 18.000000 10.000000 0.000000 0.000000 0.000000 0.000000 32257564.208570 310711617.687909
2.000000 19.000000 10.000000 0.000000 0.000000 0.000000 0.000000 16723014.657114 163827713.434614
3.000000 0.000000 10.000000 0.000000 0.000000 0.000000 0.000000 19516884.793085 170503225.925381
3.000000 1.000000 10.000000 0.000000 0.000000 0.000000 0.000000 37772506.163847 326310507.230529
3.000000 2.000000 10.000000 0.000000 0.000000 0.000000 0.000000 53734720.590258 455561306.749296
3.000000 3.000000 10.000000 0.000000 0.000000 0.000000 0.000000 66763004.324002 551281618.047755
3.000000 4.000000 10.000000 0.000000 0.000000 0.000000 0.000000 76664418.654569 612165103.245597
3.000000 5.000000 10.000000 0.000000 0.000000 0.000000 0.000000 83642596.324185 642047487.681216
3.000000 6.000000 10.000000 0.000000 102.000000 204.000000 5.000000 88172860.405917 648427375.882025
3.000000 7.000000 10.000000 0.000000 102.000000 204.000000 5.000000 90850943.868302 640591105.054919
3.000000 8.000000 10.000000 0.000000 102.000000 204.000000 5.000000 92254958.668257 627793689.054833
3.000000 9.000000 10.000000 0.000000 102.000000 204.000000 9.000000 92842065.409710 617787842.610517
3.000000 10.000000 10.000000 0.000000 102.000000 204.000000 14.000000 92881099.151787 615706798.191131
3.000000 11.000000 10.000000 0.000000 102.000000 204.000000 5.000000 92413341.980415 623232491.434011
3.000000 12.000000 10.000000 0.000000 102.000000 204.000000 5.000000 91235837.923119 638018245.777658
3.000000 13.000000 10.000000 0.000000 102.000000 204.000000 5.000000 88910981.967489 653488488.826692
3.000000 14.000000 10.000000 0.000000 102.000000 204.000000 11.000000 84817694.562139 659353525.493575
3.000000 15.000000 10.000000 0.000000 0.000000 0.000000 0.000000 78258071.814513 643132061.180633
3.000000 16.000000 10.000000 0.000000 0.000000 0.000000 0.000000 68622099.326370 592816089.973244
3.000000 17.000000 10.000000 0.000000 0.000000 0.000000 0.000000 55583054.359233 500232639.078399
3.000000 18.000000 10.000000 0.000000 0.000000 0.000000 0.000000 39271431.631050 364215364.235161
3.000000 19.000000 10.000000 0.000000 0.000000 0.000000 0.000000 20358128.861642 192288234.173691
4.000000 0.000000 10.000000 0.000000 0.000000 0.000000 0.000000 21914478.796922 182671851.375011
4.000000 1.000000 10.000000 0.000000 0.000000 0.000000 0.000000 42405900.236953 348758215.414391
4.000000 2.000000 10.000000 0.000000 0.000000 0.000000 0.000000 60311019.054936 484980997.052663
4.000000 3.000000 10.000000 0.000000 0.000000 0.000000 0.000000 74910314.883293 583732447.240815
4.000000 4.000000 10.000000 0.000000 0.000000 0.000000 0.000000 85990813.021452 643926497.811707
4.000000 5.000000 10.000000 0.000000 102.000000 204.000000 3.000000 93787399.184259 670306272.545924
4.000000 6.000000 10.000000 0.000000 102.000000 204.000000 9.000000 98841233.166002 671686316.878950
4.000000 7.000000 10.000000 0.000000 102.000000 204.000000 8.000000 101825995.666318 658683374.614853
4.000000 8.000000 10.000000 0.000000 102.000000 204.000000 9.000000 103396033.505361 641801668.449020
4.000000 9.000000 10.000000 0.000000 102.000000 204.000000 9.000000 104065458.765080 629661371.095960
4.000000 10.000000 10.000000 0.000000 102.000000 204.000000 11.000000 104134264.374549 627873862.659905
4.000000 11.000000 10.000000 0.000000 102.000000 204.000000 9.000000 103644219.973099 638154650.042423
4.000000 12.000000 10.000000 0.000000 102.000000 204.000000 12.000000 102360766.472866 657716075.136952
4.000000 13.000000 10.000000 0.000000 102.000000 204.000000 11.000000 99785736.348529 679080205.020473
4.000000 14.000000 10.000000 0.000000 102.000000 204.000000 7.000000 95215997.961667 690643639.073212
4.000000 15.000000 10.000000 0.000000 102.000000 204.000000 5.000000 87865645.953919 678399890.528222
4.000000 16.000000 10.000000 0.000000 0.000000 0.000000 0.000000 77051015.694012 628892391.929264
4.000000 17.000000 10.000000 0.000000 0.000000 0.000000 0.000000 62409636.741384 532949235.270193
4.000000 18.000000 10.000000 0.000000 0.000000 0.000000 0.000000 44092853.920204 389182173.852998
4.000000 19.000000 10.000000 0.000000 0.000000 0.000000 0.000000 22856388.315239 205813784.180987
5.000000 0.000000 10.000000 0.000000 0.000000 0.000000 0.000000 23407833.257037 184901553.766589
5.000000 1.000000 10.000000 0.000000 0.000000 0.000000 0.000000 45285538.976711 351960588.440212
5.000000 2.000000 10.000000 0.000000 0.000000 0.000000 0.000000 64384017.626873 487023257.604344
5.000000 3.000000 10.000000 0.000000 0.000000 0.000000 0.000000 79933810.301882 582229060.036477
5.000000 4.000000 10.000000 0.000000 102.000000 204.000000 6.000000 91712109.706621 636879510.819922
5.000000 5.000000 10.000000 0.000000 102.000000 204.000000 6.000000 99978408.131415 656579616.323110
5.000000 6.000000 10.000000 0.000000 102.000000 204.000000 10.000000 105320039.217617 651184367.132887
5.000000 7.000000 10.000000 0.000000 102.000000 204.000000 8.000000 108466547.591257 632354219.516701
5.000000 8.000000 10.000000 104.000000 24.000000 24.000000 8.000000 110120773.647448 611301140.505017
5.000000 9.000000 10.000000 0.000000 102.000000 204.000000 6.000000 110834295.768365 597130204.610232
5.000000 10.000000 10.000000 104.000000 24.000000 24.000000 8.000000 110925337.580269 595611658.476560
5.000000 11.000000 10.000000 104.000000 24.000000 24.000000 13.000000 110432986.719723 608349586.041696
5.000000 12.000000 10.000000 0.000000 102.000000 204.000000 5.000000 109099782.112913 632220960.774203
5.000000 13.000000 10.000000 104.000000 24.000000 24.000000 7.000000 106386443.256285 659185240.037991
5.000000 14.000000 10.000000 0.000000 102.000000 204.000000 14.000000 101537926.793526 676933935.428385
5.000000 15.000000 10.000000 0.000000 102.000000 204.000000 6.000000 93711664.720143 670567870.647118
5.000000 16.000000 10.000000 0.000000 102.000000 204.000000 7.000000 82181662.362244 625897236.722300
5.000000 17.000000 10.000000 0.000000 0.000000 0.000000 0.000000 66564630.971709 533141482.843424
5.000000 18.000000 10.000000 0.000000 0.000000 0.000000 0.000000 47026358.078100 390692103.126456
5.000000 19.000000 10.000000 0.000000 0.000000 0.000000 0.000000 24376287.264106 207042298.363077
6.000000 0.000000 10.000000 0.000000 0.000000 0.000000 0.000000 24246115.002947 181222529.940834
6.000000 1.000000 10.000000 0.000000 0.000000 0.000000 0.000000 46893786.918613 343763520.015767
6.000000 2.000000 10.000000 0.000000 0.000000 0.000000 0.000000 66640099.165883 472945864.896726
6.000000 3.000000 10.000000 0.000000 102.000000 204.000000 5.000000 82686087.818371 560886652.122334
6.000000 4.000000 10.000000 0.000000 102.000000 204.000000 5.000000 94806354.549854 607362739.850184
6.000000 5.000000 10.000000 104.000000 24.000000 24.000000 10.000000 103280143.209707 618768567.139856
6.000000 6.000000 10.000000 0.000000 102.000000 204.000000 7.000000 108728232.991342 605826067.539691
6.000000 7.000000 10.000000 104.000000 24.000000 24.000000 5.000000 111917122.905022 580902540.585424
6.000000 8.000000 10.000000 104.000000 24.000000 24.000000 7.000000 113582430.578786 555665533.610683
6.000000 9.000000 10.000000 104.000000 24.000000 24.000000 12.000000 114297759.615667 539369809.230065
6.000000 10.000000 10.000000 104.000000 24.000000 24.000000 8.000000 114390864.305205 537731044.411381
6.000000 11.000000 10.000000 104.000000 24.000000 24.000000 10.000000 113897229.037840 552171455.435823
6.000000 12.000000 10.000000 104.000000 24.000000 24.000000 6.000000 112543538.182352 579324608.116178
6.000000 13.000000 10.000000 104.000000 24.000000 24.000000 8.000000 109765965.575737 610907709.585577
6.000000 14.000000 10.000000 0.000000 102.000000 204.000000 10.000000 104778890.688310 634330429.118875
6.000000 15.000000 10.000000 104.000000 24.000000 24.000000 60.000000 96712284.658994 634485382.344964
6.000000 16.000000 10.000000 0.000000 102.000000 204.000000 10.000000 84815886.935956 596845028.219093
6.000000 17.000000 10.000000 0.000000 102.000000 204.000000 10.000000 68697680.249747 511372744.212568
6.000000 18.000000 10.000000 0.000000 0.000000 0.000000 0.000000 48531934.209961 376249378.596123
6.000000 19.000000 10.000000 0.000000 0.000000 0.000000 0.000000 25156038.302067 199855961.209732
7.000000 0.000000 10.000000 0.000000 0.000000 0.000000 0.000000 24678978.190661 175666665.161116
7.000000 1.000000 10.000000 0.000000 0.000000 0.000000 0.000000 47714221.238441 332000282.973438
7.000000 2.000000 10.000000 0.000000 0.000000 0.000000 0.000000 67767908.657355 453945578.516339
7.000000 3.000000 10.000000 0.000000 102.000000 204.000000 5.000000 84023547.977783 533673812.883881
7.000000 4.000000 10.000000 0.000000 102.000000 204.000000 12.000000 96257198.613004 571430068.307886
7.000000 5.000000 10.000000 104.000000 24.000000 24.000000 9.000000 104765052.247707 574329792.287933
7.000000 6.000000 10.000000 104.000000 24.000000 24.000000 6.000000 110193633.932324 553832842.360235
7.000000 7.000000 10.000000 104.000000 24.000000 24.000000 10.000000 113336209.225161 522858824.491582
7.000000 8.000000 10.000000 104.000000 24.000000 24.000000 6.000000 114951059.616117 493367569.714397
7.000000 9.000000 10.000000 104.000000 24.000000 24.000000 10.000000 115625486.374422 474617015.988810
7.000000 10.000000 10.000000 104.000000 24.000000 24.000000 7.000000 115692291.425842 472175378.092551
7.000000 11.000000 10.000000 104.000000 24.000000 24.000000 8.000000 115183270.120508 487258428.165395
7.000000 12.000000 10.000000 104.000000 24.000000 24.000000 11.000000 113815606.437325 516361746.839909
7.000000 13.000000 10.000000 104.000000 24.000000 24.000000 8.000000 111012269.121103 551169644.154601
7.000000 14.000000 10.000000 104.000000 24.000000 24.000000 12.000000 105974053.629334 579167397.470775
7.000000 15.000000 10.000000 0.000000 102.000000 204.000000 13.000000 97818598.230073 585349176.801593
7.000000 16.000000 10.000000 0.000000 102.000000 204.000000 16.000000 85786869.159021 555225346.762216
7.000000 17.000000 10.000000 0.000000 102.000000 204.000000 5.000000 69483666.810920 478699021.626673
7.000000 18.000000 10.000000 0.000000 0.000000 0.000000 0.000000 49086440.183491 353728144.394018
7.000000 19.000000 10.000000 0.000000 0.000000 0.000000 0.000000 25443178.588431 188367774.215551
8.000000 0.000000 10.000000 0.000000 0.000000 0.000000 0.000000 24905629.046105 171440996.909861
8.000000 1.000000 10.000000 0.000000 0.000000 0.000000 0.000000 48133031.378580 322891741.807199
8.000000 2.000000 10.000000 0.000000 0.000000 0.000000 0.000000 68318203.523581 438892275.891364
8.000000 3.000000 10.000000 0.000000 102.000000 204.000000 13.000000 84632430.052074 511610883.627740
8.000000 4.000000 10.000000 0.000000 102.000000 204.000000 9.000000 96854934.194609 541690481.899253
8.000000 5.000000 10.000000 104.000000 24.000000 24.000000 16.000000 105297506.055493 536890925.134407
8.000000 6.000000 10.000000 104.000000 24.000000 24.000000 11.000000 110629095.609612 509361161.426023
8.000000 7.000000 10.000000 104.000000 24.000000 24.000000 10.000000 113665840.135513 472550772.260898
8.000000 8.000000 10.000000 104.000000 24.000000 24.000000 10.000000 115183742.956280 438679139.647074
8.000000 9.000000 10.000000 104.000000 24.000000 24.000000 8.000000 115780830.210279 417020921.937462
8.000000 10.000000 10.000000 104.000000 24.000000 24.000000 7.000000 115792546.135129 412983854.109431
8.000000 11.000000 10.000000 104.000000 24.000000 24.000000 6.000000 115248074.535721 427612812.350547
8.000000 12.000000 10.000000 104.000000 24.000000 24.000000 10.000000 113858970.281211 457322855.071639
8.000000 13.000000 10.000000 104.000000 24.000000 24.000000 6.000000 111042879.651331 493892636.604759
8.000000 14.000000 10.000000 104.000000 24.000000 24.000000 7.000000 105996495.609772 525034942.507303
8.000000 15.000000 10.000000 104.000000 24.000000 24.000000 6.000000 97835428.677020 536029480.849131
8.000000 16.000000 10.000000 0.000000 102.000000 204.000000 17.000000 85799566.654039 512593132.467015
8.000000 17.000000 10.000000 0.000000 102.000000 204.000000 5.000000 69493070.157143 444652571.549338
8.000000 18.000000 10.000000 0.000000 0.000000 0.000000 0.000000 49092933.352790 329964515.718361
8.000000 19.000000 10.000000 0.000000 0.000000 0.000000 0.000000 25446507.387652 176147634.245691
9.000000 0.000000 10.000000 0.000000 0.000000 0.000000 0.000000 25050887.462593 170460013.908252
9.000000 1.000000 10.000000 0.000000 0.000000 0.000000 0.000000 48392948.977499 320160719.100927
9.000000 2.000000 10.000000 0.000000 102.000000 204.000000 4.000000 68638942.331539 433113419.032822
9.000000 3.000000 10.000000 0.000000 102.000000 204.000000 7.000000 84949383.646529 501350994.012216
9.000000 4.000000 10.000000 0.000000 102.000000 204.000000 15.000000 97106876.629275 525794564.672218
9.000000 5.000000 10.000000 104.000000 24.000000 24.000000 12.000000 105438262.461108 514780106.595380
9.000000 6.000000 10.000000 104.000000 24.000000 24.000000 13.000000 110634232.697237 481138867.246674
9.000000 7.000000 10.000000 104.000000 24.000000 24.000000 12.000000 113532573.933132 438897351.828194
9.000000 8.000000 10.000000 104.000000 24.000000 24.000000 11.000000 114926456.552944 400634279.200885
9.000000 9.000000 10.000000 104.000000 24.000000 24.000000 5.000000 115422768.815134 375704035.366831
9.000000 10.000000 10.000000 104.000000 24.000000 24.000000 8.000000 115359166.169438 369428162.119509
9.000000 11.000000 10.000000 104.000000 24.000000 24.000000 8.000000 114762341.822421 382710701.565199
9.000000 12.000000 10.000000 104.000000 24.000000 24.000000 8.000000 113340680.941749 411916863.965054
9.000000 13.000000 10.000000 104.000000 24.000000 24.000000 6.000000 110510320.282454 448929088.837844
9.000000 14.000000 10.000000 104.000000 24.000000 24.000000 5.000000 105469526.306162 481721253.004930
9.000000 15.000000 10.000000 104.000000 24.000000 24.000000 7.000000 97337170.286498 495888336.840361
9.000000 16.000000 10.000000 104.000000 24.000000 24.000000 17.000000 85356134.504010 477392132.235936
9.000000 17.000000 10.000000 0.000000 102.000000 204.000000 12.000000 69131399.425690 416229255.420722
9.000000 18.000000 10.000000 0.000000 102.000000 204.000000 4.000000 48836704.843444 309962316.398581
9.000000 19.000000 10.000000 0.000000 0.000000 0.000000 0.000000 25313772.454768 165817886.122686
10.000000 0.000000 10.000000 0.000000 0.000000 0.000000 0.000000 25161098.930049 173216127.624039
10.000000 1.000000 10.000000 0.000000 0.000000 0.000000 0.000000 48585728.477168 324807211.484077
10.000000 2.000000 10.000000 0.000000 102.000000 204.000000 5.000000 68865330.314201 438133295.817368
10.000000 3.000000 10.000000 0.000000 102.000000 204.000000 12.000000 85150376.271690 504950243.262571
10.000000 4.000000 10.000000 104.000000 24.000000 24.000000 13.000000 97226296.647827 526316917.545604
10.000000 5.000000 10.000000 104.000000 24.000000 24.000000 16.000000 105434211.528293 511056395.045953
10.000000 6.000000 10.000000 104.000000 24.000000 24.000000 8.000000 110485339.689579 472657461.813006
10.000000 7.000000 10.000000 104.000000 24.000000 24.000000 16.000000 113238665.379829 425788592.825625
10.000000 8.000000 10.000000 104.000000 24.000000 24.000000 6.000000 114502912.012863 383469902.717526
10.000000 9.000000 10.000000 104.000000 24.000000 24.000000 8.000000 114893374.725370 355261482.890057
10.000000 10.000000 10.000000 104.000000 24.000000 24.000000 6.000000 114748545.635569 346464584.613415
10.000000 11.000000 10.000000 104.000000 24.000000 24.000000 5.000000 114092450.730210 357877732.306768
10.000000 12.000000 10.000000 104.000000 24.000000 24.000000 7.000000 112630866.755379 385795191.129861
10.000000 13.000000 10.000000 104.000000 24.000000 24.000000 5.000000 109780500.105328 422156927.606542
10.000000 14.000000 10.000000 104.000000 24.000000 24.000000 5.000000 104743993.311422 455132802.025567
10.000000 15.000000 10.000000 104.000000 24.000000 24.000000 6.000000 96646832.626310 470586921.049860
10.000000 16.000000 10.000000 104.000000 24.000000 24.000000 14.000000 84737852.460083 454718177.883797
10.000000 17.000000 10.000000 0.000000 102.000000 204.000000 17.000000 68623854.302721 397602243.798493
10.000000 18.000000 10.000000 0.000000 102.000000 204.000000 5.000000 48475641.789024 296702024.479661
10.000000 19.000000 10.000000 0.000000 0.000000 0.000000 0.000000 25125902.220782 158915017.640150
11.000000 0.000000 10.000000 0.000000 0.000000 0.000000 0.000000 25210326.885529 178918283.721846
11.000000 1.000000 10.000000 0.000000 0.000000 0.000000 0.000000 48663996.843048 335384082.815390
11.000000 2.000000 10.000000 0.000000 102.000000 204.000000 5.000000 68936861.941369 452096316.326867
11.000000 3.000000 10.000000 0.000000 102.000000 204.000000 6.000000 85171574.348663 520433505.229079
11.000000 4.000000 10.000000 0.000000 102.000000 204.000000 10.000000 97156259.775654 541460194.491223
11.000000 5.000000 10.000000 0.000000 102.000000 204.000000 5.000000 105243120.752403 524324890.150168
11.000000 6.000000 10.000000 104.000000 24.000000 24.000000 7.000000 110160345.165482 483077474.523041
11.000000 7.000000 10.000000 104.000000 24.000000 24.000000 13.000000 112783670.140861 432986434.053379
11.000000 8.000000 10.000000 104.000000 24.000000 24.000000 4.000000 113934172.553010 387553186.724868
11.000000 9.000000 10.000000 104.000000 24.000000 24.000000 9.000000 114232400.416501 356598391.546479
11.000000 10.000000 10.000000 104.000000 24.000000 24.000000 12.000000 114016182.505000 345471275.599829
11.000000 11.000000 10.000000 104.000000 24.000000 24.000000 4.000000 113305957.865687 354881367.616412
11.000000 12.000000 10.000000 104.000000 24.000000 24.000000 8.000000 111805158.494726 381016268.892909
11.000000 13.000000 10.000000 104.000000 24.000000 24.000000 7.000000 108932520.490235 415801494.768222
11.000000 14.000000 10.000000 104.000000 24.000000 24.000000 5.000000 103897586.396428 447518007.369682
11.000000 15.000000 10.000000 104.000000 24.000000 24.000000 7.000000 95835811.948306 462243852.207642
11.000000 16.000000 10.000000 0.000000 102.000000 204.000000 12.000000 84005221.630243 446403080.241722
11.000000 17.000000 10.000000 0.000000 102.000000 204.000000 11.000000 68018145.422968 390245935.569995
11.000000 18.000000 10.000000 0.000000 102.000000 204.000000 5.000000 48041056.221398 291160707.934177
11.000000 19.000000 10.000000 0.000000 0.000000 0.000000 0.000000 24898903.238454 155944330.132626
12.000000 0.000000 10.000000 0.000000 0.000000 0.000000 0.000000 25109173.881841 185790424.412887
12.000000 1.000000 10.000000 0.000000 0.000000 0.000000 0.000000 48457919.732302 348565622.818514
12.000000 2.000000 10.000000 0.000000 0.000000 0.000000 0.000000 68619066.104675 470523228.765513
12.000000 3.000000 10.000000 0.000000 102.000000 204.000000 6.000000 84734497.625439 542688865.155573
12.000000 4.000000 10.000000 0.000000 102.000000 204.000000 9.000000 96594239.641420 565970765.397246
12.000000 5.000000 10.000000 0.000000 102.000000 204.000000 6.000000 104556448.018824 549628351.880999
12.000000 6.000000 10.000000 104.000000 24.000000 24.000000 6.000000 109356816.104246 508012626.145149
12.000000 7.000000 10.000000 104.000000 24.000000 24.000000 7.000000 111878357.978696 456804361.455506
12.000000 8.000000 10.000000 104.000000 24.000000 24.000000 5.000000 112946053.853283 409878449.344401
12.000000 9.000000 10.000000 104.000000 24.000000 24.000000 9.000000 113180204.744766 377298929.294647
12.000000 10.000000 10.000000 104.000000 24.000000 24.000000 10.000000 112914799.909660 364473666.077106
12.000000 11.000000 10.000000 104.000000 24.000000 24.000000 4.000000 112166019.174897 372033757.700524
12.000000 12.000000 10.000000 104.000000 24.000000 24.000000 4.000000 110636268.995149 396048123.713647
12.000000 13.000000 10.000000 104.000000 24.000000 24.000000 8.000000 107749085.227485 428381225.035479
12.000000 14.000000 10.000000 104.000000 24.000000 24.000000 7.000000 102725283.228952 457389954.357120
12.000000 15.000000 10.000000 0.000000 102.000000 204.000000 5.000000 94715496.332545 469359706.291389
12.000000 16.000000 10.000000 0.000000 102.000000 204.000000 10.000000 82992621.305587 451004986.707579
12.000000 17.000000 10.000000 0.000000 102.000000 204.000000 6.000000 67177274.099977 392812224.064052
12.000000 18.000000 10.000000 0.000000 0.000000 0.000000 0.000000 47437163.186395 292379215.066606
12.000000 19.000000 10.000000 0.000000 0.000000 0.000000 0.000000 24582552.067934 156375245.819283
13.000000 0.000000 10.000000 0.000000 0.000000 0.000000 0.000000 24712849.866106 191405807.051726
13.000000 1.000000 10.000000 0.000000 0.000000 0.000000 0.000000 47689520.100720 359748521.763173
13.000000 2.000000 10.000000 0.000000 0.000000 0.000000 0.000000 67522223.138494 487102763.913862
13.000000 3.000000 10.000000 0.000000 102.000000 204.000000 5.000000 83363978.269815 564264097.086138
13.000000 4.000000 10.000000 0.000000 102.000000 204.000000 14.000000 95008138.325170 591881185.148510
13.000000 5.000000 10.000000 104.000000 24.000000 24.000000 7.000000 102809168.144251 578984848.962483
13.000000 6.000000 10.000000 104.000000 24.000000 24.000000 7.000000 107495487.661896 539831194.032715
13.000000 7.000000 10.000000 104.000000 24.000000 24.000000 5.000000 109940841.627974 490139146.341442
13.000000 8.000000 10.000000 104.000000 24.000000 24.000000 11.000000 110960103.461096 443891941.933895
13.000000 9.000000 10.000000 104.000000 24.000000 24.000000 11.000000 111163657.329500 411251581.277180
13.000000 10.000000 10.000000 104.000000 24.000000 24.000000 12.000000 110877137.939114 397641158.792597
13.000000 11.000000 10.000000 104.000000 24.000000 24.000000 4.000000 110112401.635313 403626041.701518
13.000000 12.000000 10.000000 104.000000 24.000000 24.000000 12.000000 108574111.163031 425180324.609356
13.000000 13.000000 10.000000 104.000000 24.000000 24.000000 6.000000 105696854.369439 454153328.750942
13.000000 14.000000 10.000000 104.000000 24.000000 24.000000 5.000000 100720691.055962 479033146.135386
13.000000 15.000000 10.000000 104.000000 24.000000 24.000000 9.000000 92820841.449009 486426254.605222
13.000000 16.000000 10.000000 0.000000 102.000000 204.000000 13.000000 81293706.590247 463488026.950657
13.000000 17.000000 10.000000 0.000000 102.000000 204.000000 7.000000 65775171.252023 401153772.494391
13.000000 18.000000 10.000000 0.000000 0.000000 0.000000 0.000000 46432548.022788 297298456.373797
13.000000 19.000000 10.000000 0.000000 0.000000 0.000000 0.000000 24057322.043191 158607892.406922
14.000000 0.000000 10.000000 0.000000 0.000000 0.000000 0.000000 23829985.483182 192949885.697813
14.000000 1.000000 10.000000 0.000000 0.000000 0.000000 0.000000 45989178.422785 363530714.362249
14.000000 2.000000 10.000000 0.000000 0.000000 0.000000 0.000000 65121894.067059 494249990.201879
14.000000 3.000000 10.000000 0.000000 102.000000 204.000000 6.000000 80411543.174872 575946269.719926
14.000000 4.000000 10.000000 0.000000 102.000000 204.000000 7.000000 91656660.220615 608901249.957601
14.000000 5.000000 10.000000 0.000000 102.000000 204.000000 9.000000 99196894.039982 601566071.392232
14.000000 6.000000 10.000000 0.000000 102.000000 204.000000 8.000000 103732401.795095 567569847.224041
14.000000 7.000000 10.000000 104.000000 24.000000 24.000000 5.000000 106104472.192396 522138701.425132
14.000000 8.000000 10.000000 104.000000 24.000000 24.000000 8.000000 107097593.751283 478940565.350434
14.000000 9.000000 10.000000 104.000000 24.000000 24.000000 5.000000 107298354.342026 447969012.274262
14.000000 10.000000 10.000000 104.000000 24.000000 24.000000 4.000000 107017601.409398 434552439.357176
14.000000 11.000000 10.000000 104.000000 24.000000 24.000000 6.000000 106263334.237513 439196950.903374
14.000000 12.000000 10.000000 104.000000 24.000000 24.000000 6.000000 104748855.817627 457878151.280502
14.000000 13.000000 10.000000 104.000000 24.000000 24.000000 5.000000 101930294.258531 482570373.589102
14.000000 14.000000 10.000000 104.000000 24.000000 24.000000 10.000000 97080885.390650 502103665.033350
14.000000 15.000000 10.000000 0.000000 102.000000 204.000000 6.000000 89415336.299139 503654201.737173
14.000000 16.000000 10.000000 0.000000 102.000000 204.000000 5.000000 78267022.565570 475097447.362675
14.000000 17.000000 10.000000 0.000000 102.000000 204.000000 7.000000 63294699.780409 408043462.481974
14.000000 18.000000 10.000000 0.000000 0.000000 0.000000 0.000000 44664201.965951 300778891.750746
14.000000 19.000000 10.000000 0.000000 0.000000 0.000000 0.000000 23135467.576583 159956087.125886
15.000000 0.000000 10.000000 0.000000 0.000000 0.000000 0.000000 22240304.371171 187442894.355492
15.000000 1.000000 10.000000 0.000000 0.000000 0.000000 0.000000 42929168.415712 354105988.690583
15.000000 2.000000 10.000000 0.000000 0.000000 0.000000 0.000000 60806803.218330 483639401.112619
15.000000 3.000000 10.000000 0.000000 0.000000 0.000000 0.000000 75112302.486387 567280249.219212
15.000000 4.000000 10.000000 0.000000 102.000000 204.000000 5.000000 85654782.478612 604935451.517722
15.000000 5.000000 10.000000 0.000000 102.000000 204.000000 9.000000 92745462.530729 604102405.213115
15.000000 6.000000 10.000000 0.000000 102.000000 204.000000 8.000000 97031331.496290 577211773.018645
15.000000 7.000000 10.000000 0.000000 102.000000 204.000000 8.000000 99292003.273750 538361084.885904
15.000000 8.000000 10.000000 0.000000 102.000000 204.000000 5.000000 100255526.427710 500353934.786507
15.000000 9.000000 10.000000 104.000000 24.000000 24.000000 12.000000 100466358.963612 472638948.356481
15.000000 10.000000 10.000000 104.000000 24.000000 24.000000 7.000000 100211984.895972 460275488.759451
15.000000 11.000000 10.000000 0.000000 102.000000 204.000000 5.000000 99497474.033136 463715601.962445
15.000000 12.000000 10.000000 104.000000 24.000000 24.000000 8.000000 98053870.061685 479082027.555595
15.000000 13.000000 10.000000 104.000000 24.000000 24.000000 7.000000 95374941.004660 498749315.998490
15.000000 14.000000 10.000000 0.000000 102.000000 204.000000 9.000000 90787322.644595 512235333.126091
15.000000 15.000000 10.000000 0.000000 102.000000 204.000000 8.000000 83566964.171702 507686584.351121
15.000000 16.000000 10.000000 0.000000 102.000000 204.000000 7.000000 73102498.626850 474071142.206113
15.000000 17.000000 10.000000 0.000000 0.000000 0.000000 0.000000 59085324.786781 403950310.135817
15.000000 18.000000 10.000000 0.000000 0.000000 0.000000 0.000000 41675651.485457 296091735.236431
15.000000 19.000000 10.000000 0.000000 0.000000 0.000000 0.000000 21581426.932687 156936422.515145
16.000000 0.000000 10.000000 0.000000 0.000000 0.000000 0.000000 19731547.403255 172075553.508718
16.000000 1.000000 10.000000 0.000000 0.000000 0.000000 0.000000 38095968.211760 325932062.913163
16.000000 2.000000 10.000000 0.000000 0.000000 0.000000 0.000000 53982029.067852 447141801.567349
16.000000 3.000000 10.000000 0.000000 0.000000 0.000000 0.000000 66716502.381176 527798548.629237
16.000000 4.000000 10.000000 0.000000 0.000000 0.000000 0.000000 76126816.411459 567495128.166789
16.000000 5.000000 10.000000 0.000000 102.000000 204.000000 7.000000 82482220.457912 572471930.604684
16.000000 6.000000 10.000000 0.000000 102.000000 204.000000 9.000000 86348668.973158 553402370.187130
16.000000 7.000000 10.000000 0.000000 102.000000 204.000000 13.000000 88410680.836218 522585554.167112
16.000000 8.000000 10.000000 0.000000 102.000000 204.000000 7.000000 89309284.661405 491344214.165007
16.000000 9.000000 10.000000 0.000000 102.000000 204.000000 8.000000 89524491.685077 468120424.090299
16.000000 10.000000 10.000000 0.000000 102.000000 204.000000 9.000000 89309506.051653 457467295.325658
16.000000 11.000000 10.000000 0.000000 102.000000 204.000000 8.000000 88667504.083548 459782000.547015
16.000000 12.000000 10.000000 0.000000 102.000000 204.000000 11.000000 87359122.901340 471538756.966899
16.000000 13.000000 10.000000 0.000000 102.000000 204.000000 11.000000 84936503.256852 485879368.306805
16.000000 14.000000 10.000000 0.000000 102.000000 204.000000 5.000000 80806226.084232 493483711.958564
16.000000 15.000000 10.000000 0.000000 102.000000 204.000000 4.000000 74333183.677988 483966746.592044
16.000000 16.000000 10.000000 0.000000 0.000000 0.000000 0.000000 64984099.830276 447826478.476423
16.000000 17.000000 10.000000 0.000000 0.000000 0.000000 0.000000 52493838.814234 378833853.688199
16.000000 18.000000 10.000000 0.000000 0.000000 0.000000 0.000000 37009747.948898 276236684.945190
16.000000 19.000000 10.000000 0.000000 0.000000 0.000000 0.000000 19159756.403596 145955437.758892
17.000000 0.000000 10.000000 0.000000 0.000000 0.000000 0.000000 16160278.865657 144835978.241159
17.000000 1.000000 10.000000 0.000000 0.000000 0.000000 0.000000 31208639.698490 274968108.106752
17.000000 2.000000 10.000000 0.000000 0.000000 0.000000 0.000000 44240465.875671 378685767.415360
17.000000 3.000000 10.000000 0.000000 0.000000 0.000000 0.000000 54705917.701290 449439525.852716
17.000000 4.000000 10.000000 0.000000 0.000000 0.000000 0.000000 62460948.827641 486651931.757259
17.000000 5.000000 10.000000 0.000000 0.000000 0.000000 0.000000 67720237.608389 495102425.095495
17.000000 6.000000 10.000000 0.000000 102.000000 204.000000 5.000000 70940244.846471 483218760.206509
17.000000 7.000000 10.000000 0.000000 102.000000 204.000000 5.000000 72675541.596579 460875444.184602
17.000000 8.000000 10.000000 0.000000 102.000000 204.000000 6.000000 73446956.861307 437275953.853265
17.000000 9.000000 10.000000 0.000000 102.000000 204.000000 5.000000 73645478.714962 419361096.204583
17.000000 10.000000 10.000000 0.000000 102.000000 204.000000 15.000000 73477408.358894 410900835.850540
17.000000 11.000000 10.000000 0.000000 102.000000 204.000000 7.000000 72944760.824923 412223695.543985
17.000000 12.000000 10.000000 0.000000 102.000000 204.000000 6.000000 71851358.898514 420395352.184932
17.000000 13.000000 10.000000 0.000000 102.000000 204.000000 6.000000 69831325.792020 429744580.468410
17.000000 14.000000 10.000000 0.000000 102.000000 204.000000 5.000000 66401642.071675 432647947.588064
17.000000 15.000000 10.000000 0.000000 0.000000 0.000000 0.000000 61047359.674339 420722796.985247
17.000000 16.000000 10.000000 0.000000 0.000000 0.000000 0.000000 53338372.608990 386419658.554460
17.000000 17.000000 10.000000 0.000000 0.000000 0.000000 0.000000 43063940.792562 324930281.490714
17.000000 18.000000 10.000000 0.000000 0.000000 0.000000 0.000000 30348848.134039 235899476.394695
17.000000 19.000000 10.000000 0.000000 0.000000 0.000000 0.000000 15707261.283622 124312499.817505
18.000000 0.000000 10.000000 0.000000 0.000000 0.000000 0.000000 11523512.345790 105358473.508801
18.000000 1.000000 10.000000 0.000000 0.000000 0.000000 0.000000 22258814.268854 200374800.835244
18.000000 2.000000 10.000000 0.000000 0.000000 0.000000 0.000000 31564112.654158 276772927.365259
18.000000 3.000000 10.000000 0.000000 0.000000 0.000000 0.000000 39048264.096134 329849425.428210
18.000000 4.000000 10.000000 0.000000 0.000000 0.000000 0.000000 44606941.077175 359055483.380088
18.000000 5.000000 10.000000 0.000000 0.000000 0.000000 0.000000 48389386.564751 367591828.030883
18.000000 6.000000 10.000000 0.000000 102.000000 204.000000 2.000000 50717096.392542 361286173.786451
18.000000 7.000000 10.000000 0.000000 102.000000 204.000000 3.000000 51981535.080604 347039129.794699
18.000000 8.000000 10.000000 0.000000 102.000000 204.000000 3.000000 52551917.860983 331371136.092374
18.000000 9.000000 10.000000 0.000000 102.000000 204.000000 6.000000 52705786.985370 319235139.223483
18.000000 10.000000 10.000000 0.000000 102.000000 204.000000 4.000000 52589818.998321 313342738.504247
18.000000 11.000000 10.000000 0.000000 102.000000 204.000000 5.000000 52205274.952783 313931097.710369
18.000000 12.000000 10.000000 0.000000 102.000000 204.000000 1.000000 51412301.517842 318887694.746677
18.000000 13.000000 10.000000 0.000000 102.000000 204.000000 1.000000 49950739.905623 324150798.114331
18.000000 14.000000 10.000000 0.000000 0.000000 0.000000 0.000000 47477749.977388 324296983.530708
18.000000 15.000000 10.000000 0.000000 0.000000 0.000000 0.000000 43629098.898017 313429613.012670
18.000000 16.000000 10.000000 0.000000 0.000000 0.000000 0.000000 38101870.823848 286310254.092247
18.000000 17.000000 10.000000 0.000000 0.000000 0.000000 0.000000 30749463.595873 239683845.488162
18.000000 18.000000 10.000000 0.000000 0.000000 0.000000 0.000000 21663125.409476 173444120.894039
18.000000 19.000000 10.000000 0.000000 0.000000 0.000000 0.000000 11209518.310600 91219320.176544
19.000000 0.000000 10.000000 0.000000 0.000000 0.000000 0.000000 6010480.039009 55623881.898675
19.000000 1.000000 10.000000 0.000000 0.000000 0.000000 0.000000 11611443.113450 105904621.037884
19.000000 2.000000 10.000000 0.000000 0.000000 0.000000 0.000000 16469273.717383 146553707.021585
19.000000 3.000000 10.000000 0.000000 0.000000 0.000000 0.000000 20380267.866575 175108228.143065
19.000000 4.000000 10.000000 0.000000 0.000000 0.000000 0.000000 23289428.235020 191235243.622840
19.000000 5.000000 10.000000 0.000000 0.000000 0.000000 0.000000 25273322.348194 196535166.275382
19.000000 6.000000 10.000000 0.000000 0.000000 0.000000 0.000000 26498032.121946 193976204.015387
19.000000 7.000000 10.000000 0.000000 0.000000 0.000000 0.000000 27166586.913840 187115154.982616
19.000000 8.000000 10.000000 0.000000 102.000000 204.000000 1.000000 27470758.130264 179333721.116066
19.000000 9.000000 10.000000 0.000000 0.000000 0.000000 0.000000 27554938.406660 173216608.461908
19.000000 10.000000 10.000000 0.000000 0.000000 0.000000 0.000000 27495496.077155 170184244.178905
19.000000 11.000000 10.000000 0.000000 0.000000 0.000000 0.000000 27293048.632657 170361753.556716
19.000000 12.000000 10.000000 0.000000 0.000000 0.000000 0.000000 26874790.960876 172644928.253425
19.000000 13.000000 10.000000 0.000000 0.000000 0.000000 0.000000 26105167.008153 174907270.320084
19.000000 14.000000 10.000000 0.000000 0.000000 0.000000 0.000000 24806032.155784 174331023.527436
19.000000 15.000000 10.000000 0.000000 0.000000 0.000000 0.000000 22788312.864577 167867635.903455
19.000000 16.000000 10.000000 0.000000 0.000000 0.000000 0.000000 19895319.190250 152836650.776158
19.000000 17.000000 10.000000 0.000000 0.000000 0.000000 0.000000 16051799.207155 127599723.902350
19.000000 18.000000 10.000000 0.000000 0.000000 0.000000 0.000000 11306130.333815 92151431.198636
19.000000 19.000000 10.000000 0.000000 0.000000 0.000000 0.000000 5849513.073164 48405781.948057
0.000000 0.000000 15.000000 0.000000 0.000000 0.000000 0.000000 5203806.554719 52237535.366985
0.000000 1.000000 15.000000 0.000000 0.000000 0.000000 0.000000 10071704.784004 100552843.855241
0.000000 2.000000 15.000000 0.000000 0.000000 0.000000 0.000000 14328647.586250 141728342.349536
0.000000 3.000000 15.000000 0.000000 0.000000 0.000000 0.000000 17803224.346288 173755969.263273
0.000000 4.000000 15.000000 0.000000 0.000000 0.000000 0.000000 20442593.810158 196053700.205052
0.000000 5.000000 15.000000 0.000000 0.000000 0.000000 0.000000 22298966.582073 209361051.963524
0.000000 6.000000 15.000000 0.000000 0.000000 0.000000 0.000000 23497558.125679 215429911.730643
0.000000 7.000000 15.000000 0.000000 0.000000 0.000000 0.000000 24196892.307242 216576921.226163
0.000000 8.000000 15.000000 0.000000 0.000000 0.000000 0.000000 24552186.853845 215214395.575051
0.000000 9.000000 15.000000 0.000000 0.000000 0.000000 0.000000 24686788.918698 213409116.279715
0.000000 10.000000 15.000000 0.000000 0.000000 0.000000 0.000000 24673090.998693 212522496.037591
0.000000 11.000000 15.000000 0.000000 0.000000 0.000000 0.000000 24521553.825560 212951852.411375
0.000000 12.000000 15.000000 0.000000 0.000000 0.000000 0.000000 24176991.605689 214000186.141558
0.000000 13.000000 15.000000 0.000000 0.000000 0.000000 0.000000 23523063.326673 213905932.641630
0.000000 14.000000 15.000000 0.000000 0.000000 0.000000 0.000000 22397765.655767 210071876.610070
0.000000 15.000000 15.000000 0.000000 0.000000 0.000000 0.000000 20622731.499780 199524182.137389
0.000000 16.000000 15.000000 0.000000 0.000000 0.000000 0.000000 18045604.881857 179575580.498613
0.000000 17.000000 15.000000 0.000000 0.000000 0.000000 0.000000 14588891.531027 148589375.451842
0.000000 18.000000 15.000000 0.000000 0.000000 0.000000 0.000000 10291893.884206 106635738.678562
0.000000 19.000000 15.000000 0.000000 0.000000 0.000000 0.000000 5330049.285996 55805320.816287
1.000000 0.000000 15.000000 0.000000 0.000000 0.000000 0.000000 9974302.321444 99268687.962528
1.000000 1.000000 15.000000 0.000000 0.000000 0.000000 0.000000 19304228.226244 190987246.788839
1.000000 2.000000 15.000000 0.000000 0.000000 0.000000 0.000000 27459714.421514 268885742.555032
1.000000 3.000000 15.000000 0.000000 0.000000 0.000000 0.000000 34113532.342450 329174310.358330
1.000000 4.000000 15.000000 0.000000 0.000000 0.000000 0.000000 39163795.438082 370745536.255465
1.000000 5.000000 15.000000 0.000000 0.000000 0.000000 0.000000 42711678.216452 395093174.983604
1.000000 6.000000 15.000000 0.000000 0.000000 0.000000 0.000000 44998694.369649 405665648.296482
1.000000 7.000000 15.000000 0.000000 0.000000 0.000000 0.000000 46330654.736873 407002541.401161
1.000000 8.000000 15.000000 0.000000 0.000000 0.000000 0.000000 47006872.571864 403811010.818893
1.000000 9.000000 15.000000 0.000000 0.000000 0.000000 0.000000 47265199.704354 400114050.352348
1.000000 10.000000 15.000000 0.000000 0.000000 0.000000 0.000000 47245025.576881 398549711.171282
1.000000 11.000000 15.000000 0.000000 0.000000 0.000000 0.000000 46966020.401238 399871035.527991
1.000000 12.000000 15.000000 0.000000 0.000000 0.000000 0.000000 46320972.955549 402695520.404851
1.000000 13.000000 15.000000 0.000000 0.000000 0.000000 0.000000 45084533.559361 403564165.883284
1.000000 14.000000 15.000000 0.000000 0.000000 0.000000 0.000000 42943458.589069 397394660.016357
1.000000 15.000000 15.000000 0.000000 0.000000 0.000000 0.000000 39553222.617978 378373670.755862
1.000000 16.000000 15.000000 0.000000 0.000000 0.000000 0.000000 34619924.176176 341252224.741192
1.000000 17.000000 15.000000 0.000000 0.000000 0.000000 0.000000 27994172.425423 282824604.125868
1.000000 18.000000 15.000000 0.000000 0.000000 0.000000 0.000000 19751640.646951 203201040.566452
1.000000 19.000000 15.000000 0.000000 0.000000 0.000000 0.000000 10229995.133597 106411992.085700
2.000000 0.000000 15.000000 0.000000 0.000000 0.000000 0.000000 13982205.913217 137192638.130385
2.000000 1.000000 15.000000 0.000000 0.000000 0.000000 0.000000 27057270.171806 263641474.416033
2.000000 2.000000 15.000000 0.000000 0.000000 0.000000 0.000000 38482320.682026 370559565.633549
2.000000 3.000000 15.000000 0.000000 0.000000 0.000000 0.000000 47794876.835163 452535773.484748
2.000000 4.000000 15.000000 0.000000 0.000000 0.000000 0.000000 54853597.600700 508134713.797972
2.000000 5.000000 15.000000 0.000000 0.000000 0.000000 0.000000 59802566.610248 539612687.044112
2.000000 6.000000 15.000000 0.000000 0.000000 0.000000 0.000000 62984118.549935 552017884.033076
2.000000 7.000000 15.000000 0.000000 0.000000 0.000000 0.000000 64831222.286026 551928596.395558
2.000000 8.000000 15.000000 0.000000 0.000000 0.000000 0.000000 65767575.139240 546129298.854707
2.000000 9.000000 15.000000 0.000000 0.000000 0.000000 0.000000 66129695.499607 540390381.058913
2.000000 10.000000 15.000000 0.000000 0.000000 0.000000 0.000000 66114407.029283 538472410.961334
2.000000 11.000000 15.000000 0.000000 0.000000 0.000000 0.000000 65748515.748158 541414801.916318
2.000000 12.000000 15.000000 0.000000 0.000000 0.000000 0.000000 64878569.125481 547179304.323971
2.000000 13.000000 15.000000 0.000000 0.000000 0.000000 0.000000 63183611.311129 550743545.888266
2.000000 14.000000 15.000000 0.000000 0.000000 0.000000 0.000000 60218337.404015 544751692.401937
2.000000 15.000000 15.000000 0.000000 0.000000 0.000000 0.000000 55493960.867552 520808853.613718
2.000000 16.000000 15.000000 0.000000 0.000000 0.000000 0.000000 48594072.623224 471333502.271372
2.000000 17.000000 15.000000 0.000000 0.000000 0.000000 0.000000 39307263.802742 391677283.117253
2.000000 18.000000 15.000000 0.000000 0.000000 0.000000 0.000000 27740280.350432 281936453.716856
2.000000 19.000000 15.000000 0.000000 0.000000 0.000000 0.000000 14369527.721218 147807131.572392
3.000000 0.000000 15.000000 0.000000 0.000000 0.000000 0.000000 17065459.149766 164197867.947000
3.000000 1.000000 15.000000 0.000000 0.000000 0.000000 0.000000 33018352.887523 315064022.516690
3.000000 2.000000 15.000000 0.000000 0.000000 0.000000 0.000000 46947680.014442 441726838.761399
3.000000 3.000000 15.000000 0.000000 0.000000 0.000000 0.000000 58287435.691697 537584718.625078
3.000000 4.000000 15.000000 0.000000 0.000000 0.000000 0.000000 66866193.558969 601028843.920164
3.000000 5.000000 15.000000 0.000000 0.000000 0.000000 0.000000 72864204.314354 635096837.265103
3.000000 6.000000 15.000000 0.000000 0.000000 0.000000 0.000000 76705493.928467 646291413.089474
3.000000 7.000000 15.000000 0.000000 0.000000 0.000000 0.000000 78925575.523302 642983674.781391
3.000000 8.000000 15.000000 0.000000 0.000000 0.000000 0.000000 80048027.441482 633737371.185945
3.000000 9.000000 15.000000 0.000000 0.000000 0.000000 0.000000 80488379.920546 625791492.342050
3.000000 10.000000 15.000000 0.000000 0.000000 0.000000 0.000000 80489018.580892 623826742.521643
3.000000 11.000000 15.000000 0.000000 0.000000 0.000000 0.000000 80081485.545072 629087821.677660
3.000000 12.000000 15.000000 0.000000 0.000000 0.000000 0.000000 79073813.980004 638945117.730466
3.000000 13.000000 15.000000 0.000000 0.000000 0.000000 0.000000 77066180.178917 647000920.937380
3.000000 14.000000 15.000000 0.000000 0.000000 0.000000 0.000000 73505811.384269 643941465.914964
3.000000 15.000000 15.000000 0.000000 0.000000 0.000000 0.000000 67786484.172110 619128210.468488
3.000000 16.000000 15.000000 0.000000 0.000000 0.000000 0.000000 59393108.739508 562966791.428756
3.000000 17.000000 15.000000 0.000000 0.000000 0.000000 0.000000 48064199.991713 469532000.691300
3.000000 18.000000 15.000000 0.000000 0.000000 0.000000 0.000000 33930915.738319 338840157.586906
3.000000 19.000000 15.000000 0.000000 0.000000 0.000000 0.000000 17579490.776967 177905815.312890
4.000000 0.000000 15.000000 0.000000 0.000000 0.000000 0.000000 19234598.527796 180653514.934452
4.000000 1.000000 15.000000 0.000000 0.000000 0.000000 0.000000 37206685.225969 345960380.019909
4.000000 2.000000 15.000000 0.000000 0.000000 0.000000 0.000000 52883770.354196 483487285.786313
4.000000 3.000000 15.000000 0.000000 0.000000 0.000000 0.000000 65625378.393048 585788142.902742
4.000000 4.000000 15.000000 0.000000 0.000000 0.000000 0.000000 75241061.977650 651285795.270134
4.000000 5.000000 15.000000 0.000000 0.000000 0.000000 0.000000 81940282.795566 683789190.100097
4.000000 6.000000 15.000000 0.000000 0.000000 0.000000 0.000000 86209924.788805 691092340.179360
4.000000 7.000000 15.000000 0.000000 102.000000 204.000000 6.000000 88663072.785035 683071164.291295
4.000000 8.000000 15.000000 0.000000 102.000000 204.000000 5.000000 89898278.139628 669731105.280429
4.000000 9.000000 15.000000 0.000000 102.000000 204.000000 9.000000 90389804.653002 659460043.289954
4.000000 10.000000 15.000000 0.000000 102.000000 204.000000 8.000000 90413378.335222 657634323.762724
4.000000 11.000000 15.000000 0.000000 102.000000 204.000000 6.000000 90002941.669205 665622908.794646
4.000000 12.000000 15.000000 0.000000 102.000000 204.000000 6.000000 88936119.551981 680289873.236068
4.000000 13.000000 15.000000 0.000000 102.000000 204.000000 9.000000 86752651.378852 694124531.473415
4.000000 14.000000 15.000000 0.000000 0.000000 0.000000 0.000000 82817202.397598 696205579.297812
4.000000 15.000000 15.000000 0.000000 0.000000 0.000000 0.000000 76434900.532414 674084635.425447
4.000000 16.000000 15.000000 0.000000 0.000000 0.000000 0.000000 67015931.281365 616507688.734567
4.000000 17.000000 15.000000 0.000000 0.000000 0.000000 0.000000 54261157.274777 516477794.259576
4.000000 18.000000 15.000000 0.000000 0.000000 0.000000 0.000000 38319421.275045 373873765.914418
4.000000 19.000000 15.000000 0.000000 0.000000 0.000000 0.000000 19857286.716484 196655514.668214
5.000000 0.000000 15.000000 0.000000 0.000000 0.000000 0.000000 20628363.049576 188573799.493318
5.000000 1.000000 15.000000 0.000000 0.000000 0.000000 0.000000 39891612.702264 360296465.539203
5.000000 2.000000 15.000000 0.000000 0.000000 0.000000 0.000000 56674207.316126 501585606.189004
5.000000 3.000000 15.000000 0.000000 0.000000 0.000000 0.000000 70287127.370392 604485911.128188
5.000000 4.000000 15.000000 0.000000 0.000000 0.000000 0.000000 80529694.390054 667590997.158310
5.000000 5.000000 15.000000 0.000000 102.000000 204.000000 4.000000 87635302.022766 695471524.770522
5.000000 6.000000 15.000000 0.000000 102.000000 204.000000 4.000000 92137599.483046 697043407.350795
5.000000 7.000000 15.000000 0.000000 102.000000 204.000000 5.000000 94705652.258559 683403119.519259
5.000000 8.000000 15.000000 0.000000 102.000000 204.000000 5.000000 95991004.356803 665659372.699652
5.000000 9.000000 15.000000 0.000000 102.000000 204.000000 7.000000 96508539.464631 653031847.428745
5.000000 10.000000 15.000000 0.000000 102.000000 204.000000 10.000000 96556141.195984 651364110.940324
5.000000 11.000000 15.000000 0.000000 102.000000 204.000000 6.000000 96167996.115393 662073950.219154
5.000000 12.000000 15.000000 0.000000 102.000000 204.000000 9.000000 95098978.312295 681622110.752920
5.000000 13.000000 15.000000 0.000000 102.000000 204.000000 7.000000 92844930.988903 701650639.807005
5.000000 14.000000 15.000000 0.000000 102.000000 204.000000 5.000000 88712034.023952 710045780.031499
5.000000 15.000000 15.000000 0.000000 102.000000 204.000000 7.000000 81942399.215871 692983191.388897
5.000000 16.000000 15.000000 0.000000 0.000000 0.000000 0.000000 71893821.723868 637943408.834718
5.000000 17.000000 15.000000 0.000000 0.000000 0.000000 0.000000 58241161.935883 537093241.996024
5.000000 18.000000 15.000000 0.000000 0.000000 0.000000 0.000000 41144824.601050 390127927.401794
5.000000 19.000000 15.000000 0.000000 0.000000 0.000000 0.000000 21325846.562538 205615062.425245
6.000000 0.000000 15.000000 0.000000 0.000000 0.000000 0.000000 21449484.046065 190872384.539077
6.000000 1.000000 15.000000 0.000000 0.000000 0.000000 0.000000 41465635.758474 363749760.011027
6.000000 2.000000 15.000000 0.000000 0.000000 0.000000 0.000000 58879085.043623 504232871.435078
6.000000 3.000000 15.000000 0.000000 0.000000 0.000000 0.000000 72970374.467608 604058482.128093
6.000000 4.000000 15.000000 0.000000 0.000000 0.000000 0.000000 83535762.984063 662098397.089494
6.000000 5.000000 15.000000 0.000000 102.000000 204.000000 4.000000 90828768.686370 683656169.003935
6.000000 6.000000 15.000000 0.000000 102.000000 204.000000 5.000000 95417983.281689 678620142.118868
6.000000 7.000000 15.000000 0.000000 102.000000 204.000000 15.000000 98012412.684933 659070871.165737
6.000000 8.000000 15.000000 0.000000 102.000000 204.000000 12.000000 99299736.472922 636932952.997301
6.000000 9.000000 15.000000 0.000000 102.000000 204.000000 11.000000 99821123.035646 621978677.053020
6.000000 10.000000 15.000000 0.000000 102.000000 204.000000 6.000000 99887551.270351 620318829.957332
6.000000 11.000000 15.000000 0.000000 102.000000 204.000000 15.000000 99531371.912489 633343876.915015
6.000000 12.000000 15.000000 0.000000 102.000000 204.000000 12.000000 98490749.145019 657203918.917846
6.000000 13.000000 15.000000 0.000000 102.000000 204.000000 10.000000 96231781.934072 682959692.837959
6.000000 14.000000 15.000000 0.000000 102.000000 204.000000 5.000000 92021371.464055 697671873.712126
6.000000 15.000000 15.000000 0.000000 102.000000 204.000000 5.000000 85060997.288033 686593654.877194
6.000000 16.000000 15.000000 0.000000 0.000000 0.000000 0.000000 74674924.218465 636333318.540778
6.000000 17.000000 15.000000 0.000000 0.000000 0.000000 0.000000 60521500.328799 538450387.022439
6.000000 18.000000 15.000000 0.000000 0.000000 0.000000 0.000000 42768949.666709 392471548.407005
6.000000 19.000000 15.000000 0.000000 0.000000 0.000000 0.000000 22171525.395806 207265715.096638
7.000000 0.000000 15.000000 0.000000 0.000000 0.000000 0.000000 21903999.918803 190585186.752439
7.000000 1.000000 15.000000 0.000000 0.000000 0.000000 0.000000 42328538.884398 362252579.437830
7.000000 2.000000 15.000000 0.000000 0.000000 0.000000 0.000000 60067953.604188 499942164.083167
7.000000 3.000000 15.000000 0.000000 0.000000 0.000000 0.000000 74384590.015796 595213340.542871
7.000000 4.000000 15.000000 0.000000 102.000000 204.000000 5.000000 85075742.704279 647242479.514981
7.000000 5.000000 15.000000 0.000000 102.000000 204.000000 4.000000 92412601.316960 662021872.836459
7.000000 6.000000 15.000000 0.000000 102.000000 204.000000 13.000000 96991763.279370 650315800.406815
7.000000 7.000000 15.000000 0.000000 102.000000 204.000000 9.000000 99551684.565698 625016326.281075
7.000000 8.000000 15.000000 104.000000 24.000000 24.000000 10.000000 100805334.141298 598668748.883608
7.000000 9.000000 15.000000 0.000000 102.000000 204.000000 7.000000 101310334.769630 581398393.462461
7.000000 10.000000 15.000000 104.000000 24.000000 24.000000 9.000000 101383960.054547 579420143.708074
7.000000 11.000000 15.000000 0.000000 102.000000 204.000000 6.000000 101055049.754563 594038756.962520
7.000000 12.000000 15.000000 0.000000 102.000000 204.000000 5.000000 100049316.623607 621159022.484831
7.000000 13.000000 15.000000 0.000000 102.000000 204.000000 12.000000 97813326.957664 651465158.808931
7.000000 14.000000 15.000000 0.000000 102.000000 204.000000 13.000000 93590252.315890 671533176.814273
7.000000 15.000000 15.000000 0.000000 102.000000 204.000000 5.000000 86557989.855451 666081100.696251
7.000000 16.000000 15.000000 0.000000 102.000000 204.000000 6.000000 76022155.364826 621203313.545834
7.000000 17.000000 15.000000 0.000000 0.000000 0.000000 0.000000 61633188.557631 528107714.239388
7.000000 18.000000 15.000000 0.000000 0.000000 0.000000 0.000000 43563691.957322 386154222.474746
7.000000 19.000000 15.000000 0.000000 0.000000 0.000000 0.000000 22586180.691319 204303509.399361
8.000000 0.000000 15.000000 0.000000 0.000000 0.000000 0.000000 22160281.496209 190274888.015274
8.000000 1.000000 15.000000 0.000000 0.000000 0.000000 0.000000 42806586.266282 360786476.251912
8.000000 2.000000 15.000000 0.000000 0.000000 0.000000 0.000000 60706837.831013 495880060.108215
8.000000 3.000000 15.000000 0.000000 0.000000 0.000000 0.000000 75110678.978259 586935624.704756
8.000000 4.000000 15.000000 0.000000 102.000000 204.000000 5.000000 85818442.813305 633409089.024340
8.000000 5.000000 15.000000 0.000000 102.000000 204.000000 8.000000 93117785.569641 641934005.853568
8.000000 6.000000 15.000000 0.000000 102.000000 204.000000 10.000000 97628909.389992 624060727.196902
8.000000 7.000000 15.000000 0.000000 102.000000 204.000000 10.000000 100114995.405706 593425377.827917
8.000000 8.000000 15.000000 104.000000 24.000000 24.000000 6.000000 101308052.564155 563084938.487452
8.000000 9.000000 15.000000 0.000000 102.000000 204.000000 6.000000 101776395.472146 543403874.279494
8.000000 10.000000 15.000000 104.000000 24.000000 24.000000 7.000000 101839302.543050 540603261.696460
8.000000 11.000000 15.000000 0.000000 102.000000 204.000000 5.000000 101520636.936185 555849509.679359
8.000000 12.000000 15.000000 104.000000 24.000000 24.000000 9.000000 100536517.883940 584846633.446558
8.000000 13.000000 15.000000 104.000000 24.000000 24.000000 19.000000 98321650.986634 618064959.699334
8.000000 14.000000 15.000000 104.000000 24.000000 24.000000 21.000000 94106998.124823 641865209.501366
8.000000 15.000000 15.000000 0.000000 102.000000 204.000000 10.000000 87059650.826402 640744240.337062
8.000000 16.000000 15.000000 0.000000 102.000000 204.000000 7.000000 76478550.656465 600615411.163884
8.000000 17.000000 15.000000 0.000000 0.000000 0.000000 0.000000 62011582.878129 512514365.764703
8.000000 18.000000 15.000000 0.000000 0.000000 0.000000 0.000000 43834778.583435 375704892.922012
8.000000 19.000000 15.000000 0.000000 0.000000 0.000000 0.000000 22727658.139716 199065063.333760
9.000000 0.000000 15.000000 0.000000 0.000000 0.000000 0.000000 22327622.223043 191602027.177091
9.000000 1.000000 15.000000 0.000000 0.000000 0.000000 0.000000 43112781.452887 362614831.964063
9.000000 2.000000 15.000000 0.000000 0.000000 0.000000 0.000000 61101357.762251 496772148.054197
9.000000 3.000000 15.000000 0.000000 0.000000 0.000000 0.000000 75532369.420830 585216688.073847
9.000000 4.000000 15.000000 0.000000 102.000000 204.000000 5.000000 86209097.345515 627598839.861601
9.000000 5.000000 15.000000 0.000000 102.000000 204.000000 6.000000 93433712.467668 631095119.360349
9.000000 6.000000 15.000000 104.000000 24.000000 24.000000 12.000000 97848349.420119 607998172.437760
9.000000 7.000000 15.000000 0.000000 102.000000 204.000000 10.000000 100237625.318604 572623726.661433
9.000000 8.000000 15.000000 104.000000 24.000000 24.000000 8.000000 101349962.109926 538514694.303878
9.000000 9.000000 15.000000 104.000000 24.000000 24.000000 5.000000 101761237.619237 516229950.823455
9.000000 10.000000 15.000000 104.000000 24.000000 24.000000 6.000000 101790192.006935 511947746.127925
9.000000 11.000000 15.000000 0.000000 102.000000 204.000000 6.000000 101454939.853251 526669558.256131
9.000000 12.000000 15.000000 0.000000 102.000000 204.000000 5.000000 100464428.261514 555937940.079160
9.000000 13.000000 15.000000 104.000000 24.000000 24.000000 19.000000 98247518.528464 590135634.781793
9.000000 14.000000 15.000000 0.000000 102.000000 204.000000 16.000000 94032062.374583 615623456.813057
9.000000 15.000000 15.000000 0.000000 102.000000 204.000000 8.000000 86985574.277505 616980603.062456
9.000000 16.000000 15.000000 0.000000 102.000000 204.000000 10.000000 76407031.667108 580123903.241327
9.000000 17.000000 15.000000 0.000000 0.000000 0.000000 0.000000 61948541.537489 496171064.779546
9.000000 18.000000 15.000000 0.000000 0.000000 0.000000 0.000000 43787162.828267 364296125.951389
9.000000 19.000000 15.000000 0.000000 0.000000 0.000000 0.000000 22701899.178377 193195481.049684
10.000000 0.000000 15.000000 0.000000 0.000000 0.000000 0.000000 22450785.041197 195136932.871054
10.000000 1.000000 15.000000 0.000000 0.000000 0.000000 0.000000 43335597.324856 368899953.783412
10.000000 2.000000 15.000000 0.000000 0.000000 0.000000 0.000000 61381577.136092 504403363.619491
10.000000 3.000000 15.000000 0.000000 0.000000 0.000000 0.000000 75818040.952139 592480045.482672
10.000000 4.000000 15.000000 0.000000 102.000000 204.000000 5.000000 86449637.395612 632844045.231131
10.000000 5.000000 15.000000 0.000000 102.000000 204.000000 11.000000 93590926.177396 633100104.053386
10.000000 6.000000 15.000000 0.000000 102.000000 204.000000 13.000000 97901975.525933 606144260.903509
10.000000 7.000000 15.000000 0.000000 102.000000 204.000000 7.000000 100186640.666670 566929263.028507
10.000000 8.000000 15.000000 104.000000 24.000000 24.000000 6.000000 101206549.375924 529429613.764400
10.000000 9.000000 15.000000 0.000000 102.000000 204.000000 5.000000 101543179.649687 504388129.252485
10.000000 10.000000 15.000000 104.000000 24.000000 24.000000 6.000000 101512948.761897 497916305.481830
10.000000 11.000000 15.000000 104.000000 24.000000 24.000000 8.000000 101128651.348322 510864359.469445
10.000000 12.000000 15.000000 0.000000 102.000000 204.000000 6.000000 100094537.032816 538653863.977975
10.000000 13.000000 15.000000 104.000000 24.000000 24.000000 11.000000 97839834.116384 571714318.825220
10.000000 14.000000 15.000000 0.000000 102.000000 204.000000 12.000000 93597724.382178 596607379.326222
10.000000 15.000000 15.000000 0.000000 102.000000 204.000000 16.000000 86544073.937245 598192558.747821
10.000000 16.000000 15.000000 0.000000 102.000000 204.000000 8.000000 75989167.865288 562752270.652752
10.000000 17.000000 15.000000 0.000000 0.000000 0.000000 0.000000 61589585.340479 481518791.536305
10.000000 18.000000 15.000000 0.000000 0.000000 0.000000 0.000000 43523039.229891 353653588.906440
10.000000 19.000000 15.000000 0.000000 0.000000 0.000000 0.000000 22561726.511846 187590476.103332
11.000000 0.000000 15.000000 0.000000 0.000000 0.000000 0.000000 22512377.456413 200364305.040819
11.000000 1.000000 15.000000 0.000000 0.000000 0.000000 0.000000 43443430.638238 378712463.229107
11.000000 2.000000 15.000000 0.000000 0.000000 0.000000 0.000000 61508140.383347 517636615.585985
11.000000 3.000000 15.000000 0.000000 0.000000 0.000000 0.000000 75926868.958050 607575619.347531
11.000000 4.000000 15.000000 0.000000 102.000000 204.000000 6.000000 86506115.786375 648245064.268894
11.000000 5.000000 15.000000 0.000000 102.000000 204.000000 5.000000 93567278.122906 647448982.822351
11.000000 6.000000 15.000000 0.000000 102.000000 204.000000 7.000000 97783697.181847 618531283.727438
11.000000 7.000000 15.000000 104.000000 24.000000 24.000000 9.000000 99969959.591187 576833245.315206
11.000000 8.000000 15.000000 104.000000 24.000000 24.000000 6.000000 100897905.841370 536724158.771385
11.000000 9.000000 15.000000 104.000000 24.000000 24.000000 8.000000 101150062.998206 509038260.203907
11.000000 10.000000 15.000000 104.000000 24.000000 24.000000 8.000000 101039543.911272 499824784.228727
11.000000 11.000000 15.000000 0.000000 102.000000 204.000000 6.000000 100574421.136459 509798123.503555
11.000000 12.000000 15.000000 0.000000 102.000000 204.000000 6.000000 99458804.230638 534362354.199741
11.000000 13.000000 15.000000 104.000000 24.000000 24.000000 12.000000 97128665.221694 564126289.143370
11.000000 14.000000 15.000000 0.000000 102.000000 204.000000 58.000000 92831662.450335 586065805.878834
11.000000 15.000000 15.000000 0.000000 102.000000 204.000000 10.000000 85761667.027929 585581612.287928
11.000000 16.000000 15.000000 0.000000 102.000000 204.000000 7.000000 75246308.168969 549490551.889609
11.000000 17.000000 15.000000 0.000000 0.000000 0.000000 0.000000 60951584.260147 469345919.304874
11.000000 18.000000 15.000000 0.000000 0.000000 0.000000 0.000000 43054707.135482 344346059.238452
11.000000 19.000000 15.000000 0.000000 0.000000 0.000000 0.000000 22313044.790772 182528133.284663
12.000000 0.000000 15.000000 0.000000 0.000000 0.000000 0.000000 22438059.589480 205850856.668605
12.000000 1.000000 15.000000 0.000000 0.000000 0.000000 0.000000 43294211.896702 389341705.114073
12.000000 2.000000 15.000000 0.000000 0.000000 0.000000 0.000000 61281946.613876 532722208.807950
12.000000 3.000000 15.000000 0.000000 0.000000 0.000000 0.000000 75622189.575684 626220278.779654
12.000000 4.000000 15.000000 0.000000 102.000000 204.000000 8.000000 86119644.219760 669339424.932182
12.000000 5.000000 15.000000 0.000000 102.000000 204.000000 6.000000 93097774.016489 669893706.113877
12.000000 6.000000 15.000000 0.000000 102.000000 204.000000 10.000000 97231566.648881 641309379.107445
12.000000 7.000000 15.000000 0.000000 102.000000 204.000000 7.000000 99338858.463423 599134296.185753
12.000000 8.000000 15.000000 104.000000 24.000000 24.000000 6.000000 100188230.046310 557760800.228804
12.000000 9.000000 15.000000 104.000000 24.000000 24.000000 6.000000 100358305.420504 528024025.766454
12.000000 10.000000 15.000000 104.000000 24.000000 24.000000 6.000000 100156412.694637 515867136.680034
12.000000 11.000000 15.000000 104.000000 24.000000 24.000000 9.000000 99588395.637648 521942689.663221
12.000000 12.000000 15.000000 0.000000 102.000000 204.000000 5.000000 98363144.121561 541742076.575096
12.000000 13.000000 15.000000 104.000000 24.000000 24.000000 18.000000 95932205.907305 566249357.402769
12.000000 14.000000 15.000000 0.000000 102.000000 204.000000 13.000000 91566229.661284 583035630.005794
12.000000 15.000000 15.000000 0.000000 102.000000 204.000000 7.000000 84488835.878204 578338855.469663
12.000000 16.000000 15.000000 0.000000 102.000000 204.000000 9.000000 74051433.100805 539697386.705151
12.000000 17.000000 15.000000 0.000000 0.000000 0.000000 0.000000 59933939.962827 459160540.659982
12.000000 18.000000 15.000000 0.000000 0.000000 0.000000 0.000000 42310272.604312 335971602.619983
12.000000 19.000000 15.000000 0.000000 0.000000 0.000000 0.000000 21919879.226105 177836438.537273
13.000000 0.000000 15.000000 0.000000 0.000000 0.000000 0.000000 22101460.278630 209468112.183427
13.000000 1.000000 15.000000 0.000000 0.000000 0.000000 0.000000 42644444.295130 396708918.121681
13.000000 2.000000 15.000000 0.000000 0.000000 0.000000 0.000000 60361233.076584 544027636.595562
13.000000 3.000000 15.000000 0.000000 102.000000 204.000000 1.000000 74483244.632975 641571170.276842
13.000000 4.000000 15.000000 0.000000 102.000000 204.000000 8.000000 84816884.117846 688647747.733998
13.000000 5.000000 15.000000 0.000000 102.000000 204.000000 5.000000 91678847.697481 692779296.251187
13.000000 6.000000 15.000000 0.000000 102.000000 204.000000 16.000000 95732093.847873 667086570.476389
13.000000 7.000000 15.000000 104.000000 24.000000 24.000000 9.000000 97778874.306932 626808610.307642
13.000000 8.000000 15.000000 0.000000 102.000000 204.000000 7.000000 98571481.276730 586048882.949035
13.000000 9.000000 15.000000 104.000000 24.000000 24.000000 7.000000 98673881.393177 555381979.061713
13.000000 10.000000 15.000000 0.000000 102.000000 204.000000 5.000000 98384482.979122 540588050.618423
13.000000 11.000000 15.000000 0.000000 102.000000 204.000000 6.000000 97708524.639810 542296022.182534
13.000000 12.000000 15.000000 0.000000 102.000000 204.000000 10.000000 96367006.734296 556250639.210598
13.000000 13.000000 15.000000 0.000000 102.000000 204.000000 13.000000 93835798.229745 573981986.149721
13.000000 14.000000 15.000000 0.000000 102.000000 204.000000 11.000000 89422200.088129 583967319.904124
13.000000 15.000000 15.000000 0.000000 102.000000 204.000000 4.000000 82387824.208890 573436719.038190
13.000000 16.000000 15.000000 0.000000 102.000000 204.000000 6.000000 72117913.595556 530908634.634945
13.000000 17.000000 15.000000 0.000000 0.000000 0.000000 0.000000 58310183.763577 449074569.946182
13.000000 18.000000 15.000000 0.000000 0.000000 0.000000 0.000000 41134504.452246 327315396.220460
13.000000 19.000000 15.000000 0.000000 0.000000 0.000000 0.000000 21301635.998286 172867283.404661
14.000000 0.000000 15.000000 0.000000 0.000000 0.000000 0.000000 21330902.613449 208603474.044542
14.000000 1.000000 15.000000 0.000000 0.000000 0.000000 0.000000 41162235.856129 395770666.248615
14.000000 2.000000 15.000000 0.000000 0.000000 0.000000 0.000000 58273901.097169 544384335.564508
14.000000 3.000000 15.000000 0.000000 102.000000 204.000000 1.000000 71925719.443616 644815980.260322
14.000000 4.000000 15.000000 0.000000 102.000000 204.000000 2.000000 81929156.082700 696168851.007921
14.000000 5.000000 15.000000 0.000000 102.000000 204.000000 5.000000 88585134.073795 705403987.383147
14.000000 6.000000 15.000000 0.000000 102.000000 204.000000 5.000000 92525656.780941 684848293.283700
14.000000 7.000000 15.000000 0.000000 102.000000 204.000000 8.000000 94515397.585023 648887035.781786
14.000000 8.000000 15.000000 0.000000 102.000000 204.000000 12.000000 95270525.789289 610862875.274948
14.000000 9.000000 15.000000 0.000000 102.000000 204.000000 8.000000 95327209.755619 580790552.669562
14.000000 10.000000 15.000000 104.000000 24.000000 24.000000 12.000000 94968968.830359 564152812.191137
14.000000 11.000000 15.000000 0.000000 102.000000 204.000000 13.000000 94202738.210285 561612799.391178
14.000000 12.000000 15.000000 104.000000 24.000000 24.000000 13.000000 92768861.823951 569309590.006456
14.000000 13.000000 15.000000 0.000000 102.000000 204.000000 13.000000 90179627.008196 579555058.509321
14.000000 14.000000 15.000000 0.000000 102.000000 204.000000 12.000000 85790780.480311 581927773.921968
14.000000 15.000000 15.000000 0.000000 102.000000 204.000000 5.000000 78916099.497086 564927778.447673
14.000000 16.000000 15.000000 0.000000 0.000000 0.000000 0.000000 68984324.071239 518244531.633842
14.000000 17.000000 15.000000 0.000000 0.000000 0.000000 0.000000 55716183.462833 435364485.120458
14.000000 18.000000 15.000000 0.000000 0.000000 0.000000 0.000000 39274226.431901 315836938.203315
14.000000 19.000000 15.000000 0.000000 0.000000 0.000000 0.000000 20328976.769081 166353725.651598
15.000000 0.000000 15.000000 0.000000 0.000000 0.000000 0.000000 19925634.174361 200400021.945891
15.000000 1.000000 15.000000 0.000000 0.000000 0.000000 0.000000 38458093.303849 380955320.341000
15.000000 2.000000 15.000000 0.000000 0.000000 0.000000 0.000000 54464142.424229 525790520.199253
15.000000 3.000000 15.000000 0.000000 0.000000 0.000000 0.000000 67255202.496965 625865184.262136
15.000000 4.000000 15.000000 0.000000 102.000000 204.000000 1.000000 76653711.719274 680130511.190781
15.000000 5.000000 15.000000 0.000000 102.000000 204.000000 4.000000 82934090.311062 694716755.841281
15.000000 6.000000 15.000000 0.000000 102.000000 204.000000 3.000000 86675477.831442 680663557.279280
15.000000 7.000000 15.000000 0.000000 102.000000 204.000000 5.000000 88579078.774529 650939579.461813
15.000000 8.000000 15.000000 0.000000 102.000000 204.000000 5.000000 89301332.131913 617615198.443323
15.000000 9.000000 15.000000 0.000000 102.000000 204.000000 9.000000 89333941.897032 589790904.807775
15.000000 10.000000 15.000000 0.000000 102.000000 204.000000 7.000000 88938023.060842 572497125.961750
15.000000 11.000000 15.000000 0.000000 102.000000 204.000000 5.000000 88122949.184550 566435446.574154
15.000000 12.000000 15.000000 0.000000 102.000000 204.000000 5.000000 86656583.511719 568281043.782389
15.000000 13.000000 15.000000 0.000000 102.000000 204.000000 5.000000 84100410.578071 571331588.558552
15.000000 14.000000 15.000000 0.000000 102.000000 204.000000 6.000000 79874372.964082 566504178.083617
15.000000 15.000000 15.000000 0.000000 102.000000 204.000000 5.000000 73359916.761363 543794281.094434
15.000000 16.000000 15.000000 0.000000 0.000000 0.000000 0.000000 64042026.368816 494260513.605614
15.000000 17.000000 15.000000 0.000000 0.000000 0.000000 0.000000 51669979.048796 412300445.260777
15.000000 18.000000 15.000000 0.000000 0.000000 0.000000 0.000000 36394725.903533 297648502.545281
15.000000 19.000000 15.000000 0.000000 0.000000 0.000000 0.000000 18830079.806178 156326928.212397
16.000000 0.000000 15.000000 0.000000 0.000000 0.000000 0.000000 17690970.034679 182158403.957098
16.000000 1.000000 15.000000 0.000000 0.000000 0.000000 0.000000 34153850.333641 346968932.736694
16.000000 2.000000 15.000000 0.000000 0.000000 0.000000 0.000000 48389234.614691 480505566.538407
16.000000 3.000000 15.000000 0.000000 0.000000 0.000000 0.000000 59789408.800130 574762382.731771
16.000000 4.000000 15.000000 0.000000 0.000000 0.000000 0.000000 68195031.226617 628617218.351450
16.000000 5.000000 15.000000 0.000000 102.000000 204.000000 1.000000 73842504.210261 647134527.157794
16.000000 6.000000 15.000000 0.000000 102.000000 204.000000 1.000000 77234609.531784 639631646.044904
16.000000 7.000000 15.000000 0.000000 102.000000 204.000000 4.000000 78980608.135088 617127915.891409
16.000000 8.000000 15.000000 0.000000 102.000000 204.000000 4.000000 79651251.371252 589935548.353335
16.000000 9.000000 15.000000 0.000000 102.000000 204.000000 7.000000 79675022.616817 565886974.586868
16.000000 10.000000 15.000000 0.000000 102.000000 204.000000 5.000000 79280654.462205 549359018.511304
16.000000 11.000000 15.000000 0.000000 102.000000 204.000000 4.000000 78479987.792980 541076187.192484
16.000000 12.000000 15.000000 0.000000 102.000000 204.000000 4.000000 77075941.479428 538339588.066170
16.000000 13.000000 15.000000 0.000000 102.000000 204.000000 4.000000 74693511.538118 535618656.388213
16.000000 14.000000 15.000000 0.000000 0.000000 0.000000 0.000000 70834694.194471 525382082.535201
16.000000 15.000000 15.000000 0.000000 0.000000 0.000000 0.000000 64967445.819388 499337956.393232
16.000000 16.000000 15.000000 0.000000 0.000000 0.000000 0.000000 56648163.029440 450088210.073758
16.000000 17.000000 15.000000 0.000000 0.000000 0.000000 0.000000 45661638.721215 373041412.849592
16.000000 18.000000 15.000000 0.000000 0.000000 0.000000 0.000000 32141136.254236 268091500.575957
16.000000 19.000000 15.000000 0.000000 0.000000 0.000000 0.000000 16622730.492914 140428899.647157
17.000000 0.000000 15.000000 0.000000 0.000000 0.000000 0.000000 14496150.174164 152041130.264995
17.000000 1.000000 15.000000 0.000000 0.000000 0.000000 0.000000 27993430.430029 290119623.888444
17.000000 2.000000 15.000000 0.000000 0.000000 0.000000 0.000000 39679044.558971 403006445.735439
17.000000 3.000000 15.000000 0.000000 0.000000 0.000000 0.000000 49057522.342156 484162282.491584
17.000000 4.000000 15.000000 0.000000 0.000000 0.000000 0.000000 55996739.693336 532521271.903595
17.000000 5.000000 15.000000 0.000000 0.000000 0.000000 0.000000 60685047.227995 551952489.266814
17.000000 6.000000 15.000000 0.000000 102.000000 204.000000 2.000000 63523308.201129 549632279.482461
17.000000 7.000000 15.000000 0.000000 102.000000 204.000000 2.000000 65002185.067715 534256726.298628
17.000000 8.000000 15.000000 0.000000 102.000000 204.000000 1.000000 65579547.228823 513931944.501237
17.000000 9.000000 15.000000 0.000000 102.000000 204.000000 2.000000 65600583.947955 494882640.593868
17.000000 10.000000 15.000000 0.000000 102.000000 204.000000 2.000000 65251109.307057 480644094.493371
17.000000 11.000000 15.000000 0.000000 102.000000 204.000000 3.000000 64543395.280742 471882490.697725
17.000000 12.000000 15.000000 0.000000 102.000000 204.000000 1.000000 63322809.171333 466586366.155631
17.000000 13.000000 15.000000 0.000000 0.000000 0.000000 0.000000 61291882.192415 460521403.232824
17.000000 14.000000 15.000000 0.000000 0.000000 0.000000 0.000000 58054238.461661 447897729.202766
17.000000 15.000000 15.000000 0.000000 0.000000 0.000000 0.000000 53185010.004406 422322128.727292
17.000000 16.000000 15.000000 0.000000 0.000000 0.000000 0.000000 46329374.286640 378096188.124452
17.000000 17.000000 15.000000 0.000000 0.000000 0.000000 0.000000 37315478.398184 311712291.153837
17.000000 18.000000 15.000000 0.000000 0.000000 0.000000 0.000000 26251978.574836 223174697.562126
17.000000 19.000000 15.000000 0.000000 0.000000 0.000000 0.000000 13572584.984089 116640270.336541
18.000000 0.000000 15.000000 0.000000 0.000000 0.000000 0.000000 10339405.466427 109879648.304957
18.000000 1.000000 15.000000 0.000000 0.000000 0.000000 0.000000 19971177.073440 209972082.804484
18.000000 2.000000 15.000000 0.000000 0.000000 0.000000 0.000000 28318999.762262 292376247.230471
18.000000 3.000000 15.000000 0.000000 0.000000 0.000000 0.000000 35031187.227655 352454759.293781
18.000000 4.000000 15.000000 0.000000 0.000000 0.000000 0.000000 40012297.433746 389355781.036117
18.000000 5.000000 15.000000 0.000000 0.000000 0.000000 0.000000 43392506.780599 405640295.126540
18.000000 6.000000 15.000000 0.000000 102.000000 204.000000 2.000000 45453454.629484 406234563.551221
18.000000 7.000000 15.000000 0.000000 102.000000 204.000000 2.000000 46537621.837218 397056285.139108
18.000000 8.000000 15.000000 0.000000 102.000000 204.000000 1.000000 46966886.528563 383716754.492600
18.000000 9.000000 15.000000 0.000000 102.000000 204.000000 2.000000 46984364.225237 370550022.051751
18.000000 10.000000 15.000000 0.000000 102.000000 204.000000 3.000000 46721785.815502 360049461.893853
18.000000 11.000000 15.000000 0.000000 102.000000 204.000000 2.000000 46189859.663329 352748073.854050
18.000000 12.000000 15.000000 0.000000 102.000000 204.000000 1.000000 45281247.571362 347295302.997754
18.000000 13.000000 15.000000 0.000000 0.000000 0.000000 0.000000 43789962.977536 340866693.239712
18.000000 14.000000 15.000000 0.000000 0.000000 0.000000 0.000000 41439132.464074 329529178.328429
18.000000 15.000000 15.000000 0.000000 0.000000 0.000000 0.000000 37931533.917449 308940812.985456
18.000000 16.000000 15.000000 0.000000 0.000000 0.000000 0.000000 33018398.359383 275227801.795375
18.000000 17.000000 15.000000 0.000000 0.000000 0.000000 0.000000 26579333.723402 226021837.453352
18.000000 18.000000 15.000000 0.000000 0.000000 0.000000 0.000000 18691483.354911 161373727.484448
18.000000 19.000000 15.000000 0.000000 0.000000 0.000000 0.000000 9661435.065818 84200841.393496
19.000000 0.000000 15.000000 0.000000 0.000000 0.000000 0.000000 5393358.706031 57769628.759666
19.000000 1.000000 15.000000 0.000000 0.000000 0.000000 0.000000 10419265.231718 110495137.566877
19.000000 2.000000 15.000000 0.000000 0.000000 0.000000 0.000000 14778386.452658 154097779.486238
19.000000 3.000000 15.000000 0.000000 0.000000 0.000000 0.000000 18287754.541971 186165452.702117
19.000000 4.000000 15.000000 0.000000 0.000000 0.000000 0.000000 20897136.185686 206222046.373601
19.000000 5.000000 15.000000 0.000000 0.000000 0.000000 0.000000 22673181.328320 215541791.205385
19.000000 6.000000 15.000000 0.000000 0.000000 0.000000 0.000000 23760805.918691 216609835.882129
19.000000 7.000000 15.000000 0.000000 0.000000 0.000000 0.000000 24337143.248474 212450988.401396
19.000000 8.000000 15.000000 0.000000 0.000000 0.000000 0.000000 24566595.857495 205867331.382189
19.000000 9.000000 15.000000 0.000000 0.000000 0.000000 0.000000 24576715.741538 199144538.184932
19.000000 10.000000 15.000000 0.000000 0.000000 0.000000 0.000000 24435613.685461 193561398.564437
19.000000 11.000000 15.000000 0.000000 0.000000 0.000000 0.000000 24149532.897267 189415465.794493
19.000000 12.000000 15.000000 0.000000 0.000000 0.000000 0.000000 23663052.048898 186016420.507541
19.000000 13.000000 15.000000 0.000000 0.000000 0.000000 0.000000 22871171.743724 181970938.756341
19.000000 14.000000 15.000000 0.000000 0.000000 0.000000 0.000000 21631271.966437 175289459.879934
19.000000 15.000000 15.000000 0.000000 0.000000 0.000000 0.000000 19790090.147512 163775788.705630
19.000000 16.000000 15.000000 0.000000 0.000000 0.000000 0.000000 17219205.399626 145470658.513842
19.000000 17.000000 15.000000 0.000000 0.000000 0.000000 0.000000 13856460.885579 119180789.675102
19.000000 18.000000 15.000000 0.000000 0.000000 0.000000 0.000000 9741970.056365 84947884.865629
19.000000 19.000000 15.000000 0.000000 0.000000 0.000000 0.000000 5034802.198604 44278830.765004
