# i (x-axis) 
#  j (y-axis) 
#  k (z-axis) 
#  RGB (R) 
#  RGB (G) 
#  RGB (B) 
#  number per voxel 
#  glucose 
#  oxygen
0.000000 0.000000 10.000000 0.000000 0.000000 0.000000 0.000000 100.000000 1000.000000
0.000000 1.000000 10.000000 0.000000 0.000000 0.000000 0.000000 100.000000 1000.000000
0.000000 2.000000 10.000000 0.000000 0.000000 0.000000 0.000000 100.000000 1000.000000
0.000000 3.000000 10.000000 0.000000 0.000000 0.000000 0.000000 100.000000 1000.000000
0.000000 4.000000 10.000000 0.000000 0.000000 0.000000 0.000000 100.000000 1000.000000
0.000000 5.000000 10.000000 0.000000 0.000000 0.000000 0.000000 100.000000 1000.000000
0.000000 6.000000 10.000000 0.000000 0.000000 0.000000 0.000000 100.000000 1000.000000
0.000000 7.000000 10.000000 0.000000 0.000000 0.000000 0.000000 100.000000 1000.000000
0.000000 8.000000 10.000000 0.000000 0.000000 0.000000 0.000000 100.000000 1000.000000
0.000000 9.000000 10.000000 0.000000 0.000000 0.000000 0.000000 100.000000 1000.000000
0.000000 10.000000 10.000000 0.000000 0.000000 0.000000 0.000000 100.000000 1000.000000
0.000000 11.000000 10.000000 0.000000 0.000000 0.000000 0.000000 100.000000 1000.000000
0.000000 12.000000 10.000000 0.000000 0.000000 0.000000 0.000000 100.000000 1000.000000
0.000000 13.000000 10.000000 0.000000 0.000000 0.000000 0.000000 100.000000 1000.000000
0.000000 14.000000 10.000000 0.000000 0.000000 0.000000 0.000000 100.000000 1000.000000
0.000000 15.000000 10.000000 0.000000 0.000000 0.000000 0.000000 100.000000 1000.000000
0.000000 16.000000 10.000000 0.000000 0.000000 0.000000 0.000000 100.000000 1000.000000
0.000000 17.000000 10.000000 0.000000 0.000000 0.000000 0.000000 100.000000 1000.000000
0.000000 18.000000 10.000000 0.000000 0.000000 0.000000 0.000000 100.000000 1000.000000
0.000000 19.000000 10.000000 0.000000 0.000000 0.000000 0.000000 100.000000 1000.000000
1.000000 0.000000 10.000000 0.000000 0.000000 0.000000 0.000000 100.000000 1000.000000
1.000000 1.000000 10.000000 0.000000 0.000000 0.000000 0.000000 100.000000 1000.000000
1.000000 2.000000 10.000000 0.000000 0.000000 0.000000 0.000000 100.000000 1000.000000
1.000000 3.000000 10.000000 0.000000 0.000000 0.000000 0.000000 100.000000 1000.000000
1.000000 4.000000 10.000000 0.000000 0.000000 0.000000 0.000000 100.000000 1000.000000
1.000000 5.000000 10.000000 0.000000 0.000000 0.000000 0.000000 100.000000 1000.000000
1.000000 6.000000 10.000000 0.000000 0.000000 0.000000 0.000000 100.000000 1000.000000
1.000000 7.000000 10.000000 0.000000 0.000000 0.000000 0.000000 100.000000 1000.000000
1.000000 8.000000 10.000000 0.000000 0.000000 0.000000 0.000000 100.000000 1000.000000
1.000000 9.000000 10.000000 0.000000 0.000000 0.000000 0.000000 100.000000 1000.000000
1.000000 10.000000 10.000000 0.000000 0.000000 0.000000 0.000000 100.000000 1000.000000
1.000000 11.000000 10.000000 0.000000 0.000000 0.000000 0.000000 100.000000 1000.000000
1.000000 12.000000 10.000000 0.000000 0.000000 0.000000 0.000000 100.000000 1000.000000
1.000000 13.000000 10.000000 0.000000 0.000000 0.000000 0.000000 100.000000 1000.000000
1.000000 14.000000 10.000000 0.000000 0.000000 0.000000 0.000000 100.000000 1000.000000
1.000000 15.000000 10.000000 0.000000 0.000000 0.000000 0.000000 100.000000 1000.000000
1.000000 16.000000 10.000000 0.000000 0.000000 0.000000 0.000000 100.000000 1000.000000
1.000000 17.000000 10.000000 0.000000 0.000000 0.000000 0.000000 100.000000 1000.000000
1.000000 18.000000 10.000000 0.000000 0.000000 0.000000 0.000000 100.000000 1000.000000
1.000000 19.000000 10.000000 0.000000 0.000000 0.000000 0.000000 100.000000 1000.000000
2.000000 0.000000 10.000000 0.000000 0.000000 0.000000 0.000000 100.000000 1000.000000
2.000000 1.000000 10.000000 0.000000 0.000000 0.000000 0.000000 100.000000 1000.000000
2.000000 2.000000 10.000000 0.000000 0.000000 0.000000 0.000000 100.000000 1000.000000
2.000000 3.000000 10.000000 0.000000 0.000000 0.000000 0.000000 100.000000 1000.000000
2.000000 4.000000 10.000000 0.000000 0.000000 0.000000 0.000000 100.000000 1000.000000
2.000000 5.000000 10.000000 0.000000 0.000000 0.000000 0.000000 100.000000 1000.000000
2.000000 6.000000 10.000000 0.000000 0.000000 0.000000 0.000000 100.000000 1000.000000
2.000000 7.000000 10.000000 0.000000 0.000000 0.000000 0.000000 100.000000 1000.000000
2.000000 8.000000 10.000000 0.000000 0.000000 0.000000 0.000000 100.000000 1000.000000
2.000000 9.000000 10.000000 0.000000 0.000000 0.000000 0.000000 100.000000 1000.000000
2.000000 10.000000 10.000000 0.000000 0.000000 0.000000 0.000000 100.000000 1000.000000
2.000000 11.000000 10.000000 0.000000 0.000000 0.000000 0.000000 230.000000 5500.000000
2.000000 12.000000 10.000000 0.000000 0.000000 0.000000 0.000000 100.000000 1000.000000
2.000000 13.000000 10.000000 0.000000 0.000000 0.000000 0.000000 100.000000 1000.000000
2.000000 14.000000 10.000000 0.000000 0.000000 0.000000 0.000000 100.000000 1000.000000
2.000000 15.000000 10.000000 0.000000 0.000000 0.000000 0.000000 100.000000 1000.000000
2.000000 16.000000 10.000000 0.000000 0.000000 0.000000 0.000000 100.000000 1000.000000
2.000000 17.000000 10.000000 0.000000 0.000000 0.000000 0.000000 100.000000 1000.000000
2.000000 18.000000 10.000000 0.000000 0.000000 0.000000 0.000000 100.000000 1000.000000
2.000000 19.000000 10.000000 0.000000 0.000000 0.000000 0.000000 100.000000 1000.000000
3.000000 0.000000 10.000000 0.000000 0.000000 0.000000 0.000000 100.000000 1000.000000
3.000000 1.000000 10.000000 0.000000 0.000000 0.000000 0.000000 100.000000 1000.000000
3.000000 2.000000 10.000000 0.000000 0.000000 0.000000 0.000000 100.000000 1000.000000
3.000000 3.000000 10.000000 0.000000 0.000000 0.000000 0.000000 100.000000 1000.000000
3.000000 4.000000 10.000000 0.000000 0.000000 0.000000 0.000000 230.000000 5500.000000
3.000000 5.000000 10.000000 0.000000 0.000000 0.000000 0.000000 100.000000 1000.000000
3.000000 6.000000 10.000000 0.000000 0.000000 0.000000 0.000000 100.000000 1000.000000
3.000000 7.000000 10.000000 0.000000 0.000000 0.000000 0.000000 100.000000 1000.000000
3.000000 8.000000 10.000000 0.000000 0.000000 0.000000 0.000000 100.000000 1000.000000
3.000000 9.000000 10.000000 0.000000 0.000000 0.000000 0.000000 100.000000 1000.000000
3.000000 10.000000 10.000000 0.000000 102.000000 204.000000 5.000000 97.961415 886.745304
3.000000 11.000000 10.000000 0.000000 0.000000 0.000000 0.000000 100.000000 1000.000000
3.000000 12.000000 10.000000 0.000000 0.000000 0.000000 0.000000 100.000000 1000.000000
3.000000 13.000000 10.000000 0.000000 0.000000 0.000000 0.000000 100.000000 1000.000000
3.000000 14.000000 10.000000 0.000000 0.000000 0.000000 0.000000 100.000000 1000.000000
3.000000 15.000000 10.000000 0.000000 0.000000 0.000000 0.000000 100.000000 1000.000000
3.000000 16.000000 10.000000 0.000000 0.000000 0.000000 0.000000 100.000000 1000.000000
3.000000 17.000000 10.000000 0.000000 0.000000 0.000000 0.000000 100.000000 1000.000000
3.000000 18.000000 10.000000 0.000000 0.000000 0.000000 0.000000 100.000000 1000.000000
3.000000 19.000000 10.000000 0.000000 0.000000 0.000000 0.000000 100.000000 1000.000000
4.000000 0.000000 10.000000 0.000000 0.000000 0.000000 0.000000 100.000000 1000.000000
4.000000 1.000000 10.000000 0.000000 0.000000 0.000000 0.000000 100.000000 1000.000000
4.000000 2.000000 10.000000 0.000000 0.000000 0.000000 0.000000 100.000000 1000.000000
4.000000 3.000000 10.000000 0.000000 0.000000 0.000000 0.000000 100.000000 1000.000000
4.000000 4.000000 10.000000 0.000000 0.000000 0.000000 0.000000 100.000000 1000.000000
4.000000 5.000000 10.000000 0.000000 0.000000 0.000000 0.000000 100.000000 1000.000000
4.000000 6.000000 10.000000 0.000000 0.000000 0.000000 0.000000 100.000000 1000.000000
4.000000 7.000000 10.000000 0.000000 102.000000 204.000000 5.000000 98.590810 921.711651
4.000000 8.000000 10.000000 0.000000 102.000000 204.000000 5.000000 97.855515 880.861918
4.000000 9.000000 10.000000 0.000000 102.000000 204.000000 5.000000 98.058763 892.153512
4.000000 10.000000 10.000000 0.000000 102.000000 204.000000 5.000000 98.202463 900.136807
4.000000 11.000000 10.000000 0.000000 102.000000 204.000000 5.000000 98.212680 900.704447
4.000000 12.000000 10.000000 0.000000 102.000000 204.000000 5.000000 98.208763 900.486828
4.000000 13.000000 10.000000 0.000000 102.000000 204.000000 5.000000 98.267662 903.758992
4.000000 14.000000 10.000000 0.000000 0.000000 0.000000 0.000000 100.000000 1000.000000
4.000000 15.000000 10.000000 0.000000 0.000000 0.000000 0.000000 100.000000 1000.000000
4.000000 16.000000 10.000000 0.000000 0.000000 0.000000 0.000000 100.000000 1000.000000
4.000000 17.000000 10.000000 0.000000 0.000000 0.000000 0.000000 100.000000 1000.000000
4.000000 18.000000 10.000000 0.000000 0.000000 0.000000 0.000000 100.000000 1000.000000
4.000000 19.000000 10.000000 0.000000 0.000000 0.000000 0.000000 100.000000 1000.000000
5.000000 0.000000 10.000000 0.000000 0.000000 0.000000 0.000000 100.000000 1000.000000
5.000000 1.000000 10.000000 0.000000 0.000000 0.000000 0.000000 100.000000 1000.000000
5.000000 2.000000 10.000000 0.000000 0.000000 0.000000 0.000000 100.000000 1000.000000
5.000000 3.000000 10.000000 0.000000 0.000000 0.000000 0.000000 100.000000 1000.000000
5.000000 4.000000 10.000000 0.000000 0.000000 0.000000 0.000000 100.000000 1000.000000
5.000000 5.000000 10.000000 0.000000 0.000000 0.000000 0.000000 100.000000 1000.000000
5.000000 6.000000 10.000000 0.000000 102.000000 204.000000 5.000000 98.540958 918.942094
5.000000 7.000000 10.000000 0.000000 102.000000 204.000000 5.000000 97.867657 881.536493
5.000000 8.000000 10.000000 0.000000 102.000000 204.000000 5.000000 97.837873 879.881851
5.000000 9.000000 10.000000 0.000000 102.000000 204.000000 5.000000 98.668457 926.025381
5.000000 10.000000 10.000000 0.000000 102.000000 204.000000 5.000000 98.381640 910.091120
5.000000 11.000000 10.000000 0.000000 102.000000 204.000000 5.000000 98.443582 913.532342
5.000000 12.000000 10.000000 0.000000 102.000000 204.000000 5.000000 97.861853 881.214038
5.000000 13.000000 10.000000 0.000000 102.000000 204.000000 5.000000 98.673263 926.292371
5.000000 14.000000 10.000000 0.000000 102.000000 204.000000 5.000000 98.378831 909.935052
5.000000 15.000000 10.000000 0.000000 0.000000 0.000000 0.000000 100.000000 1000.000000
5.000000 16.000000 10.000000 0.000000 0.000000 0.000000 0.000000 100.000000 1000.000000
5.000000 17.000000 10.000000 0.000000 0.000000 0.000000 0.000000 100.000000 1000.000000
5.000000 18.000000 10.000000 0.000000 0.000000 0.000000 0.000000 100.000000 1000.000000
5.000000 19.000000 10.000000 0.000000 0.000000 0.000000 0.000000 100.000000 1000.000000
6.000000 0.000000 10.000000 0.000000 0.000000 0.000000 0.000000 100.000000 1000.000000
6.000000 1.000000 10.000000 0.000000 0.000000 0.000000 0.000000 100.000000 1000.000000
6.000000 2.000000 10.000000 0.000000 0.000000 0.000000 0.000000 100.000000 1000.000000
6.000000 3.000000 10.000000 0.000000 0.000000 0.000000 0.000000 100.000000 1000.000000
6.000000 4.000000 10.000000 0.000000 0.000000 0.000000 0.000000 100.000000 1000.000000
6.000000 5.000000 10.000000 0.000000 102.000000 204.000000 5.000000 98.269006 903.833656
6.000000 6.000000 10.000000 0.000000 102.000000 204.000000 5.000000 98.135198 896.399890
6.000000 7.000000 10.000000 0.000000 102.000000 204.000000 5.000000 98.092772 894.042901
6.000000 8.000000 10.000000 0.000000 102.000000 204.000000 5.000000 98.532170 918.453868
6.000000 9.000000 10.000000 0.000000 102.000000 204.000000 5.000000 98.676992 926.499580
6.000000 10.000000 10.000000 0.000000 102.000000 204.000000 5.000000 98.249159 902.731066
6.000000 11.000000 10.000000 0.000000 102.000000 204.000000 5.000000 98.384910 910.272772
6.000000 12.000000 10.000000 0.000000 102.000000 204.000000 5.000000 98.520998 917.833196
6.000000 13.000000 10.000000 0.000000 102.000000 204.000000 5.000000 98.143925 896.884700
6.000000 14.000000 10.000000 0.000000 102.000000 204.000000 5.000000 98.310563 906.142384
6.000000 15.000000 10.000000 0.000000 102.000000 204.000000 5.000000 98.530415 918.356378
6.000000 16.000000 10.000000 0.000000 0.000000 0.000000 0.000000 100.000000 1000.000000
6.000000 17.000000 10.000000 0.000000 0.000000 0.000000 0.000000 100.000000 1000.000000
6.000000 18.000000 10.000000 0.000000 0.000000 0.000000 0.000000 100.000000 1000.000000
6.000000 19.000000 10.000000 0.000000 0.000000 0.000000 0.000000 100.000000 1000.000000
7.000000 0.000000 10.000000 0.000000 0.000000 0.000000 0.000000 100.000000 1000.000000
7.000000 1.000000 10.000000 0.000000 0.000000 0.000000 0.000000 100.000000 1000.000000
7.000000 2.000000 10.000000 0.000000 0.000000 0.000000 0.000000 100.000000 1000.000000
7.000000 3.000000 10.000000 0.000000 0.000000 0.000000 0.000000 100.000000 1000.000000
7.000000 4.000000 10.000000 0.000000 102.000000 204.000000 5.000000 97.889510 882.750571
7.000000 5.000000 10.000000 0.000000 102.000000 204.000000 5.000000 98.362734 909.040790
7.000000 6.000000 10.000000 0.000000 102.000000 204.000000 5.000000 97.864546 881.363653
7.000000 7.000000 10.000000 0.000000 102.000000 204.000000 5.000000 98.290865 905.048050
7.000000 8.000000 10.000000 0.000000 102.000000 204.000000 5.000000 98.458931 914.385064
7.000000 9.000000 10.000000 0.000000 102.000000 204.000000 5.000000 97.756554 875.364097
7.000000 10.000000 10.000000 104.000000 24.000000 24.000000 5.000000 98.229860 901.658917
7.000000 11.000000 10.000000 0.000000 102.000000 204.000000 5.000000 98.358309 908.794918
7.000000 12.000000 10.000000 0.000000 102.000000 204.000000 5.000000 98.176170 898.676135
7.000000 13.000000 10.000000 0.000000 102.000000 204.000000 5.000000 98.222757 901.264286
7.000000 14.000000 10.000000 0.000000 102.000000 204.000000 5.000000 98.364238 909.124318
7.000000 15.000000 10.000000 0.000000 102.000000 204.000000 5.000000 98.430517 912.806473
7.000000 16.000000 10.000000 0.000000 102.000000 204.000000 5.000000 98.167063 898.170150
7.000000 17.000000 10.000000 0.000000 0.000000 0.000000 0.000000 100.000000 1000.000000
7.000000 18.000000 10.000000 0.000000 0.000000 0.000000 0.000000 100.000000 1000.000000
7.000000 19.000000 10.000000 0.000000 0.000000 0.000000 0.000000 100.000000 1000.000000
8.000000 0.000000 10.000000 0.000000 0.000000 0.000000 0.000000 100.000000 1000.000000
8.000000 1.000000 10.000000 0.000000 0.000000 0.000000 0.000000 100.000000 1000.000000
8.000000 2.000000 10.000000 0.000000 0.000000 0.000000 0.000000 100.000000 1000.000000
8.000000 3.000000 10.000000 0.000000 0.000000 0.000000 0.000000 100.000000 1000.000000
8.000000 4.000000 10.000000 0.000000 102.000000 204.000000 5.000000 98.099050 894.391666
8.000000 5.000000 10.000000 0.000000 102.000000 204.000000 5.000000 98.059168 892.176003
8.000000 6.000000 10.000000 0.000000 102.000000 204.000000 5.000000 98.309866 906.103642
8.000000 7.000000 10.000000 0.000000 102.000000 204.000000 5.000000 98.238570 902.142764
8.000000 8.000000 10.000000 104.000000 24.000000 24.000000 5.000000 98.016292 889.794021
8.000000 9.000000 10.000000 104.000000 24.000000 24.000000 5.000000 97.946162 885.897893
8.000000 10.000000 10.000000 104.000000 24.000000 24.000000 5.000000 97.993609 888.533846
8.000000 11.000000 10.000000 104.000000 24.000000 24.000000 5.000000 98.172986 898.499224
8.000000 12.000000 10.000000 104.000000 24.000000 24.000000 5.000000 98.305234 905.846340
8.000000 13.000000 10.000000 0.000000 102.000000 204.000000 5.000000 98.188470 899.359421
8.000000 14.000000 10.000000 0.000000 102.000000 204.000000 5.000000 98.392686 910.704764
8.000000 15.000000 10.000000 0.000000 102.000000 204.000000 5.000000 97.889478 882.748759
8.000000 16.000000 10.000000 0.000000 102.000000 204.000000 5.000000 97.958974 886.609682
8.000000 17.000000 10.000000 0.000000 0.000000 0.000000 0.000000 100.000000 1000.000000
8.000000 18.000000 10.000000 0.000000 0.000000 0.000000 0.000000 100.000000 1000.000000
8.000000 19.000000 10.000000 0.000000 0.000000 0.000000 0.000000 100.000000 1000.000000
9.000000 0.000000 10.000000 0.000000 0.000000 0.000000 0.000000 100.000000 1000.000000
9.000000 1.000000 10.000000 0.000000 0.000000 0.000000 0.000000 100.000000 1000.000000
9.000000 2.000000 10.000000 0.000000 0.000000 0.000000 0.000000 100.000000 1000.000000
9.000000 3.000000 10.000000 0.000000 0.000000 0.000000 0.000000 100.000000 1000.000000
9.000000 4.000000 10.000000 0.000000 102.000000 204.000000 5.000000 98.496420 916.467804
9.000000 5.000000 10.000000 0.000000 102.000000 204.000000 5.000000 97.811994 878.444133
9.000000 6.000000 10.000000 0.000000 102.000000 204.000000 5.000000 97.970649 887.258270
9.000000 7.000000 10.000000 0.000000 102.000000 204.000000 5.000000 99.184842 954.713454
9.000000 8.000000 10.000000 104.000000 24.000000 24.000000 5.000000 98.117859 895.436626
9.000000 9.000000 10.000000 104.000000 24.000000 24.000000 5.000000 98.410128 911.673802
9.000000 10.000000 10.000000 104.000000 24.000000 24.000000 5.000000 98.112261 895.125630
9.000000 11.000000 10.000000 104.000000 24.000000 24.000000 5.000000 97.932489 885.138286
9.000000 12.000000 10.000000 104.000000 24.000000 24.000000 5.000000 98.290826 905.045891
9.000000 13.000000 10.000000 0.000000 102.000000 204.000000 5.000000 98.238781 902.154499
9.000000 14.000000 10.000000 0.000000 102.000000 204.000000 5.000000 97.761800 875.655555
9.000000 15.000000 10.000000 0.000000 102.000000 204.000000 5.000000 228.012576 5389.587555
9.000000 16.000000 10.000000 0.000000 102.000000 204.000000 5.000000 98.639780 924.432224
9.000000 17.000000 10.000000 0.000000 0.000000 0.000000 0.000000 100.000000 1000.000000
9.000000 18.000000 10.000000 0.000000 0.000000 0.000000 0.000000 100.000000 1000.000000
9.000000 19.000000 10.000000 0.000000 0.000000 0.000000 0.000000 100.000000 1000.000000
10.000000 0.000000 10.000000 0.000000 0.000000 0.000000 0.000000 100.000000 1000.000000
10.000000 1.000000 10.000000 0.000000 0.000000 0.000000 0.000000 100.000000 1000.000000
10.000000 2.000000 10.000000 0.000000 0.000000 0.000000 0.000000 100.000000 1000.000000
10.000000 3.000000 10.000000 0.000000 102.000000 204.000000 5.000000 98.582190 921.232788
10.000000 4.000000 10.000000 0.000000 102.000000 204.000000 5.000000 98.059460 892.192199
10.000000 5.000000 10.000000 0.000000 102.000000 204.000000 5.000000 98.496167 916.453741
10.000000 6.000000 10.000000 0.000000 102.000000 204.000000 5.000000 98.184290 899.127203
10.000000 7.000000 10.000000 104.000000 24.000000 24.000000 5.000000 98.160156 897.786435
10.000000 8.000000 10.000000 104.000000 24.000000 24.000000 5.000000 97.856076 880.893136
10.000000 9.000000 10.000000 104.000000 24.000000 24.000000 5.000000 98.214049 900.780525
10.000000 10.000000 10.000000 104.000000 24.000000 24.000000 5.000000 97.953634 886.313021
10.000000 11.000000 10.000000 104.000000 24.000000 24.000000 5.000000 97.910952 883.941775
10.000000 12.000000 10.000000 104.000000 24.000000 24.000000 5.000000 98.421895 912.327512
10.000000 13.000000 10.000000 104.000000 24.000000 24.000000 5.000000 98.736323 929.795695
10.000000 14.000000 10.000000 0.000000 102.000000 204.000000 5.000000 97.969574 887.198563
10.000000 15.000000 10.000000 0.000000 102.000000 204.000000 5.000000 98.242345 902.352501
10.000000 16.000000 10.000000 0.000000 102.000000 204.000000 5.000000 98.494653 916.369598
10.000000 17.000000 10.000000 0.000000 102.000000 204.000000 5.000000 98.174411 898.578413
10.000000 18.000000 10.000000 0.000000 0.000000 0.000000 0.000000 100.000000 1000.000000
10.000000 19.000000 10.000000 0.000000 0.000000 0.000000 0.000000 100.000000 1000.000000
11.000000 0.000000 10.000000 0.000000 0.000000 0.000000 0.000000 100.000000 1000.000000
11.000000 1.000000 10.000000 0.000000 0.000000 0.000000 0.000000 100.000000 1000.000000
11.000000 2.000000 10.000000 0.000000 0.000000 0.000000 0.000000 100.000000 1000.000000
11.000000 3.000000 10.000000 0.000000 0.000000 0.000000 0.000000 100.000000 1000.000000
11.000000 4.000000 10.000000 0.000000 102.000000 204.000000 5.000000 97.677807 870.989264
11.000000 5.000000 10.000000 0.000000 102.000000 204.000000 5.000000 98.257545 903.196956
11.000000 6.000000 10.000000 0.000000 102.000000 204.000000 5.000000 98.098148 894.341554
11.000000 7.000000 10.000000 0.000000 102.000000 204.000000 5.000000 98.256890 903.160563
11.000000 8.000000 10.000000 104.000000 24.000000 24.000000 5.000000 98.393113 910.728473
11.000000 9.000000 10.000000 104.000000 24.000000 24.000000 5.000000 98.601216 922.289784
11.000000 10.000000 10.000000 104.000000 24.000000 24.000000 5.000000 98.212627 900.701524
11.000000 11.000000 10.000000 104.000000 24.000000 24.000000 5.000000 97.898863 883.270190
11.000000 12.000000 10.000000 104.000000 24.000000 24.000000 5.000000 98.164917 898.050940
11.000000 13.000000 10.000000 0.000000 102.000000 204.000000 5.000000 98.274402 904.133420
11.000000 14.000000 10.000000 0.000000 102.000000 204.000000 5.000000 98.532794 918.488580
11.000000 15.000000 10.000000 0.000000 102.000000 204.000000 5.000000 98.297387 905.410395
11.000000 16.000000 10.000000 0.000000 102.000000 204.000000 5.000000 98.363209 909.067149
11.000000 17.000000 10.000000 0.000000 0.000000 0.000000 0.000000 100.000000 1000.000000
11.000000 18.000000 10.000000 0.000000 0.000000 0.000000 0.000000 100.000000 1000.000000
11.000000 19.000000 10.000000 0.000000 0.000000 0.000000 0.000000 100.000000 1000.000000
12.000000 0.000000 10.000000 0.000000 0.000000 0.000000 0.000000 100.000000 1000.000000
12.000000 1.000000 10.000000 0.000000 0.000000 0.000000 0.000000 100.000000 1000.000000
12.000000 2.000000 10.000000 0.000000 0.000000 0.000000 0.000000 100.000000 1000.000000
12.000000 3.000000 10.000000 0.000000 0.000000 0.000000 0.000000 100.000000 1000.000000
12.000000 4.000000 10.000000 0.000000 102.000000 204.000000 5.000000 98.601348 922.297096
12.000000 5.000000 10.000000 0.000000 102.000000 204.000000 5.000000 98.010049 889.447193
12.000000 6.000000 10.000000 0.000000 102.000000 204.000000 5.000000 98.289492 904.971754
12.000000 7.000000 10.000000 0.000000 102.000000 204.000000 5.000000 98.287966 904.886987
12.000000 8.000000 10.000000 104.000000 24.000000 24.000000 5.000000 98.546786 919.265907
12.000000 9.000000 10.000000 104.000000 24.000000 24.000000 5.000000 98.177973 898.776285
12.000000 10.000000 10.000000 104.000000 24.000000 24.000000 5.000000 227.788720 5377.151135
12.000000 11.000000 10.000000 104.000000 24.000000 24.000000 5.000000 98.243472 902.415124
12.000000 12.000000 10.000000 104.000000 24.000000 24.000000 5.000000 98.371765 909.542478
12.000000 13.000000 10.000000 0.000000 102.000000 204.000000 5.000000 98.394848 910.824886
12.000000 14.000000 10.000000 0.000000 102.000000 204.000000 5.000000 98.778028 932.112686
12.000000 15.000000 10.000000 0.000000 102.000000 204.000000 5.000000 98.568557 920.475362
12.000000 16.000000 10.000000 0.000000 102.000000 204.000000 5.000000 97.767263 875.959058
12.000000 17.000000 10.000000 0.000000 0.000000 0.000000 0.000000 100.000000 1000.000000
12.000000 18.000000 10.000000 0.000000 0.000000 0.000000 0.000000 100.000000 1000.000000
12.000000 19.000000 10.000000 0.000000 0.000000 0.000000 0.000000 100.000000 1000.000000
13.000000 0.000000 10.000000 0.000000 0.000000 0.000000 0.000000 100.000000 1000.000000
13.000000 1.000000 10.000000 0.000000 0.000000 0.000000 0.000000 100.000000 1000.000000
13.000000 2.000000 10.000000 0.000000 0.000000 0.000000 0.000000 100.000000 1000.000000
13.000000 3.000000 10.000000 0.000000 0.000000 0.000000 0.000000 100.000000 1000.000000
13.000000 4.000000 10.000000 0.000000 102.000000 204.000000 5.000000 98.411539 911.752188
13.000000 5.000000 10.000000 0.000000 102.000000 204.000000 5.000000 98.100986 894.499202
13.000000 6.000000 10.000000 0.000000 102.000000 204.000000 5.000000 98.367921 909.328957
13.000000 7.000000 10.000000 0.000000 102.000000 204.000000 5.000000 97.993114 888.506322
13.000000 8.000000 10.000000 0.000000 102.000000 204.000000 5.000000 98.571765 920.653629
13.000000 9.000000 10.000000 0.000000 102.000000 204.000000 5.000000 98.775844 931.991315
13.000000 10.000000 10.000000 104.000000 24.000000 24.000000 5.000000 98.085812 893.656244
13.000000 11.000000 10.000000 0.000000 102.000000 204.000000 5.000000 98.682888 926.827133
13.000000 12.000000 10.000000 0.000000 102.000000 204.000000 5.000000 98.254697 903.038724
13.000000 13.000000 10.000000 0.000000 102.000000 204.000000 5.000000 98.519552 917.752900
13.000000 14.000000 10.000000 0.000000 102.000000 204.000000 5.000000 98.265923 903.662365
13.000000 15.000000 10.000000 0.000000 102.000000 204.000000 5.000000 97.895724 883.095794
13.000000 16.000000 10.000000 0.000000 102.000000 204.000000 5.000000 98.475373 915.298501
13.000000 17.000000 10.000000 0.000000 0.000000 0.000000 0.000000 100.000000 1000.000000
13.000000 18.000000 10.000000 0.000000 0.000000 0.000000 0.000000 100.000000 1000.000000
13.000000 19.000000 10.000000 0.000000 0.000000 0.000000 0.000000 100.000000 1000.000000
14.000000 0.000000 10.000000 0.000000 0.000000 0.000000 0.000000 100.000000 1000.000000
14.000000 1.000000 10.000000 0.000000 0.000000 0.000000 0.000000 100.000000 1000.000000
14.000000 2.000000 10.000000 0.000000 0.000000 0.000000 0.000000 100.000000 1000.000000
14.000000 3.000000 10.000000 0.000000 0.000000 0.000000 0.000000 100.000000 1000.000000
14.000000 4.000000 10.000000 0.000000 0.000000 0.000000 0.000000 100.000000 1000.000000
14.000000 5.000000 10.000000 0.000000 102.000000 204.000000 5.000000 98.321097 906.727605
14.000000 6.000000 10.000000 0.000000 102.000000 204.000000 5.000000 98.625193 923.621835
14.000000 7.000000 10.000000 0.000000 102.000000 204.000000 5.000000 98.452485 914.026951
14.000000 8.000000 10.000000 0.000000 102.000000 204.000000 5.000000 98.054512 891.917360
14.000000 9.000000 10.000000 0.000000 102.000000 204.000000 5.000000 98.090227 893.901496
14.000000 10.000000 10.000000 0.000000 102.000000 204.000000 5.000000 97.544271 863.570600
14.000000 11.000000 10.000000 0.000000 102.000000 204.000000 5.000000 98.517793 917.655148
14.000000 12.000000 10.000000 0.000000 102.000000 204.000000 5.000000 228.269020 5403.834418
14.000000 13.000000 10.000000 0.000000 102.000000 204.000000 5.000000 98.288951 904.941741
14.000000 14.000000 10.000000 0.000000 102.000000 204.000000 5.000000 98.239843 902.213513
14.000000 15.000000 10.000000 0.000000 102.000000 204.000000 5.000000 98.162678 897.926564
14.000000 16.000000 10.000000 0.000000 0.000000 0.000000 0.000000 100.000000 1000.000000
14.000000 17.000000 10.000000 0.000000 0.000000 0.000000 0.000000 100.000000 1000.000000
14.000000 18.000000 10.000000 0.000000 0.000000 0.000000 0.000000 100.000000 1000.000000
14.000000 19.000000 10.000000 0.000000 0.000000 0.000000 0.000000 100.000000 1000.000000
15.000000 0.000000 10.000000 0.000000 0.000000 0.000000 0.000000 100.000000 1000.000000
15.000000 1.000000 10.000000 0.000000 0.000000 0.000000 0.000000 100.000000 1000.000000
15.000000 2.000000 10.000000 0.000000 0.000000 0.000000 0.000000 100.000000 1000.000000
15.000000 3.000000 10.000000 0.000000 0.000000 0.000000 0.000000 100.000000 1000.000000
15.000000 4.000000 10.000000 0.000000 0.000000 0.000000 0.000000 100.000000 1000.000000
15.000000 5.000000 10.000000 0.000000 0.000000 0.000000 0.000000 100.000000 1000.000000
15.000000 6.000000 10.000000 0.000000 102.000000 204.000000 5.000000 98.409627 911.645963
15.000000 7.000000 10.000000 0.000000 102.000000 204.000000 5.000000 98.158151 897.675071
15.000000 8.000000 10.000000 0.000000 102.000000 204.000000 5.000000 98.204504 900.250201
15.000000 9.000000 10.000000 0.000000 102.000000 204.000000 5.000000 98.318022 906.556786
15.000000 10.000000 10.000000 0.000000 102.000000 204.000000 5.000000 98.009959 889.442149
15.000000 11.000000 10.000000 0.000000 102.000000 204.000000 5.000000 98.491919 916.217750
15.000000 12.000000 10.000000 0.000000 102.000000 204.000000 5.000000 98.232163 901.786831
15.000000 13.000000 10.000000 0.000000 102.000000 204.000000 5.000000 98.333126 907.395906
15.000000 14.000000 10.000000 0.000000 102.000000 204.000000 5.000000 98.626025 923.668061
15.000000 15.000000 10.000000 0.000000 0.000000 0.000000 0.000000 100.000000 1000.000000
15.000000 16.000000 10.000000 0.000000 0.000000 0.000000 0.000000 100.000000 1000.000000
15.000000 17.000000 10.000000 0.000000 0.000000 0.000000 0.000000 100.000000 1000.000000
15.000000 18.000000 10.000000 0.000000 0.000000 0.000000 0.000000 100.000000 1000.000000
15.000000 19.000000 10.000000 0.000000 0.000000 0.000000 0.000000 100.000000 1000.000000
16.000000 0.000000 10.000000 0.000000 0.000000 0.000000 0.000000 100.000000 1000.000000
16.000000 1.000000 10.000000 0.000000 0.000000 0.000000 0.000000 100.000000 1000.000000
16.000000 2.000000 10.000000 0.000000 0.000000 0.000000 0.000000 100.000000 1000.000000
16.000000 3.000000 10.000000 0.000000 0.000000 0.000000 0.000000 100.000000 1000.000000
16.000000 4.000000 10.000000 0.000000 0.000000 0.000000 0.000000 100.000000 1000.000000
16.000000 5.000000 10.000000 0.000000 0.000000 0.000000 0.000000 100.000000 1000.000000
16.000000 6.000000 10.000000 0.000000 0.000000 0.000000 0.000000 100.000000 1000.000000
16.000000 7.000000 10.000000 0.000000 102.000000 204.000000 5.000000 98.179763 898.875713
16.000000 8.000000 10.000000 0.000000 102.000000 204.000000 5.000000 98.755863 930.881256
16.000000 9.000000 10.000000 0.000000 102.000000 204.000000 5.000000 98.142779 896.821058
16.000000 10.000000 10.000000 0.000000 102.000000 204.000000 5.000000 98.381682 910.093469
16.000000 11.000000 10.000000 0.000000 102.000000 204.000000 5.000000 98.492661 916.258931
16.000000 12.000000 10.000000 0.000000 102.000000 204.000000 5.000000 98.090596 893.921982
16.000000 13.000000 10.000000 0.000000 102.000000 204.000000 5.000000 98.556278 919.793229
16.000000 14.000000 10.000000 0.000000 0.000000 0.000000 0.000000 100.000000 1000.000000
16.000000 15.000000 10.000000 0.000000 0.000000 0.000000 0.000000 100.000000 1000.000000
16.000000 16.000000 10.000000 0.000000 0.000000 0.000000 0.000000 100.000000 1000.000000
16.000000 17.000000 10.000000 0.000000 0.000000 0.000000 0.000000 100.000000 1000.000000
16.000000 18.000000 10.000000 0.000000 0.000000 0.000000 0.000000 100.000000 1000.000000
16.000000 19.000000 10.000000 0.000000 0.000000 0.000000 0.000000 100.000000 1000.000000
17.000000 0.000000 10.000000 0.000000 0.000000 0.000000 0.000000 100.000000 1000.000000
17.000000 1.000000 10.000000 0.000000 0.000000 0.000000 0.000000 100.000000 1000.000000
17.000000 2.000000 10.000000 0.000000 0.000000 0.000000 0.000000 100.000000 1000.000000
17.000000 3.000000 10.000000 0.000000 0.000000 0.000000 0.000000 100.000000 1000.000000
17.000000 4.000000 10.000000 0.000000 0.000000 0.000000 0.000000 100.000000 1000.000000
17.000000 5.000000 10.000000 0.000000 0.000000 0.000000 0.000000 100.000000 1000.000000
17.000000 6.000000 10.000000 0.000000 0.000000 0.000000 0.000000 100.000000 1000.000000
17.000000 7.000000 10.000000 0.000000 0.000000 0.000000 0.000000 100.000000 1000.000000
17.000000 8.000000 10.000000 0.000000 0.000000 0.000000 0.000000 100.000000 1000.000000
17.000000 9.000000 10.000000 0.000000 0.000000 0.000000 0.000000 100.000000 1000.000000
17.000000 10.000000 10.000000 0.000000 102.000000 204.000000 5.000000 98.094827 894.157031
17.000000 11.000000 10.000000 0.000000 0.000000 0.000000 0.000000 100.000000 1000.000000
17.000000 12.000000 10.000000 0.000000 0.000000 0.000000 0.000000 100.000000 1000.000000
17.000000 13.000000 10.000000 0.000000 0.000000 0.000000 0.000000 100.000000 1000.000000
17.000000 14.000000 10.000000 0.000000 0.000000 0.000000 0.000000 100.000000 1000.000000
17.000000 15.000000 10.000000 0.000000 0.000000 0.000000 0.000000 100.000000 1000.000000
17.000000 16.000000 10.000000 0.000000 0.000000 0.000000 0.000000 100.000000 1000.000000
17.000000 17.000000 10.000000 0.000000 0.000000 0.000000 0.000000 100.000000 1000.000000
17.000000 18.000000 10.000000 0.000000 0.000000 0.000000 0.000000 100.000000 1000.000000
17.000000 19.000000 10.000000 0.000000 0.000000 0.000000 0.000000 100.000000 1000.000000
18.000000 0.000000 10.000000 0.000000 0.000000 0.000000 0.000000 100.000000 1000.000000
18.000000 1.000000 10.000000 0.000000 0.000000 0.000000 0.000000 100.000000 1000.000000
18.000000 2.000000 10.000000 0.000000 0.000000 0.000000 0.000000 100.000000 1000.000000
18.000000 3.000000 10.000000 0.000000 0.000000 0.000000 0.000000 100.000000 1000.000000
18.000000 4.000000 10.000000 0.000000 0.000000 0.000000 0.000000 100.000000 1000.000000
18.000000 5.000000 10.000000 0.000000 0.000000 0.000000 0.000000 100.000000 1000.000000
18.000000 6.000000 10.000000 0.000000 0.000000 0.000000 0.000000 100.000000 1000.000000
18.000000 7.000000 10.000000 0.000000 0.000000 0.000000 0.000000 100.000000 1000.000000
18.000000 8.000000 10.000000 0.000000 0.000000 0.000000 0.000000 100.000000 1000.000000
18.000000 9.000000 10.000000 0.000000 0.000000 0.000000 0.000000 100.000000 1000.000000
18.000000 10.000000 10.000000 0.000000 0.000000 0.000000 0.000000 100.000000 1000.000000
18.000000 11.000000 10.000000 0.000000 0.000000 0.000000 0.000000 100.000000 1000.000000
18.000000 12.000000 10.000000 0.000000 0.000000 0.000000 0.000000 100.000000 1000.000000
18.000000 13.000000 10.000000 0.000000 0.000000 0.000000 0.000000 100.000000 1000.000000
18.000000 14.000000 10.000000 0.000000 0.000000 0.000000 0.000000 100.000000 1000.000000
18.000000 15.000000 10.000000 0.000000 0.000000 0.000000 0.000000 100.000000 1000.000000
18.000000 16.000000 10.000000 0.000000 0.000000 0.000000 0.000000 100.000000 1000.000000
18.000000 17.000000 10.000000 0.000000 0.000000 0.000000 0.000000 100.000000 1000.000000
18.000000 18.000000 10.000000 0.000000 0.000000 0.000000 0.000000 100.000000 1000.000000
18.000000 19.000000 10.000000 0.000000 0.000000 0.000000 0.000000 100.000000 1000.000000
19.000000 0.000000 10.000000 0.000000 0.000000 0.000000 0.000000 100.000000 1000.000000
19.000000 1.000000 10.000000 0.000000 0.000000 0.000000 0.000000 100.000000 1000.000000
19.000000 2.000000 10.000000 0.000000 0.000000 0.000000 0.000000 100.000000 1000.000000
19.000000 3.000000 10.000000 0.000000 0.000000 0.000000 0.000000 100.000000 1000.000000
19.000000 4.000000 10.000000 0.000000 0.000000 0.000000 0.000000 100.000000 1000.000000
19.000000 5.000000 10.000000 0.000000 0.000000 0.000000 0.000000 100.000000 1000.000000
19.000000 6.000000 10.000000 0.000000 0.000000 0.000000 0.000000 100.000000 1000.000000
19.000000 7.000000 10.000000 0.000000 0.000000 0.000000 0.000000 100.000000 1000.000000
19.000000 8.000000 10.000000 0.000000 0.000000 0.000000 0.000000 100.000000 1000.000000
19.000000 9.000000 10.000000 0.000000 0.000000 0.000000 0.000000 100.000000 1000.000000
19.000000 10.000000 10.000000 0.000000 0.000000 0.000000 0.000000 100.000000 1000.000000
19.000000 11.000000 10.000000 0.000000 0.000000 0.000000 0.000000 100.000000 1000.000000
19.000000 12.000000 10.000000 0.000000 0.000000 0.000000 0.000000 100.000000 1000.000000
19.000000 13.000000 10.000000 0.000000 0.000000 0.000000 0.000000 100.000000 1000.000000
19.000000 14.000000 10.000000 0.000000 0.000000 0.000000 0.000000 100.000000 1000.000000
19.000000 15.000000 10.000000 0.000000 0.000000 0.000000 0.000000 100.000000 1000.000000
19.000000 16.000000 10.000000 0.000000 0.000000 0.000000 0.000000 100.000000 1000.000000
19.000000 17.000000 10.000000 0.000000 0.000000 0.000000 0.000000 100.000000 1000.000000
19.000000 18.000000 10.000000 0.000000 0.000000 0.000000 0.000000 100.000000 1000.000000
19.000000 19.000000 10.000000 0.000000 0.000000 0.000000 0.000000 100.000000 1000.000000
