# i (x-axis) 
#  j (y-axis) 
#  k (z-axis) 
#  RGB (R) 
#  RGB (G) 
#  RGB (B) 
#  number per voxel 
#  glucose 
#  oxygen
0.000000 0.000000 10.000000 0.000000 0.000000 0.000000 0.000000 21970082028389.550781 229775071545788.562500
0.000000 1.000000 10.000000 0.000000 0.000000 0.000000 0.000000 43256246365796.328125 452003049888219.875000
0.000000 2.000000 10.000000 0.000000 0.000000 0.000000 0.000000 63228394407058.726562 659777683677598.750000
0.000000 3.000000 10.000000 0.000000 0.000000 0.000000 0.000000 81354979533863.859375 847364096406840.000000
0.000000 4.000000 10.000000 0.000000 0.000000 0.000000 0.000000 97231470902427.312500 1010531871333596.750000
0.000000 5.000000 10.000000 0.000000 0.000000 0.000000 0.000000 110588719164862.562500 1146644378145702.750000
0.000000 6.000000 10.000000 0.000000 0.000000 0.000000 0.000000 121281424668702.390625 1254507066820142.750000
0.000000 7.000000 10.000000 0.000000 0.000000 0.000000 0.000000 129260728605774.156250 1334023882989126.250000
0.000000 8.000000 10.000000 0.000000 0.000000 0.000000 0.000000 134537785233599.156250 1385745329128539.500000
0.000000 9.000000 10.000000 0.000000 0.000000 0.000000 0.000000 137146531418382.781250 1410407942289651.500000
0.000000 10.000000 10.000000 0.000000 0.000000 0.000000 0.000000 137113592943207.953125 1408561254593878.250000
0.000000 11.000000 10.000000 0.000000 0.000000 0.000000 0.000000 134441515315765.546875 1380356743482636.500000
0.000000 12.000000 10.000000 0.000000 0.000000 0.000000 0.000000 129108671800213.109375 1325538816257725.000000
0.000000 13.000000 10.000000 0.000000 0.000000 0.000000 0.000000 121085808900804.921875 1243637038791701.500000
0.000000 14.000000 10.000000 0.000000 0.000000 0.000000 0.000000 110365818208689.812500 1134318642197135.500000
0.000000 15.000000 10.000000 0.000000 0.000000 0.000000 0.000000 97000543282179.390625 997827564259893.500000
0.000000 16.000000 10.000000 0.000000 0.000000 0.000000 0.000000 81136744370549.515625 835416694070010.000000
0.000000 17.000000 10.000000 0.000000 0.000000 0.000000 0.000000 63043116978408.218750 649677661008662.375000
0.000000 18.000000 10.000000 0.000000 0.000000 0.000000 0.000000 43121631938959.781250 444688883304151.250000
0.000000 19.000000 10.000000 0.000000 0.000000 0.000000 0.000000 21899272582141.816406 225935649218046.812500
1.000000 0.000000 10.000000 0.000000 0.000000 0.000000 0.000000 43095366131378.179688 450285060172662.875000
1.000000 1.000000 10.000000 0.000000 0.000000 0.000000 0.000000 84849893333872.140625 885788703541332.250000
1.000000 2.000000 10.000000 0.000000 0.000000 0.000000 0.000000 124028113413441.812500 1292981847870023.250000
1.000000 3.000000 10.000000 0.000000 0.000000 0.000000 0.000000 159587523294067.281250 1660624823753562.000000
1.000000 4.000000 10.000000 0.000000 0.000000 0.000000 0.000000 190734349415706.906250 1980419143385954.750000
1.000000 5.000000 10.000000 0.000000 0.000000 0.000000 0.000000 216939988688604.062500 2247183550427754.750000
1.000000 6.000000 10.000000 0.000000 0.000000 0.000000 0.000000 237918513873336.687500 2458559572260314.000000
1.000000 7.000000 10.000000 0.000000 0.000000 0.000000 0.000000 253573102814715.125000 2614342322738695.000000
1.000000 8.000000 10.000000 0.000000 0.000000 0.000000 0.000000 263924801955104.406250 2715599314013308.000000
1.000000 9.000000 10.000000 0.000000 0.000000 0.000000 0.000000 269039693023659.812500 2763771739608665.500000
1.000000 10.000000 10.000000 0.000000 0.000000 0.000000 0.000000 268969993951736.687500 2759945552897003.500000
1.000000 11.000000 10.000000 0.000000 0.000000 0.000000 0.000000 263721203282597.250000 2704437771327490.000000
1.000000 12.000000 10.000000 0.000000 0.000000 0.000000 0.000000 253251856159889.562500 2596776400906012.000000
1.000000 13.000000 10.000000 0.000000 0.000000 0.000000 0.000000 237505826181839.500000 2436072865601406.000000
1.000000 14.000000 10.000000 0.000000 0.000000 0.000000 0.000000 216470511630120.406250 2221707488336165.750000
1.000000 15.000000 10.000000 0.000000 0.000000 0.000000 0.000000 190248801539479.750000 1954184523986430.750000
1.000000 16.000000 10.000000 0.000000 0.000000 0.000000 0.000000 159129412571770.656250 1635974810419500.500000
1.000000 17.000000 10.000000 0.000000 0.000000 0.000000 0.000000 123639737367495.015625 1272159304238240.000000
1.000000 18.000000 10.000000 0.000000 0.000000 0.000000 0.000000 84568024132443.046875 870718509676948.750000
1.000000 19.000000 10.000000 0.000000 0.000000 0.000000 0.000000 42947199884588.703125 442377231779833.875000
2.000000 0.000000 10.000000 0.000000 0.000000 0.000000 0.000000 62625726158875.843750 653401783025022.125000
2.000000 1.000000 10.000000 0.000000 0.000000 0.000000 0.000000 123304571379921.734375 1285374076989283.000000
2.000000 2.000000 10.000000 0.000000 0.000000 0.000000 0.000000 180242319155872.781250 1876296433767813.000000
2.000000 3.000000 10.000000 0.000000 0.000000 0.000000 0.000000 231924357496375.000000 2409856261559734.000000
2.000000 4.000000 10.000000 0.000000 0.000000 0.000000 0.000000 277196555691163.500000 2873992316343595.000000
2.000000 5.000000 10.000000 0.000000 0.000000 0.000000 0.000000 315289228517867.062500 3261152488258551.000000
2.000000 6.000000 10.000000 0.000000 0.000000 0.000000 0.000000 345784739159198.812500 3567873193374011.000000
2.000000 7.000000 10.000000 0.000000 0.000000 0.000000 0.000000 368540099939439.250000 3793817970433045.000000
2.000000 8.000000 10.000000 0.000000 0.000000 0.000000 0.000000 383583961123786.625000 3940509309555240.500000
2.000000 9.000000 10.000000 0.000000 0.000000 0.000000 0.000000 391011227962651.375000 4010033417580261.000000
2.000000 10.000000 10.000000 0.000000 0.000000 0.000000 0.000000 390897776049680.125000 4003987536568234.000000
2.000000 11.000000 10.000000 0.000000 0.000000 0.000000 0.000000 383252795463839.250000 3922879460448127.000000
2.000000 12.000000 10.000000 0.000000 0.000000 0.000000 0.000000 368018287878818.000000 3766092786999793.500000
2.000000 13.000000 10.000000 0.000000 0.000000 0.000000 0.000000 345115649151168.500000 3532417273841465.000000
2.000000 14.000000 10.000000 0.000000 0.000000 0.000000 0.000000 314529725634874.000000 3221030934974945.500000
2.000000 15.000000 10.000000 0.000000 0.000000 0.000000 0.000000 276412847786472.906250 2832728035792214.000000
2.000000 16.000000 10.000000 0.000000 0.000000 0.000000 0.000000 231186548721313.187500 2371131286329854.000000
2.000000 17.000000 10.000000 0.000000 0.000000 0.000000 0.000000 179618008786758.406250 1843619024321220.500000
2.000000 18.000000 10.000000 0.000000 0.000000 0.000000 0.000000 122852133602713.187500 1261743431148967.000000
2.000000 19.000000 10.000000 0.000000 0.000000 0.000000 0.000000 62388119112926.835938 641008448992103.750000
3.000000 0.000000 10.000000 0.000000 0.000000 0.000000 0.000000 79981255058216.546875 833034960912472.875000
3.000000 1.000000 10.000000 0.000000 0.000000 0.000000 0.000000 157478758862030.250000 1638781746420248.500000
3.000000 2.000000 10.000000 0.000000 0.000000 0.000000 0.000000 230202965494660.812500 2392244686967920.000000
3.000000 3.000000 10.000000 0.000000 0.000000 0.000000 0.000000 296220066695549.875000 3072621201810107.000000
3.000000 4.000000 10.000000 0.000000 0.000000 0.000000 0.000000 354055015455033.000000 3664500791404762.500000
3.000000 5.000000 10.000000 0.000000 0.000000 0.000000 0.000000 402722252778914.500000 4158197603784468.000000
3.000000 6.000000 10.000000 0.000000 102.000000 204.000000 1.000000 441684821881164.250000 4549225476944844.000000
3.000000 7.000000 10.000000 0.000000 102.000000 204.000000 3.000000 470756273810515.750000 4837088652729862.000000
3.000000 8.000000 10.000000 0.000000 102.000000 204.000000 4.000000 489969965250786.312500 5023682905279994.000000
3.000000 9.000000 10.000000 0.000000 102.000000 204.000000 1.000000 499445242807550.875000 5111659477448272.000000
3.000000 10.000000 10.000000 0.000000 102.000000 204.000000 5.000000 499279042746239.125000 5103091777414225.000000
3.000000 11.000000 10.000000 0.000000 102.000000 204.000000 2.000000 489485181106784.812500 4998709690545831.000000
3.000000 12.000000 10.000000 0.000000 102.000000 204.000000 2.000000 469993461272001.625000 4797845799906352.000000
3.000000 13.000000 10.000000 0.000000 102.000000 204.000000 4.000000 440708558419524.750000 4499094321685829.500000
3.000000 14.000000 10.000000 0.000000 102.000000 204.000000 2.000000 401616520445194.375000 4101541476626279.000000
3.000000 15.000000 10.000000 0.000000 0.000000 0.000000 0.000000 352916698995419.750000 3606308956076711.000000
3.000000 16.000000 10.000000 0.000000 0.000000 0.000000 0.000000 295150810988231.625000 3018080838380865.000000
3.000000 17.000000 10.000000 0.000000 0.000000 0.000000 0.000000 229299959928984.375000 2346273856375874.500000
3.000000 18.000000 10.000000 0.000000 0.000000 0.000000 0.000000 156825339075754.468750 1605567244093023.750000
3.000000 19.000000 10.000000 0.000000 0.000000 0.000000 0.000000 79638425504012.500000 815624989153338.375000
4.000000 0.000000 10.000000 0.000000 0.000000 0.000000 0.000000 94794351898539.171875 985619961733559.000000
4.000000 1.000000 10.000000 0.000000 0.000000 0.000000 0.000000 186648592266216.531250 1938998586509082.250000
4.000000 2.000000 10.000000 0.000000 0.000000 0.000000 0.000000 272851721401030.812500 2830587394669265.000000
4.000000 3.000000 10.000000 0.000000 0.000000 0.000000 0.000000 351112488406891.500000 3635764952329811.000000
4.000000 4.000000 10.000000 0.000000 0.000000 0.000000 0.000000 419681126627231.375000 4336249970189881.000000
4.000000 5.000000 10.000000 0.000000 102.000000 204.000000 3.000000 477385940764167.187500 4920500276312401.000000
4.000000 6.000000 10.000000 0.000000 102.000000 204.000000 4.000000 523585530859774.062500 5383107660885292.000000
4.000000 7.000000 10.000000 0.000000 102.000000 204.000000 5.000000 558053583314863.375000 5723390417515305.000000
4.000000 8.000000 10.000000 0.000000 102.000000 204.000000 5.000000 580825159856192.625000 5943527226151533.000000
4.000000 9.000000 10.000000 0.000000 102.000000 204.000000 5.000000 592039181113058.625000 6046643351757631.000000
4.000000 10.000000 10.000000 0.000000 102.000000 204.000000 5.000000 591810680764722.625000 6035245942464663.000000
4.000000 11.000000 10.000000 104.000000 24.000000 24.000000 6.000000 580159068439673.750000 5910318231266758.000000
4.000000 12.000000 10.000000 0.000000 102.000000 204.000000 5.000000 557006719721860.750000 5671242567431796.000000
4.000000 13.000000 10.000000 0.000000 102.000000 204.000000 5.000000 522247906132470.187500 5316555389259382.000000
4.000000 14.000000 10.000000 0.000000 102.000000 204.000000 5.000000 475873812706542.562500 4845371540392622.000000
4.000000 15.000000 10.000000 0.000000 102.000000 204.000000 1.000000 418127571967897.750000 4259178125944901.000000
4.000000 16.000000 10.000000 0.000000 0.000000 0.000000 0.000000 349656016687202.750000 3563613729756281.000000
4.000000 17.000000 10.000000 0.000000 0.000000 0.000000 0.000000 271623795497689.937500 2769835276417734.500000
4.000000 18.000000 10.000000 0.000000 0.000000 0.000000 0.000000 185761231189148.500000 1895139545846345.500000
4.000000 19.000000 10.000000 0.000000 0.000000 0.000000 0.000000 94329169364436.500000 962642130233857.250000
5.000000 0.000000 10.000000 0.000000 0.000000 0.000000 0.000000 106912082764335.187500 1110113897320694.000000
5.000000 1.000000 10.000000 0.000000 0.000000 0.000000 0.000000 210512541474390.562500 2183968439526266.500000
5.000000 2.000000 10.000000 0.000000 0.000000 0.000000 0.000000 307746866078145.250000 3188312945679165.500000
5.000000 3.000000 10.000000 0.000000 0.000000 0.000000 0.000000 396031683698058.875000 4095403730997414.000000
5.000000 4.000000 10.000000 0.000000 102.000000 204.000000 2.000000 473391610604874.250000 4884588819517403.000000
5.000000 5.000000 10.000000 0.000000 102.000000 204.000000 2.000000 538500726180968.687500 5542764149744126.000000
5.000000 6.000000 10.000000 0.000000 102.000000 204.000000 5.000000 590629525179890.750000 6063711940225256.000000
5.000000 7.000000 10.000000 104.000000 24.000000 24.000000 7.000000 629516272366419.000000 6446544751201356.000000
5.000000 8.000000 10.000000 0.000000 102.000000 204.000000 5.000000 655195113985564.750000 6693635993668386.000000
5.000000 9.000000 10.000000 104.000000 24.000000 24.000000 7.000000 667819759182923.125000 6808492297892917.000000
5.000000 10.000000 10.000000 104.000000 24.000000 24.000000 12.000000 667520306523173.375000 6794007741940499.000000
5.000000 11.000000 10.000000 104.000000 24.000000 24.000000 9.000000 654322604204892.625000 6651444235558977.000000
5.000000 12.000000 10.000000 104.000000 24.000000 24.000000 7.000000 628146220219031.125000 6380328233626037.000000
5.000000 13.000000 10.000000 104.000000 24.000000 24.000000 6.000000 588881107844385.250000 5979269798388169.000000
5.000000 14.000000 10.000000 0.000000 102.000000 204.000000 5.000000 536527088107758.000000 5447526502466821.000000
5.000000 15.000000 10.000000 0.000000 102.000000 204.000000 5.000000 471367024021314.562500 4786981917543678.000000
5.000000 16.000000 10.000000 0.000000 102.000000 204.000000 1.000000 394136438698043.812500 4004113563203673.000000
5.000000 17.000000 10.000000 0.000000 0.000000 0.000000 0.000000 306151106572809.812500 3111508610424087.500000
5.000000 18.000000 10.000000 0.000000 0.000000 0.000000 0.000000 209360538450660.781250 2128556164116421.500000
5.000000 19.000000 10.000000 0.000000 0.000000 0.000000 0.000000 106308556004908.281250 1081095067944282.750000
6.000000 0.000000 10.000000 0.000000 0.000000 0.000000 0.000000 116361495122800.687500 1207532174278292.750000
6.000000 1.000000 10.000000 0.000000 0.000000 0.000000 0.000000 229123213877413.000000 2375681640587306.000000
6.000000 2.000000 10.000000 0.000000 0.000000 0.000000 0.000000 334963823183541.250000 3468310958568743.500000
6.000000 3.000000 10.000000 0.000000 102.000000 204.000000 2.000000 431072306749505.812500 4455225138253558.500000
6.000000 4.000000 10.000000 0.000000 102.000000 204.000000 4.000000 515296434126879.937500 5313887688533394.000000
6.000000 5.000000 10.000000 104.000000 24.000000 24.000000 6.000000 586188138415530.125000 6029924668498420.000000
6.000000 6.000000 10.000000 104.000000 24.000000 24.000000 6.000000 642946704810110.000000 6596427742352618.000000
6.000000 7.000000 10.000000 104.000000 24.000000 24.000000 11.000000 685280182063651.375000 7012295183093838.000000
6.000000 8.000000 10.000000 104.000000 24.000000 24.000000 10.000000 713219930054223.875000 7280017891845939.000000
6.000000 9.000000 10.000000 104.000000 24.000000 24.000000 16.000000 726930194906522.000000 7403397307490376.000000
6.000000 10.000000 10.000000 104.000000 24.000000 24.000000 22.000000 726553281217694.250000 7385665863253456.000000
6.000000 11.000000 10.000000 104.000000 24.000000 24.000000 22.000000 712122076918619.875000 7228379015072899.000000
6.000000 12.000000 10.000000 104.000000 24.000000 24.000000 13.000000 683557341627264.750000 6931284059719502.000000
6.000000 13.000000 10.000000 0.000000 102.000000 204.000000 5.000000 640749925341061.375000 6493174914688985.000000
6.000000 14.000000 10.000000 0.000000 102.000000 204.000000 5.000000 583710851921514.875000 5913546066015115.000000
6.000000 15.000000 10.000000 0.000000 102.000000 204.000000 5.000000 512757881230082.250000 5194694980616226.000000
6.000000 16.000000 10.000000 0.000000 102.000000 204.000000 3.000000 428698358852785.687500 4343819502857821.000000
6.000000 17.000000 10.000000 0.000000 102.000000 204.000000 1.000000 332966802417575.812500 3374637387650110.500000
6.000000 18.000000 10.000000 0.000000 0.000000 0.000000 0.000000 227682544319839.125000 2308129203106534.500000
6.000000 19.000000 10.000000 0.000000 0.000000 0.000000 0.000000 115607073286644.500000 1172165812802366.000000
7.000000 0.000000 10.000000 0.000000 0.000000 0.000000 0.000000 123288001965676.156250 1280150754511584.500000
7.000000 1.000000 10.000000 0.000000 0.000000 0.000000 0.000000 242766177013036.875000 2518607442872393.500000
7.000000 2.000000 10.000000 0.000000 0.000000 0.000000 0.000000 354918344101801.875000 3677087865380289.500000
7.000000 3.000000 10.000000 0.000000 102.000000 204.000000 1.000000 456766599559173.062500 4723559896756687.000000
7.000000 4.000000 10.000000 0.000000 102.000000 204.000000 5.000000 546028163729561.625000 5634052811381785.000000
7.000000 5.000000 10.000000 104.000000 24.000000 24.000000 7.000000 621163713535934.000000 6393200030943652.000000
7.000000 6.000000 10.000000 104.000000 24.000000 24.000000 7.000000 681318128514539.125000 6993524361369480.000000
7.000000 7.000000 10.000000 104.000000 24.000000 24.000000 14.000000 726175094150881.750000 7433714666645065.000000
7.000000 8.000000 10.000000 104.000000 24.000000 24.000000 31.000000 755762252775567.000000 7716318113481136.000000
7.000000 9.000000 10.000000 104.000000 24.000000 24.000000 36.000000 770250932045322.000000 7845355203224762.000000
7.000000 10.000000 10.000000 104.000000 24.000000 24.000000 22.000000 769793103301708.625000 7824348104013672.000000
7.000000 11.000000 10.000000 104.000000 24.000000 24.000000 39.000000 754428977966235.750000 7655147550288080.000000
7.000000 12.000000 10.000000 104.000000 24.000000 24.000000 29.000000 724083596509440.875000 7337773883344296.000000
7.000000 13.000000 10.000000 104.000000 24.000000 24.000000 14.000000 678652657512583.625000 6871284463835961.000000
7.000000 14.000000 10.000000 104.000000 24.000000 24.000000 10.000000 618159724115795.000000 6255475905895681.000000
7.000000 15.000000 10.000000 104.000000 24.000000 24.000000 8.000000 542951876018713.437500 5493058393225381.000000
7.000000 16.000000 10.000000 0.000000 102.000000 204.000000 5.000000 453891588148114.437500 4591831090432974.000000
7.000000 17.000000 10.000000 0.000000 102.000000 204.000000 3.000000 352501150915334.250000 3566365959653307.000000
7.000000 18.000000 10.000000 0.000000 0.000000 0.000000 0.000000 241023140475132.781250 2438783141613070.500000
7.000000 19.000000 10.000000 0.000000 0.000000 0.000000 0.000000 122375491232155.718750 1238367054865597.250000
8.000000 0.000000 10.000000 0.000000 0.000000 0.000000 0.000000 127881319766270.250000 1330555962591574.750000
8.000000 1.000000 10.000000 0.000000 0.000000 0.000000 0.000000 251814282262709.218750 2617826553916035.000000
8.000000 2.000000 10.000000 0.000000 0.000000 0.000000 0.000000 368153895403324.625000 3822044800872423.000000
8.000000 3.000000 10.000000 0.000000 102.000000 204.000000 3.000000 473811355182312.312500 4909891580055471.000000
8.000000 4.000000 10.000000 0.000000 102.000000 204.000000 5.000000 566416345280916.875000 5856370833697745.000000
8.000000 5.000000 10.000000 0.000000 102.000000 204.000000 5.000000 644367429733405.125000 6645382317911996.000000
8.000000 6.000000 10.000000 104.000000 24.000000 24.000000 10.000000 706771474383422.125000 7269002762328550.000000
8.000000 7.000000 10.000000 104.000000 24.000000 24.000000 20.000000 753294171254167.875000 7725729867909025.000000
8.000000 8.000000 10.000000 104.000000 24.000000 24.000000 45.000000 783959445415331.875000 8018122682343535.000000
8.000000 9.000000 10.000000 104.000000 24.000000 24.000000 58.000000 798943086338409.625000 8150356758264213.000000
8.000000 10.000000 10.000000 104.000000 24.000000 24.000000 54.000000 798404536203440.625000 8126195589611049.000000
8.000000 11.000000 10.000000 104.000000 24.000000 24.000000 49.000000 782391265200408.125000 7947772816338943.000000
8.000000 12.000000 10.000000 104.000000 24.000000 24.000000 42.000000 750834683219518.375000 7615407126401756.000000
8.000000 13.000000 10.000000 104.000000 24.000000 24.000000 34.000000 703637908591716.000000 7128464816087562.000000
8.000000 14.000000 10.000000 104.000000 24.000000 24.000000 10.000000 640837070292911.000000 6487077134312985.000000
8.000000 15.000000 10.000000 104.000000 24.000000 24.000000 6.000000 562802291029511.000000 5694344328481179.000000
8.000000 16.000000 10.000000 0.000000 102.000000 204.000000 5.000000 470434910065139.250000 4758546769256884.000000
8.000000 17.000000 10.000000 0.000000 102.000000 204.000000 3.000000 365315964183910.687500 3694860076027544.000000
8.000000 18.000000 10.000000 0.000000 0.000000 0.000000 0.000000 249768326801782.500000 2526147481894210.000000
8.000000 19.000000 10.000000 0.000000 0.000000 0.000000 0.000000 126810383063149.468750 1282571569539229.000000
9.000000 0.000000 10.000000 0.000000 0.000000 0.000000 0.000000 130304353091217.187500 1360738123291755.000000
9.000000 1.000000 10.000000 0.000000 0.000000 0.000000 0.000000 256587764731911.468750 2677249419302991.500000
9.000000 2.000000 10.000000 0.000000 0.000000 0.000000 0.000000 375137432969551.250000 3908879639229553.000000
9.000000 3.000000 10.000000 0.000000 102.000000 204.000000 2.000000 482805584011399.500000 5021524302227989.000000
9.000000 4.000000 10.000000 0.000000 102.000000 204.000000 5.000000 577174566090174.250000 5989540076915442.000000
9.000000 5.000000 10.000000 104.000000 24.000000 24.000000 7.000000 656608456071121.625000 6796339196511046.000000
9.000000 6.000000 10.000000 104.000000 24.000000 24.000000 14.000000 720192106693372.875000 7433677304032198.000000
9.000000 7.000000 10.000000 104.000000 24.000000 24.000000 31.000000 767579981404268.125000 7899890749271484.000000
9.000000 8.000000 10.000000 104.000000 24.000000 24.000000 52.000000 798793035381570.875000 8197519841751373.000000
9.000000 9.000000 10.000000 104.000000 24.000000 24.000000 69.000000 814009564935177.750000 8330840069289990.000000
9.000000 10.000000 10.000000 104.000000 24.000000 24.000000 82.000000 813394528599573.625000 8303806481677945.000000
9.000000 11.000000 10.000000 104.000000 24.000000 24.000000 75.000000 797002234227545.625000 8118809205727714.000000
9.000000 12.000000 10.000000 104.000000 24.000000 24.000000 58.000000 764771626496604.000000 7776465043643970.000000
9.000000 13.000000 10.000000 104.000000 24.000000 24.000000 26.000000 716614558377334.250000 7276462421824765.000000
9.000000 14.000000 10.000000 104.000000 24.000000 24.000000 11.000000 652578554345663.000000 6619268075858957.000000
9.000000 15.000000 10.000000 104.000000 24.000000 24.000000 6.000000 573049839705870.250000 5808327311291843.000000
9.000000 16.000000 10.000000 0.000000 102.000000 204.000000 5.000000 478952681935648.000000 4852276728147952.000000
9.000000 17.000000 10.000000 0.000000 102.000000 204.000000 2.000000 371899506510374.062500 3766663724720726.000000
9.000000 18.000000 10.000000 0.000000 102.000000 204.000000 1.000000 254253703066610.375000 2574742957413730.500000
9.000000 19.000000 10.000000 0.000000 0.000000 0.000000 0.000000 129082696861398.562500 1307089234053283.000000
10.000000 0.000000 10.000000 0.000000 0.000000 0.000000 0.000000 130638459147834.468750 1371403534556444.500000
10.000000 1.000000 10.000000 0.000000 0.000000 0.000000 0.000000 257246546918153.218750 2698263208959724.500000
10.000000 2.000000 10.000000 0.000000 0.000000 0.000000 0.000000 376102144737862.500000 3939613052182850.500000
10.000000 3.000000 10.000000 0.000000 102.000000 204.000000 5.000000 484048447662364.312500 5061049208863474.000000
10.000000 4.000000 10.000000 104.000000 24.000000 24.000000 6.000000 578659332023492.750000 6036651318329496.000000
10.000000 5.000000 10.000000 104.000000 24.000000 24.000000 6.000000 658291350617100.125000 6849590210866151.000000
10.000000 6.000000 10.000000 104.000000 24.000000 24.000000 14.000000 722023258888178.125000 7491431473413579.000000
10.000000 7.000000 10.000000 104.000000 24.000000 24.000000 38.000000 769505357205287.500000 7960388892934805.000000
10.000000 8.000000 10.000000 104.000000 24.000000 24.000000 74.000000 800756818334534.875000 8258961406346527.000000
10.000000 9.000000 10.000000 104.000000 24.000000 24.000000 86.000000 815956823597916.500000 8391472420321953.000000
10.000000 10.000000 10.000000 104.000000 24.000000 24.000000 86.000000 815273925993736.375000 8362014027162808.000000
10.000000 11.000000 10.000000 104.000000 24.000000 24.000000 72.000000 798768484827099.875000 8173192587752502.000000
10.000000 12.000000 10.000000 104.000000 24.000000 24.000000 61.000000 766387406137685.750000 7825900781670127.000000
10.000000 13.000000 10.000000 104.000000 24.000000 24.000000 37.000000 718051625740247.625000 7320135293333459.000000
10.000000 14.000000 10.000000 104.000000 24.000000 24.000000 19.000000 653817941891185.125000 6656671911798462.000000
10.000000 15.000000 10.000000 104.000000 24.000000 24.000000 7.000000 574081101033604.500000 5839234215832620.000000
10.000000 16.000000 10.000000 0.000000 102.000000 204.000000 5.000000 479772320364935.562500 4876679296960756.000000
10.000000 17.000000 10.000000 104.000000 24.000000 24.000000 6.000000 372508833775182.000000 3784698892575942.000000
10.000000 18.000000 10.000000 0.000000 102.000000 204.000000 1.000000 254656466824886.125000 2586608991089162.000000
10.000000 19.000000 10.000000 0.000000 0.000000 0.000000 0.000000 129282855046603.281250 1312968588065960.750000
11.000000 0.000000 10.000000 0.000000 0.000000 0.000000 0.000000 128854734111623.562500 1361632544739893.000000
11.000000 1.000000 10.000000 0.000000 0.000000 0.000000 0.000000 253733722549864.187500 2679058793855755.000000
11.000000 2.000000 10.000000 0.000000 0.000000 0.000000 0.000000 370964882701589.500000 3911605238252692.500000
11.000000 3.000000 10.000000 0.000000 102.000000 204.000000 5.000000 477433096913236.500000 5025080353779640.000000
11.000000 4.000000 10.000000 0.000000 102.000000 204.000000 5.000000 570743303608352.125000 5993678748375389.000000
11.000000 5.000000 10.000000 104.000000 24.000000 24.000000 6.000000 649272034323843.375000 6800593031939695.000000
11.000000 6.000000 10.000000 104.000000 24.000000 24.000000 17.000000 712108257843157.250000 7437341711100392.000000
11.000000 7.000000 10.000000 104.000000 24.000000 24.000000 26.000000 758905417720963.500000 7902061408655661.000000
11.000000 8.000000 10.000000 104.000000 24.000000 24.000000 56.000000 789682172610029.750000 8197188246606398.000000
11.000000 9.000000 10.000000 104.000000 24.000000 24.000000 66.000000 804616885172673.875000 8327037338596577.000000
11.000000 10.000000 10.000000 104.000000 24.000000 24.000000 73.000000 803879538935885.750000 8295773919672282.000000
11.000000 11.000000 10.000000 104.000000 24.000000 24.000000 78.000000 787535367212528.875000 8106166220774549.000000
11.000000 12.000000 10.000000 104.000000 24.000000 24.000000 62.000000 755539146624709.750000 7759342573813546.000000
11.000000 13.000000 10.000000 104.000000 24.000000 24.000000 24.000000 707820637552261.250000 7255573474165587.000000
11.000000 14.000000 10.000000 104.000000 24.000000 24.000000 22.000000 644443144464287.250000 6595895863390819.000000
11.000000 15.000000 10.000000 104.000000 24.000000 24.000000 6.000000 565801725953620.250000 5784224384435070.000000
11.000000 16.000000 10.000000 104.000000 24.000000 24.000000 6.000000 472818018515332.625000 4829483403665191.000000
11.000000 17.000000 10.000000 0.000000 102.000000 204.000000 3.000000 367087054637566.937500 3747268555010967.500000
11.000000 18.000000 10.000000 0.000000 0.000000 0.000000 0.000000 250938734800776.812500 2560619373151982.000000
11.000000 19.000000 10.000000 0.000000 0.000000 0.000000 0.000000 127391942537204.125000 1299648531230288.000000
12.000000 0.000000 10.000000 0.000000 0.000000 0.000000 0.000000 124816275393084.281250 1328950392546608.000000
12.000000 1.000000 10.000000 0.000000 0.000000 0.000000 0.000000 245779979907672.187500 2614769080348801.500000
12.000000 2.000000 10.000000 0.000000 0.000000 0.000000 0.000000 359332559748436.375000 3817755571353651.000000
12.000000 3.000000 10.000000 0.000000 102.000000 204.000000 3.000000 462454794121423.687500 4904507535930098.000000
12.000000 4.000000 10.000000 0.000000 102.000000 204.000000 5.000000 552824866115005.000000 5849776965076228.000000
12.000000 5.000000 10.000000 104.000000 24.000000 24.000000 7.000000 628868528514470.250000 6637075615682908.000000
12.000000 6.000000 10.000000 104.000000 24.000000 24.000000 13.000000 689702165028022.375000 7258036413846824.000000
12.000000 7.000000 10.000000 104.000000 24.000000 24.000000 26.000000 734989873233520.125000 7710769366127378.000000
12.000000 8.000000 10.000000 104.000000 24.000000 24.000000 44.000000 764750807002533.625000 7997621484646584.000000
12.000000 9.000000 10.000000 104.000000 24.000000 24.000000 55.000000 779160317625131.250000 8122832217691347.000000
12.000000 10.000000 10.000000 104.000000 24.000000 24.000000 62.000000 778387132380746.875000 8090561850406125.000000
12.000000 11.000000 10.000000 104.000000 24.000000 24.000000 54.000000 762499746884009.125000 7903671185370963.000000
12.000000 12.000000 10.000000 104.000000 24.000000 24.000000 43.000000 731460400991280.000000 7563469320336160.000000
12.000000 13.000000 10.000000 104.000000 24.000000 24.000000 23.000000 685207158987303.000000 7070451480622743.000000
12.000000 14.000000 10.000000 104.000000 24.000000 24.000000 12.000000 623806719166087.000000 6425852034262655.000000
12.000000 15.000000 10.000000 104.000000 24.000000 24.000000 7.000000 547645640177705.812500 5633670736851351.000000
12.000000 16.000000 10.000000 0.000000 102.000000 204.000000 5.000000 457618412414438.937500 4702722644540750.000000
12.000000 17.000000 10.000000 0.000000 102.000000 204.000000 2.000000 355269259700563.000000 3648237621598640.500000
12.000000 18.000000 10.000000 0.000000 0.000000 0.000000 0.000000 242851581335934.718750 2492605454067882.000000
12.000000 19.000000 10.000000 0.000000 0.000000 0.000000 0.000000 123283751633524.921875 1265020684135381.750000
13.000000 0.000000 10.000000 0.000000 0.000000 0.000000 0.000000 118311350707176.062500 1269809153542526.250000
13.000000 1.000000 10.000000 0.000000 0.000000 0.000000 0.000000 232968841974430.062500 2498415893708902.000000
13.000000 2.000000 10.000000 0.000000 0.000000 0.000000 0.000000 340597361177037.250000 3647882039226637.500000
13.000000 3.000000 10.000000 0.000000 102.000000 204.000000 3.000000 438333169975552.187500 4686263505888069.000000
13.000000 4.000000 10.000000 0.000000 102.000000 204.000000 5.000000 523973902646180.562500 5589382511806270.000000
13.000000 5.000000 10.000000 104.000000 24.000000 24.000000 6.000000 596026347066962.875000 6341413865885322.000000
13.000000 6.000000 10.000000 104.000000 24.000000 24.000000 11.000000 653652730803088.000000 6934290117382306.000000
13.000000 7.000000 10.000000 104.000000 24.000000 24.000000 24.000000 696535479450297.250000 7366149876454970.000000
13.000000 8.000000 10.000000 104.000000 24.000000 24.000000 18.000000 724694733230937.750000 7639216005109651.000000
13.000000 9.000000 10.000000 104.000000 24.000000 24.000000 23.000000 738299841655185.375000 7757568949424156.000000
13.000000 10.000000 10.000000 104.000000 24.000000 24.000000 39.000000 737514849615315.000000 7725268269286905.000000
13.000000 11.000000 10.000000 104.000000 24.000000 24.000000 45.000000 722409429652899.500000 7545182372932557.000000
13.000000 12.000000 10.000000 104.000000 24.000000 24.000000 26.000000 692952708807461.750000 7218733908903801.000000
13.000000 13.000000 10.000000 104.000000 24.000000 24.000000 16.000000 649090539497795.750000 6746583580905078.000000
13.000000 14.000000 10.000000 104.000000 24.000000 24.000000 8.000000 590889810481790.625000 6130088215636460.000000
13.000000 15.000000 10.000000 104.000000 24.000000 24.000000 6.000000 518719235047929.062500 5373210024931576.000000
13.000000 16.000000 10.000000 0.000000 102.000000 204.000000 5.000000 433427270606047.125000 4484451556489519.500000
13.000000 17.000000 10.000000 0.000000 102.000000 204.000000 2.000000 336476349597655.562500 3478367310562464.500000
13.000000 18.000000 10.000000 0.000000 0.000000 0.000000 0.000000 229999243706887.062500 2376269265794801.000000
13.000000 19.000000 10.000000 0.000000 0.000000 0.000000 0.000000 116757396913192.656250 1205893237214199.250000
14.000000 0.000000 10.000000 0.000000 0.000000 0.000000 0.000000 109112322534931.859375 1180408709033937.000000
14.000000 1.000000 10.000000 0.000000 0.000000 0.000000 0.000000 214852597688895.312500 2322524101544857.500000
14.000000 2.000000 10.000000 0.000000 0.000000 0.000000 0.000000 314106007305891.875000 3391075293732404.000000
14.000000 3.000000 10.000000 0.000000 102.000000 204.000000 1.000000 404229676938639.625000 4356343703068809.000000
14.000000 4.000000 10.000000 0.000000 102.000000 204.000000 2.000000 483191209595045.250000 5195809726910351.000000
14.000000 5.000000 10.000000 0.000000 102.000000 204.000000 5.000000 549612957244304.375000 5894704734228721.000000
14.000000 6.000000 10.000000 104.000000 24.000000 24.000000 6.000000 602722660173491.000000 6445471199360458.000000
14.000000 7.000000 10.000000 104.000000 24.000000 24.000000 11.000000 642228823203994.375000 6846336175329568.000000
14.000000 8.000000 10.000000 104.000000 24.000000 24.000000 12.000000 668152408913339.375000 7099353600074312.000000
14.000000 9.000000 10.000000 104.000000 24.000000 24.000000 16.000000 680652842386306.875000 7208344410859336.000000
14.000000 10.000000 10.000000 104.000000 24.000000 24.000000 18.000000 679885236684199.875000 7177153327477734.000000
14.000000 11.000000 10.000000 104.000000 24.000000 24.000000 19.000000 665917881324354.000000 7008556229206289.000000
14.000000 12.000000 10.000000 104.000000 24.000000 24.000000 16.000000 638726136282643.500000 6704011677373263.000000
14.000000 13.000000 10.000000 104.000000 24.000000 24.000000 7.000000 598263293992714.000000 6264279518744540.000000
14.000000 14.000000 10.000000 0.000000 102.000000 204.000000 5.000000 544593329853537.500000 5690756385737023.000000
14.000000 15.000000 10.000000 0.000000 102.000000 204.000000 5.000000 478057389659754.375000 4987230538873397.000000
14.000000 16.000000 10.000000 0.000000 102.000000 204.000000 2.000000 399437746196815.875000 4161663355342856.500000
14.000000 17.000000 10.000000 0.000000 102.000000 204.000000 1.000000 310081583644562.187500 3227582750860181.500000
14.000000 18.000000 10.000000 0.000000 0.000000 0.000000 0.000000 211953083741897.750000 2204734917592821.250000
14.000000 19.000000 10.000000 0.000000 0.000000 0.000000 0.000000 107595204356016.375000 1118778950812864.625000
15.000000 0.000000 10.000000 0.000000 0.000000 0.000000 0.000000 97050354412697.812500 1057718666497984.500000
15.000000 1.000000 10.000000 0.000000 0.000000 0.000000 0.000000 191099303607809.718750 2081131714125920.500000
15.000000 2.000000 10.000000 0.000000 0.000000 0.000000 0.000000 279374424135855.437500 3038632144775747.500000
15.000000 3.000000 10.000000 0.000000 0.000000 0.000000 0.000000 359523445849159.937500 3903572289052205.500000
15.000000 4.000000 10.000000 0.000000 102.000000 204.000000 1.000000 429737663525852.250000 4655738901048222.000000
15.000000 5.000000 10.000000 0.000000 102.000000 204.000000 3.000000 488791485606459.875000 5281853596275503.000000
15.000000 6.000000 10.000000 0.000000 102.000000 204.000000 5.000000 535998647906045.375000 5775099708732668.000000
15.000000 7.000000 10.000000 104.000000 24.000000 24.000000 6.000000 571101395603880.375000 6133856602493636.000000
15.000000 8.000000 10.000000 104.000000 24.000000 24.000000 7.000000 594120697953291.750000 6359956705813643.000000
15.000000 9.000000 10.000000 104.000000 24.000000 24.000000 6.000000 605201286649904.250000 6456846884379362.000000
15.000000 10.000000 10.000000 104.000000 24.000000 24.000000 8.000000 604484368947507.375000 6428027859665064.000000
15.000000 11.000000 10.000000 104.000000 24.000000 24.000000 7.000000 592033890778038.125000 6276070619803529.000000
15.000000 12.000000 10.000000 104.000000 24.000000 24.000000 7.000000 567830761966204.250000 6002384137097208.000000
15.000000 13.000000 10.000000 104.000000 24.000000 24.000000 6.000000 531835594879553.562500 5607756563163859.000000
15.000000 14.000000 10.000000 104.000000 24.000000 24.000000 6.000000 484106580362419.812500 5093537278576878.000000
15.000000 15.000000 10.000000 0.000000 102.000000 204.000000 4.000000 424947476872942.312500 4463195171815788.000000
15.000000 16.000000 10.000000 0.000000 102.000000 204.000000 1.000000 355053449292028.062500 3723903172076907.000000
15.000000 17.000000 10.000000 0.000000 0.000000 0.000000 0.000000 275621257370318.500000 2887779127612176.000000
15.000000 18.000000 10.000000 0.000000 0.000000 0.000000 0.000000 188395726595757.125000 1972467498686136.750000
15.000000 19.000000 10.000000 0.000000 0.000000 0.000000 0.000000 95635924396082.953125 1000869543687762.875000
16.000000 0.000000 10.000000 0.000000 0.000000 0.000000 0.000000 82092023710331.421875 900512232346614.375000
16.000000 1.000000 10.000000 0.000000 0.000000 0.000000 0.000000 161643550227877.593750 1771824230431423.250000
16.000000 2.000000 10.000000 0.000000 0.000000 0.000000 0.000000 236307940259904.500000 2587026070114000.000000
16.000000 3.000000 10.000000 0.000000 0.000000 0.000000 0.000000 304094286250317.000000 3323418229759753.000000
16.000000 4.000000 10.000000 0.000000 0.000000 0.000000 0.000000 363471960151360.000000 3963767177856803.000000
16.000000 5.000000 10.000000 0.000000 102.000000 204.000000 1.000000 413404195549057.937500 4496735818178555.000000
16.000000 6.000000 10.000000 0.000000 102.000000 204.000000 4.000000 453311124752189.187500 4916488547399625.000000
16.000000 7.000000 10.000000 0.000000 102.000000 204.000000 5.000000 482976036013689.062500 5221622870125936.000000
16.000000 8.000000 10.000000 104.000000 24.000000 24.000000 6.000000 502418575048858.375000 5413693512683559.000000
16.000000 9.000000 10.000000 0.000000 102.000000 204.000000 5.000000 511763477372455.312500 5495651914529798.000000
16.000000 10.000000 10.000000 0.000000 102.000000 204.000000 5.000000 511132643784987.250000 5470518175823976.000000
16.000000 11.000000 10.000000 104.000000 24.000000 24.000000 6.000000 500582486974373.437500 5340539946350582.000000
16.000000 12.000000 10.000000 0.000000 102.000000 204.000000 5.000000 480098787175593.562500 5106987485837185.000000
16.000000 13.000000 10.000000 0.000000 102.000000 204.000000 5.000000 449649564761121.000000 4770605086834072.000000
16.000000 14.000000 10.000000 0.000000 102.000000 204.000000 3.000000 409284681058240.937500 4332607405522137.500000
16.000000 15.000000 10.000000 0.000000 102.000000 204.000000 1.000000 359261005292992.125000 3795996777449216.500000
16.000000 16.000000 10.000000 0.000000 0.000000 0.000000 0.000000 300165842294494.187500 3166904750128219.500000
16.000000 17.000000 10.000000 0.000000 0.000000 0.000000 0.000000 233010256400237.312500 2455643883353642.500000
16.000000 18.000000 10.000000 0.000000 0.000000 0.000000 0.000000 159268518310504.687500 1677201900615915.500000
16.000000 19.000000 10.000000 0.000000 0.000000 0.000000 0.000000 80849625630881.515625 851014796738658.500000
17.000000 0.000000 10.000000 0.000000 0.000000 0.000000 0.000000 64402012443401.804688 710200993201708.250000
17.000000 1.000000 10.000000 0.000000 0.000000 0.000000 0.000000 126809838333620.781250 1397377826644234.000000
17.000000 2.000000 10.000000 0.000000 0.000000 0.000000 0.000000 185381495266420.562500 2040307890604855.500000
17.000000 3.000000 10.000000 0.000000 0.000000 0.000000 0.000000 238554314418175.250000 2621081412529730.500000
17.000000 4.000000 10.000000 0.000000 0.000000 0.000000 0.000000 285127066967216.625000 3126091520816549.000000
17.000000 5.000000 10.000000 0.000000 0.000000 0.000000 0.000000 324286393726761.375000 3546376582399314.000000
17.000000 6.000000 10.000000 0.000000 102.000000 204.000000 2.000000 355577850460038.937500 3877313835974238.500000
17.000000 7.000000 10.000000 0.000000 102.000000 204.000000 3.000000 378832351603070.312500 4117782703410539.000000
17.000000 8.000000 10.000000 0.000000 102.000000 204.000000 2.000000 394066616043140.812500 4269005896881367.500000
17.000000 9.000000 10.000000 0.000000 102.000000 204.000000 3.000000 401380046273218.062500 4333321665885171.500000
17.000000 10.000000 10.000000 0.000000 102.000000 204.000000 5.000000 400869879217728.000000 4313136594547296.000000
17.000000 11.000000 10.000000 0.000000 102.000000 204.000000 3.000000 392581841529315.437500 4210259703494372.500000
17.000000 12.000000 10.000000 0.000000 102.000000 204.000000 3.000000 376505943850324.437500 4025736158741371.000000
17.000000 13.000000 10.000000 0.000000 102.000000 204.000000 1.000000 352617841162245.000000 3760197419917251.000000
17.000000 14.000000 10.000000 0.000000 102.000000 204.000000 2.000000 320956919579033.750000 3414640883880256.500000
17.000000 15.000000 10.000000 0.000000 0.000000 0.000000 0.000000 281724508341519.812500 2991463268186553.000000
17.000000 16.000000 10.000000 0.000000 0.000000 0.000000 0.000000 235380781472393.125000 2495514358438172.000000
17.000000 17.000000 10.000000 0.000000 0.000000 0.000000 0.000000 182718072744001.500000 1934924023103267.250000
17.000000 18.000000 10.000000 0.000000 0.000000 0.000000 0.000000 124891926970336.562500 1321491532405061.000000
17.000000 19.000000 10.000000 0.000000 0.000000 0.000000 0.000000 63398844000747.031250 670508443149939.750000
18.000000 0.000000 10.000000 0.000000 0.000000 0.000000 0.000000 44377108737167.187500 491278758515167.312500
18.000000 1.000000 10.000000 0.000000 0.000000 0.000000 0.000000 87379496621675.250000 966633540981880.500000
18.000000 2.000000 10.000000 0.000000 0.000000 0.000000 0.000000 127737386638675.656250 1411384115837968.000000
18.000000 3.000000 10.000000 0.000000 0.000000 0.000000 0.000000 164373595521335.343750 1813137845344830.000000
18.000000 4.000000 10.000000 0.000000 0.000000 0.000000 0.000000 196460181177836.500000 2162474462262375.250000
18.000000 5.000000 10.000000 0.000000 0.000000 0.000000 0.000000 223436697843480.312500 2453184358694363.000000
18.000000 6.000000 10.000000 0.000000 0.000000 0.000000 0.000000 244990265025021.937500 2682059295939603.000000
18.000000 7.000000 10.000000 0.000000 0.000000 0.000000 0.000000 261004871922913.781250 2848316665745445.000000
18.000000 8.000000 10.000000 0.000000 0.000000 0.000000 0.000000 271492732585159.687500 2952800423440977.000000
18.000000 9.000000 10.000000 0.000000 0.000000 0.000000 0.000000 276523151661749.875000 2997133273945531.000000
18.000000 10.000000 10.000000 0.000000 0.000000 0.000000 0.000000 276163959675411.937500 2982992312260869.000000
18.000000 11.000000 10.000000 0.000000 0.000000 0.000000 0.000000 270447408971589.625000 2911647037524948.500000
18.000000 12.000000 10.000000 0.000000 0.000000 0.000000 0.000000 259367187553552.062500 2783841915791488.500000
18.000000 13.000000 10.000000 0.000000 0.000000 0.000000 0.000000 242906860568016.781250 2600035623838510.000000
18.000000 14.000000 10.000000 0.000000 0.000000 0.000000 0.000000 221093656853920.625000 2360937330729697.500000
18.000000 15.000000 10.000000 0.000000 0.000000 0.000000 0.000000 194066160768654.156250 2068218861905711.000000
18.000000 16.000000 10.000000 0.000000 0.000000 0.000000 0.000000 162141129947234.187500 1725241624567858.500000
18.000000 17.000000 10.000000 0.000000 0.000000 0.000000 0.000000 125864074709789.062500 1337627580867073.500000
18.000000 18.000000 10.000000 0.000000 0.000000 0.000000 0.000000 86030713674242.515625 913528459664699.500000
18.000000 19.000000 10.000000 0.000000 0.000000 0.000000 0.000000 43671683028637.914062 463504181450204.937500
19.000000 0.000000 10.000000 0.000000 0.000000 0.000000 0.000000 22641370282637.074219 251247450724654.875000
19.000000 1.000000 10.000000 0.000000 0.000000 0.000000 0.000000 44581162240690.062500 494352125631409.250000
19.000000 2.000000 10.000000 0.000000 0.000000 0.000000 0.000000 65171361486701.187500 721806530968129.000000
19.000000 3.000000 10.000000 0.000000 0.000000 0.000000 0.000000 83862257333810.359375 927271791672051.875000
19.000000 4.000000 10.000000 0.000000 0.000000 0.000000 0.000000 100231362799623.937500 1105927823621966.500000
19.000000 5.000000 10.000000 0.000000 0.000000 0.000000 0.000000 113992742172946.906250 1254595664976322.000000
19.000000 6.000000 10.000000 0.000000 0.000000 0.000000 0.000000 124986848321331.359375 1371631275958135.000000
19.000000 7.000000 10.000000 0.000000 0.000000 0.000000 0.000000 133154653694706.562500 1456632056032748.000000
19.000000 8.000000 10.000000 0.000000 0.000000 0.000000 0.000000 138502612259799.625000 1510029004114968.500000
19.000000 9.000000 10.000000 0.000000 0.000000 0.000000 0.000000 141066341196485.312500 1532653593655618.250000
19.000000 10.000000 10.000000 0.000000 0.000000 0.000000 0.000000 140880709098218.687500 1525367327624637.500000
19.000000 11.000000 10.000000 0.000000 0.000000 0.000000 0.000000 137962403059494.593750 1488825037611118.500000
19.000000 12.000000 10.000000 0.000000 0.000000 0.000000 0.000000 132308377195190.812500 1423414064659374.500000
19.000000 13.000000 10.000000 0.000000 0.000000 0.000000 0.000000 123910345647513.515625 1329375684845621.500000
19.000000 14.000000 10.000000 0.000000 0.000000 0.000000 0.000000 112782219419900.062500 1207078436687809.250000
19.000000 15.000000 10.000000 0.000000 0.000000 0.000000 0.000000 98994650132196.687500 1057381521445887.250000
19.000000 16.000000 10.000000 0.000000 0.000000 0.000000 0.000000 82709137128351.343750 882005970454937.250000
19.000000 17.000000 10.000000 0.000000 0.000000 0.000000 0.000000 64203854062235.398438 683826333025410.250000
19.000000 18.000000 10.000000 0.000000 0.000000 0.000000 0.000000 43884615368029.664062 467008345697615.937500
19.000000 19.000000 10.000000 0.000000 0.000000 0.000000 0.000000 22277089220576.851562 236947055602001.593750
