# i (x-axis) 
#  j (y-axis) 
#  k (z-axis) 
#  RGB (R) 
#  RGB (G) 
#  RGB (B) 
#  number per voxel 
#  glucose 
#  oxygen
0.000000 0.000000 10.000000 0.000000 0.000000 0.000000 0.000000 31085686541593538560.000000 321459882672763502592.000000
0.000000 1.000000 10.000000 0.000000 0.000000 0.000000 0.000000 61410117498066362368.000000 634853837357834305536.000000
0.000000 2.000000 10.000000 0.000000 0.000000 0.000000 0.000000 90242018183109574656.000000 932457174465427275776.000000
0.000000 3.000000 10.000000 0.000000 0.000000 0.000000 0.000000 116906854194893258752.000000 1207189329721396035584.000000
0.000000 4.000000 10.000000 0.000000 0.000000 0.000000 0.000000 140807726154305257472.000000 1452846929088330334208.000000
0.000000 5.000000 10.000000 0.000000 0.000000 0.000000 0.000000 161438798794116694016.000000 1664247962063651733504.000000
0.000000 6.000000 10.000000 0.000000 0.000000 0.000000 0.000000 178390963534872576000.000000 1837283472768028901376.000000
0.000000 7.000000 10.000000 0.000000 0.000000 0.000000 0.000000 191350736863312347136.000000 1968888712060992225280.000000
0.000000 8.000000 10.000000 0.000000 0.000000 0.000000 0.000000 200094450250622566400.000000 2056958287897029509120.000000
0.000000 9.000000 10.000000 0.000000 0.000000 0.000000 0.000000 204480390519439622144.000000 2100237132798228430848.000000
0.000000 10.000000 10.000000 0.000000 0.000000 0.000000 0.000000 204441593183849218048.000000 2098219783490301591552.000000
0.000000 11.000000 10.000000 0.000000 0.000000 0.000000 0.000000 199981477470603509760.000000 2051084559213510787072.000000
0.000000 12.000000 10.000000 0.000000 0.000000 0.000000 0.000000 191173552268997328896.000000 1959678040942477049856.000000
0.000000 13.000000 10.000000 0.000000 0.000000 0.000000 0.000000 178165215742321721344.000000 1825551118055692304384.000000
0.000000 14.000000 10.000000 0.000000 0.000000 0.000000 0.000000 161184463980469944320.000000 1651033659928384110592.000000
0.000000 15.000000 10.000000 0.000000 0.000000 0.000000 0.000000 140547361759086542848.000000 1439323458394135724032.000000
0.000000 16.000000 10.000000 0.000000 0.000000 0.000000 0.000000 116663608949499150336.000000 1194558781376891715584.000000
0.000000 17.000000 10.000000 0.000000 0.000000 0.000000 0.000000 90037570299969454080.000000 921843976421712068608.000000
0.000000 18.000000 10.000000 0.000000 0.000000 0.000000 0.000000 61262725942779330560.000000 627204097578099539968.000000
0.000000 19.000000 10.000000 0.000000 0.000000 0.000000 0.000000 31008536370308063232.000000 317456253445086969856.000000
1.000000 0.000000 10.000000 0.000000 0.000000 0.000000 0.000000 61318761942194716672.000000 634101814697010659328.000000
1.000000 1.000000 10.000000 0.000000 0.000000 0.000000 0.000000 121135911784137916416.000000 1252290916209722392576.000000
1.000000 2.000000 10.000000 0.000000 0.000000 0.000000 0.000000 178008954744965758976.000000 1839327486872195432448.000000
1.000000 3.000000 10.000000 0.000000 0.000000 0.000000 0.000000 230607282477251100672.000000 2381241970215427768320.000000
1.000000 4.000000 10.000000 0.000000 0.000000 0.000000 0.000000 277753385163766431744.000000 2865794918141564813312.000000
1.000000 5.000000 10.000000 0.000000 0.000000 0.000000 0.000000 318449350792937472000.000000 3282761735826442289152.000000
1.000000 6.000000 10.000000 0.000000 0.000000 0.000000 0.000000 351888057160150155264.000000 3624035205611352227840.000000
1.000000 7.000000 10.000000 0.000000 0.000000 0.000000 0.000000 377451029618066849792.000000 3883569248341455798272.000000
1.000000 8.000000 10.000000 0.000000 0.000000 0.000000 0.000000 394697013220609622016.000000 4057212178068288307200.000000
1.000000 9.000000 10.000000 0.000000 0.000000 0.000000 0.000000 403346496707236593664.000000 4142492055137966620672.000000
1.000000 10.000000 10.000000 0.000000 0.000000 0.000000 0.000000 403267512381852942336.000000 4138418097314472656896.000000
1.000000 11.000000 10.000000 0.000000 0.000000 0.000000 0.000000 394467024459269734400.000000 4045350506944773226496.000000
1.000000 12.000000 10.000000 0.000000 0.000000 0.000000 0.000000 377090328996205297664.000000 3864969086476091916288.000000
1.000000 13.000000 10.000000 0.000000 0.000000 0.000000 0.000000 351428512212493533184.000000 3600343215013037080576.000000
1.000000 14.000000 10.000000 0.000000 0.000000 0.000000 0.000000 317931635803871313920.000000 3256077805529229950976.000000
1.000000 15.000000 10.000000 0.000000 0.000000 0.000000 0.000000 277223422091786321920.000000 2838487403751274971136.000000
1.000000 16.000000 10.000000 0.000000 0.000000 0.000000 0.000000 230112188134685540352.000000 2355738168358460719104.000000
1.000000 17.000000 10.000000 0.000000 0.000000 0.000000 0.000000 177592844776479031296.000000 1817897644662823845888.000000
1.000000 18.000000 10.000000 0.000000 0.000000 0.000000 0.000000 120835937582914764800.000000 1236845077041668685824.000000
1.000000 19.000000 10.000000 0.000000 0.000000 0.000000 0.000000 61161747662735851520.000000 626018049552079519744.000000
2.000000 0.000000 10.000000 0.000000 0.000000 0.000000 0.000000 89899496863589515264.000000 929704711545214730240.000000
2.000000 1.000000 10.000000 0.000000 0.000000 0.000000 0.000000 177597514272959561728.000000 1836073371852223283200.000000
2.000000 2.000000 10.000000 0.000000 0.000000 0.000000 0.000000 260979193600625180672.000000 2696756006360109809664.000000
2.000000 3.000000 10.000000 0.000000 0.000000 0.000000 0.000000 338093625896395145216.000000 3491264340544918126592.000000
2.000000 4.000000 10.000000 0.000000 0.000000 0.000000 0.000000 407214263722636214272.000000 4201646294352040296448.000000
2.000000 5.000000 10.000000 0.000000 0.000000 0.000000 0.000000 466877794565180620800.000000 4812904319212295553024.000000
2.000000 6.000000 10.000000 0.000000 0.000000 0.000000 0.000000 515900601938598559744.000000 5313147053637684428800.000000
2.000000 7.000000 10.000000 0.000000 0.000000 0.000000 0.000000 553375697105406918656.000000 5693508452132009803776.000000
2.000000 8.000000 10.000000 0.000000 0.000000 0.000000 0.000000 578656041936968613888.000000 5947904792751862972416.000000
2.000000 9.000000 10.000000 0.000000 0.000000 0.000000 0.000000 591331924021807939584.000000 6072720972827984920576.000000
2.000000 10.000000 10.000000 0.000000 0.000000 0.000000 0.000000 591210173478605815808.000000 6066519538395546386432.000000
2.000000 11.000000 10.000000 0.000000 0.000000 0.000000 0.000000 578301532870199672832.000000 5929849010172775628800.000000
2.000000 12.000000 10.000000 0.000000 0.000000 0.000000 0.000000 552819728925757145088.000000 5665196015476498497536.000000
2.000000 13.000000 10.000000 0.000000 0.000000 0.000000 0.000000 515192319427403710464.000000 5277085176725429551104.000000
2.000000 14.000000 10.000000 0.000000 0.000000 0.000000 0.000000 466079909923069100032.000000 4772289902704956801024.000000
2.000000 15.000000 10.000000 0.000000 0.000000 0.000000 0.000000 406397561398811295744.000000 4160084423251772571648.000000
2.000000 16.000000 10.000000 0.000000 0.000000 0.000000 0.000000 337330711680338558976.000000 3452449236511398821888.000000
2.000000 17.000000 10.000000 0.000000 0.000000 0.000000 0.000000 260338029989822005248.000000 2664142339111428554752.000000
2.000000 18.000000 10.000000 0.000000 0.000000 0.000000 0.000000 177135321155331588096.000000 1812567288616840069120.000000
2.000000 19.000000 10.000000 0.000000 0.000000 0.000000 0.000000 89657580512940376064.000000 917402735932265857024.000000
3.000000 0.000000 10.000000 0.000000 0.000000 0.000000 0.000000 116125750578497912832.000000 1201141390601114353664.000000
3.000000 1.000000 10.000000 0.000000 0.000000 0.000000 0.000000 229407819709806804992.000000 2372123976897083736064.000000
3.000000 2.000000 10.000000 0.000000 0.000000 0.000000 0.000000 337114332060424994816.000000 3484062096967066451968.000000
3.000000 3.000000 10.000000 0.000000 0.000000 0.000000 0.000000 436725047448918360064.000000 4510474166414365687808.000000
3.000000 4.000000 10.000000 0.000000 0.000000 0.000000 0.000000 526009382947727867904.000000 5428154619261655973888.000000
3.000000 5.000000 10.000000 0.000000 0.000000 0.000000 0.000000 603076667345453580288.000000 6217715888770443640832.000000
3.000000 6.000000 10.000000 0.000000 102.000000 204.000000 1.000000 666397494984043003904.000000 6863786678688614973440.000000
3.000000 7.000000 10.000000 0.000000 102.000000 204.000000 3.000000 714799886192592289792.000000 7354910234009570115584.000000
3.000000 8.000000 10.000000 0.000000 102.000000 204.000000 4.000000 747447876027483684864.000000 7683232969973152350208.000000
3.000000 9.000000 10.000000 0.000000 102.000000 204.000000 1.000000 763812397473494597632.000000 7844100896204054855680.000000
3.000000 10.000000 10.000000 0.000000 102.000000 204.000000 5.000000 763644493478003212288.000000 7835683991002776862720.000000
3.000000 11.000000 10.000000 104.000000 24.000000 24.000000 3.000000 746958991337846734848.000000 7658727091219459997696.000000
3.000000 12.000000 10.000000 104.000000 24.000000 24.000000 3.000000 714033217105939398656.000000 7316484767656129331200.000000
3.000000 13.000000 10.000000 0.000000 102.000000 204.000000 4.000000 665420853165971341312.000000 6814845604957453811712.000000
3.000000 14.000000 10.000000 0.000000 102.000000 204.000000 2.000000 601976562294148038656.000000 6162598900357520162816.000000
3.000000 15.000000 10.000000 0.000000 0.000000 0.000000 0.000000 524883428872567652352.000000 5371754626223618129920.000000
3.000000 16.000000 10.000000 0.000000 0.000000 0.000000 0.000000 435673336708187488256.000000 4457804094831720923136.000000
3.000000 17.000000 10.000000 0.000000 0.000000 0.000000 0.000000 336230525378976612352.000000 3439808933060205871104.000000
3.000000 18.000000 10.000000 0.000000 0.000000 0.000000 0.000000 228770750467620634624.000000 2340229868172907642880.000000
3.000000 19.000000 10.000000 0.000000 0.000000 0.000000 0.000000 115792314728792670208.000000 1184449873000540667904.000000
4.000000 0.000000 10.000000 0.000000 0.000000 0.000000 0.000000 139422960722117918720.000000 1442696327374292123648.000000
4.000000 1.000000 10.000000 0.000000 0.000000 0.000000 0.000000 275431728008307867648.000000 2849153831619717496832.000000
4.000000 2.000000 10.000000 0.000000 0.000000 0.000000 0.000000 404746230405820514304.000000 4184661755056411901952.000000
4.000000 3.000000 10.000000 0.000000 0.000000 0.000000 0.000000 524340296654913667072.000000 5417395379100971958272.000000
4.000000 4.000000 10.000000 0.000000 0.000000 0.000000 0.000000 631535315776779321344.000000 6519464154729512173568.000000
4.000000 5.000000 10.000000 0.000000 102.000000 204.000000 3.000000 724060634831186296832.000000 7467564934311222181888.000000
4.000000 6.000000 10.000000 0.000000 102.000000 204.000000 4.000000 800079327802664419328.000000 8243223562059434164224.000000
4.000000 7.000000 10.000000 104.000000 24.000000 24.000000 6.000000 858183762489799475200.000000 8832676709259242635264.000000
4.000000 8.000000 10.000000 104.000000 24.000000 24.000000 8.000000 897370078957985857536.000000 9226501603541886435328.000000
4.000000 9.000000 10.000000 104.000000 24.000000 24.000000 12.000000 917003382396608839680.000000 9419133741791642124288.000000
4.000000 10.000000 10.000000 104.000000 24.000000 24.000000 7.000000 916785658795208736768.000000 9408416071060935409664.000000
4.000000 11.000000 10.000000 104.000000 24.000000 24.000000 10.000000 896736151801431982080.000000 9195297517288805105664.000000
4.000000 12.000000 10.000000 104.000000 24.000000 24.000000 7.000000 857189688307794313216.000000 8783749846018250768384.000000
4.000000 13.000000 10.000000 104.000000 24.000000 24.000000 6.000000 798813089216294551552.000000 8180909833240985993216.000000
4.000000 14.000000 10.000000 104.000000 24.000000 24.000000 7.000000 722634442895429730304.000000 7397391240695608508416.000000
4.000000 15.000000 10.000000 0.000000 102.000000 204.000000 1.000000 630075743723148017664.000000 6447660754052338155520.000000
4.000000 16.000000 10.000000 0.000000 0.000000 0.000000 0.000000 522977085487063367680.000000 5350344031634071748608.000000
4.000000 17.000000 10.000000 0.000000 0.000000 0.000000 0.000000 403600742891819368448.000000 4128328080458411671552.000000
4.000000 18.000000 10.000000 0.000000 0.000000 0.000000 0.000000 274606083229082386432.000000 2808554522000097804288.000000
4.000000 19.000000 10.000000 0.000000 0.000000 0.000000 0.000000 138990843062876422144.000000 1421449500852561641472.000000
5.000000 0.000000 10.000000 0.000000 0.000000 0.000000 0.000000 159355788674639527936.000000 1650161082525684858880.000000
5.000000 1.000000 10.000000 0.000000 0.000000 0.000000 0.000000 314809154816392757248.000000 3258850978114853404672.000000
5.000000 2.000000 10.000000 0.000000 0.000000 0.000000 0.000000 462610838208811237376.000000 4786345026546909052928.000000
5.000000 3.000000 10.000000 0.000000 0.000000 0.000000 0.000000 599301553665149894656.000000 6196217985763048947712.000000
5.000000 4.000000 10.000000 0.000000 102.000000 204.000000 2.000000 721819030531694395392.000000 7456544107239335526400.000000
5.000000 5.000000 10.000000 0.000000 102.000000 204.000000 2.000000 827567128300618514432.000000 8540647334861150879744.000000
5.000000 6.000000 10.000000 104.000000 24.000000 24.000000 9.000000 914445457990619234304.000000 9427382171663989735424.000000
5.000000 7.000000 10.000000 104.000000 24.000000 24.000000 13.000000 980844538284943605760.000000 10101003758698751852544.000000
5.000000 8.000000 10.000000 104.000000 24.000000 24.000000 18.000000 1025616855775685771264.000000 10550749146708376027136.000000
5.000000 9.000000 10.000000 104.000000 24.000000 24.000000 23.000000 1048037265789333929984.000000 10770288741564016492544.000000
5.000000 10.000000 10.000000 104.000000 24.000000 24.000000 28.000000 1047766410055603453952.000000 10757210960280367923200.000000
5.000000 11.000000 10.000000 104.000000 24.000000 24.000000 19.000000 1024828248503388209152.000000 10512674276899463102464.000000
5.000000 12.000000 10.000000 104.000000 24.000000 24.000000 21.000000 979607967430969917440.000000 10041305518803844595712.000000
5.000000 13.000000 10.000000 104.000000 24.000000 24.000000 11.000000 912870437018530217984.000000 9351353022103182901248.000000
5.000000 14.000000 10.000000 104.000000 24.000000 24.000000 7.000000 825793290987478712320.000000 8455032386774969090048.000000
5.000000 15.000000 10.000000 104.000000 24.000000 24.000000 6.000000 720003832928740573184.000000 7368945408322356379648.000000
5.000000 16.000000 10.000000 0.000000 102.000000 204.000000 1.000000 597606338055109738496.000000 6114420857479026966528.000000
5.000000 17.000000 10.000000 0.000000 0.000000 0.000000 0.000000 461186478360719982592.000000 4717625680895162712064.000000
5.000000 18.000000 10.000000 0.000000 0.000000 0.000000 0.000000 313782564549142642688.000000 3209327152037125685248.000000
5.000000 19.000000 10.000000 0.000000 0.000000 0.000000 0.000000 158818522266321092608.000000 1624244376764552577024.000000
6.000000 0.000000 10.000000 0.000000 0.000000 0.000000 0.000000 175621371990333915136.000000 1820709069554204016640.000000
6.000000 1.000000 10.000000 0.000000 0.000000 0.000000 0.000000 346941714314466557952.000000 3595633224442585808896.000000
6.000000 2.000000 10.000000 0.000000 0.000000 0.000000 0.000000 509828654372862951424.000000 5280913302873356369920.000000
6.000000 3.000000 10.000000 0.000000 102.000000 204.000000 2.000000 660469165516560531456.000000 6836329075528385429504.000000
6.000000 4.000000 10.000000 0.000000 102.000000 204.000000 4.000000 795487531926227517440.000000 8226624997913854476288.000000
6.000000 5.000000 10.000000 104.000000 24.000000 24.000000 9.000000 912021622936289411072.000000 9422341697940408500224.000000
6.000000 6.000000 10.000000 104.000000 24.000000 24.000000 13.000000 1007755735668236222464.000000 10400131355502002044928.000000
6.000000 7.000000 10.000000 104.000000 24.000000 24.000000 26.000000 1080915512391653916672.000000 11142620601894158991360.000000
6.000000 8.000000 10.000000 104.000000 24.000000 24.000000 36.000000 1130236306042138263552.000000 11637954152135586217984.000000
6.000000 9.000000 10.000000 104.000000 24.000000 24.000000 68.000000 1154919740297799532544.000000 11879193087701560590336.000000
6.000000 10.000000 10.000000 104.000000 24.000000 24.000000 95.000000 1154593480840227717120.000000 11863746394420156563456.000000
6.000000 11.000000 10.000000 104.000000 24.000000 24.000000 67.000000 1129286410556931440640.000000 11592983038229921923072.000000
6.000000 12.000000 10.000000 104.000000 24.000000 24.000000 39.000000 1079426100249022955520.000000 11072111556982950854656.000000
6.000000 13.000000 10.000000 104.000000 24.000000 24.000000 22.000000 1005858786697560981504.000000 10310337439475165036544.000000
6.000000 14.000000 10.000000 104.000000 24.000000 24.000000 19.000000 909885375885098876928.000000 9321231091858282643456.000000
6.000000 15.000000 10.000000 104.000000 24.000000 24.000000 8.000000 793301644655081816064.000000 8123176611231142248448.000000
6.000000 16.000000 10.000000 104.000000 24.000000 24.000000 4.000000 658427917650498289664.000000 6739736541711025831936.000000
6.000000 17.000000 10.000000 0.000000 102.000000 204.000000 1.000000 508113665957286838272.000000 5199767462504675934208.000000
6.000000 18.000000 10.000000 0.000000 0.000000 0.000000 0.000000 345705722512605642752.000000 3537155952041400467456.000000
6.000000 19.000000 10.000000 0.000000 0.000000 0.000000 0.000000 174974537069005832192.000000 1790107508684702613504.000000
7.000000 0.000000 10.000000 0.000000 0.000000 0.000000 0.000000 188027637493005713408.000000 1952595097805951074304.000000
7.000000 1.000000 10.000000 0.000000 0.000000 0.000000 0.000000 371449894582085353472.000000 3856054888886495084544.000000
7.000000 2.000000 10.000000 104.000000 24.000000 24.000000 1.000000 545841838022146785280.000000 5663308218040509792256.000000
7.000000 3.000000 10.000000 104.000000 24.000000 24.000000 3.000000 707120242790301171712.000000 7331185431868614901760.000000
7.000000 4.000000 10.000000 104.000000 24.000000 24.000000 11.000000 851669907328126943232.000000 8821842249963017338880.000000
7.000000 5.000000 10.000000 104.000000 24.000000 24.000000 11.000000 976425438524427206656.000000 10103655841993225928704.000000
7.000000 6.000000 10.000000 104.000000 24.000000 24.000000 27.000000 1078906629991144357888.000000 11151569248728410750976.000000
7.000000 7.000000 10.000000 104.000000 24.000000 24.000000 51.000000 1157213290266620985344.000000 11946951296408849743872.000000
7.000000 8.000000 10.000000 104.000000 24.000000 24.000000 99.000000 1209991640030888591360.000000 12477113333401375473664.000000
7.000000 9.000000 10.000000 104.000000 24.000000 24.000000 134.000000 1236388001606333890560.000000 12734667645727235112960.000000
7.000000 10.000000 10.000000 104.000000 24.000000 24.000000 135.000000 1236005800263124254720.000000 12716917679338349920256.000000
7.000000 11.000000 10.000000 104.000000 24.000000 24.000000 140.000000 1208878893525249294336.000000 12425437190553298010112.000000
7.000000 12.000000 10.000000 104.000000 24.000000 24.000000 104.000000 1155468598481787813888.000000 11865931594478248787968.000000
7.000000 13.000000 10.000000 104.000000 24.000000 24.000000 66.000000 1076684668836383031296.000000 11048393419982549024768.000000
7.000000 14.000000 10.000000 104.000000 24.000000 24.000000 34.000000 973923337096646885376.000000 9987481503260387311616.000000
7.000000 15.000000 10.000000 104.000000 24.000000 24.000000 17.000000 849109837044466319360.000000 8702986986311051640832.000000
7.000000 16.000000 10.000000 104.000000 24.000000 24.000000 6.000000 704729729062329516032.000000 7220211776842078617600.000000
7.000000 17.000000 10.000000 104.000000 24.000000 24.000000 4.000000 543833525587108167680.000000 5570084528106202202112.000000
7.000000 18.000000 10.000000 0.000000 0.000000 0.000000 0.000000 370002570691093331968.000000 3788875765169051402240.000000
7.000000 19.000000 10.000000 0.000000 0.000000 0.000000 0.000000 187270227759462776832.000000 1917440458667223678976.000000
8.000000 0.000000 10.000000 0.000000 0.000000 0.000000 0.000000 196462854687589859328.000000 2044759102606487584768.000000
8.000000 1.000000 10.000000 0.000000 0.000000 0.000000 0.000000 388112929834160750592.000000 4038024270566099255296.000000
8.000000 2.000000 10.000000 0.000000 0.000000 0.000000 0.000000 570325896031855575040.000000 5930462407453944315904.000000
8.000000 3.000000 10.000000 104.000000 24.000000 24.000000 4.000000 738834325483594448896.000000 7676825780951300702208.000000
8.000000 4.000000 10.000000 104.000000 24.000000 24.000000 10.000000 889859713674012000256.000000 9237445599001376194560.000000
8.000000 5.000000 10.000000 104.000000 24.000000 24.000000 15.000000 1020198070094055079936.000000 10579175172290832760832.000000
8.000000 6.000000 10.000000 104.000000 24.000000 24.000000 35.000000 1127257103690582196224.000000 11675757195728579985408.000000
8.000000 7.000000 10.000000 104.000000 24.000000 24.000000 84.000000 1209051083252900823040.000000 12507684314361934905344.000000
8.000000 8.000000 10.000000 104.000000 24.000000 24.000000 165.000000 1264165978335815925760.000000 13061699362098220367872.000000
8.000000 9.000000 10.000000 104.000000 24.000000 24.000000 198.000000 1291711246057573449728.000000 13330127123422356963328.000000
8.000000 10.000000 10.000000 104.000000 24.000000 24.000000 247.000000 1291274946311029260288.000000 13310235255758454259712.000000
8.000000 11.000000 10.000000 104.000000 24.000000 24.000000 195.000000 1262895750376169668608.000000 13003788068411819425792.000000
8.000000 12.000000 10.000000 104.000000 24.000000 24.000000 156.000000 1207059538114445574144.000000 12416890857480052015104.000000
8.000000 13.000000 10.000000 104.000000 24.000000 24.000000 106.000000 1124720874530674966528.000000 11560138245647301083136.000000
8.000000 14.000000 10.000000 104.000000 24.000000 24.000000 38.000000 1017342230271361024000.000000 10448994663124848082944.000000
8.000000 15.000000 10.000000 104.000000 24.000000 24.000000 23.000000 886937875901151838208.000000 9104265971256975687680.000000
8.000000 16.000000 10.000000 104.000000 24.000000 24.000000 9.000000 736106156306487836672.000000 7552482231005281779712.000000
8.000000 17.000000 10.000000 0.000000 102.000000 204.000000 3.000000 568034026504072200192.000000 5826010722270950981632.000000
8.000000 18.000000 10.000000 0.000000 0.000000 0.000000 0.000000 386461319802492354560.000000 3962755929989883887616.000000
8.000000 19.000000 10.000000 0.000000 0.000000 0.000000 0.000000 195598559828164214784.000000 2005372045095185678336.000000
9.000000 0.000000 10.000000 0.000000 0.000000 0.000000 0.000000 200864041767604387840.000000 2096431050207217057792.000000
9.000000 1.000000 10.000000 0.000000 0.000000 0.000000 0.000000 396806403399373160448.000000 4140023361605403672576.000000
9.000000 2.000000 10.000000 0.000000 0.000000 0.000000 0.000000 583098029642931240960.000000 6080153365178736443392.000000
9.000000 3.000000 10.000000 104.000000 24.000000 24.000000 3.000000 755374709452033753088.000000 7870386696199554990080.000000
9.000000 4.000000 10.000000 104.000000 24.000000 24.000000 11.000000 909772120247354654720.000000 9470012347914572005376.000000
9.000000 5.000000 10.000000 104.000000 24.000000 24.000000 14.000000 1043013481564041117696.000000 10845014674956309495808.000000
9.000000 6.000000 10.000000 104.000000 24.000000 24.000000 60.000000 1152447784972811501568.000000 11968456634442507616256.000000
9.000000 7.000000 10.000000 104.000000 24.000000 24.000000 131.000000 1236044779535344336896.000000 12820344016454086033408.000000
9.000000 8.000000 10.000000 104.000000 24.000000 24.000000 202.000000 1292359548030515675136.000000 13387119147145385476096.000000
9.000000 9.000000 10.000000 104.000000 24.000000 24.000000 302.000000 1320483348563682131968.000000 13660979052428404981760.000000
9.000000 10.000000 10.000000 104.000000 24.000000 24.000000 309.000000 1319997728581561352192.000000 13639219283040625754112.000000
9.000000 11.000000 10.000000 104.000000 24.000000 24.000000 264.000000 1290945750730379100160.000000 13323770432794084245504.000000
9.000000 12.000000 10.000000 104.000000 24.000000 24.000000 194.000000 1233828196709905727488.000000 12721027589377347289088.000000
9.000000 13.000000 10.000000 104.000000 24.000000 24.000000 128.000000 1149625075956322664448.000000 11841987527130526777344.000000
9.000000 14.000000 10.000000 104.000000 24.000000 24.000000 47.000000 1039835201258364600320.000000 10702621824916194852864.000000
9.000000 15.000000 10.000000 104.000000 24.000000 24.000000 28.000000 906520544900693884928.000000 9324343775677142532096.000000
9.000000 16.000000 10.000000 104.000000 24.000000 24.000000 10.000000 752338799648447135744.000000 7734387136664753405952.000000
9.000000 17.000000 10.000000 0.000000 102.000000 204.000000 2.000000 580547739678086529024.000000 5965913570543053832192.000000
9.000000 18.000000 10.000000 104.000000 24.000000 24.000000 2.000000 394968625030679232512.000000 4057703493633352663040.000000
9.000000 19.000000 10.000000 0.000000 0.000000 0.000000 0.000000 199902344029006856192.000000 2053354619155559743488.000000
10.000000 0.000000 10.000000 0.000000 0.000000 0.000000 0.000000 201191731036794191872.000000 2106831961428002865152.000000
10.000000 1.000000 10.000000 0.000000 0.000000 0.000000 0.000000 397452407208472608768.000000 4160517283259349467136.000000
10.000000 2.000000 10.000000 0.000000 0.000000 0.000000 0.000000 584043917313212022784.000000 6110135720279176904704.000000
10.000000 3.000000 10.000000 0.000000 102.000000 204.000000 5.000000 756593630072920080384.000000 7908978529923970891776.000000
10.000000 4.000000 10.000000 104.000000 24.000000 24.000000 9.000000 911229748077061996544.000000 9516093290363372961792.000000
10.000000 5.000000 10.000000 104.000000 24.000000 24.000000 26.000000 1044669252387237396480.000000 10897265719430728384512.000000
10.000000 6.000000 10.000000 104.000000 24.000000 24.000000 63.000000 1154256386567971012608.000000 12025411249162875305984.000000
10.000000 7.000000 10.000000 104.000000 24.000000 24.000000 121.000000 1237957836280413290496.000000 12880445338884474142720.000000
10.000000 8.000000 10.000000 104.000000 24.000000 24.000000 265.000000 1294327415215328329728.000000 13448780227182969487360.000000
10.000000 9.000000 10.000000 104.000000 24.000000 24.000000 334.000000 1322456911131872329728.000000 13722642474003251331072.000000
10.000000 10.000000 10.000000 104.000000 24.000000 24.000000 370.000000 1321930086944719503360.000000 13699412167075605512192.000000
10.000000 11.000000 10.000000 104.000000 24.000000 24.000000 315.000000 1292793677151568396288.000000 13381150937217929052160.000000
10.000000 12.000000 10.000000 104.000000 24.000000 24.000000 243.000000 1235553261712871260160.000000 12774419636069880299520.000000
10.000000 13.000000 10.000000 104.000000 24.000000 24.000000 169.000000 1151194374829934379008.000000 11890401576991191990272.000000
10.000000 14.000000 10.000000 104.000000 24.000000 24.000000 74.000000 1041221652821262204928.000000 10745260977929211346944.000000
10.000000 15.000000 10.000000 104.000000 24.000000 24.000000 19.000000 907702782816552878080.000000 9360596107262486904832.000000
10.000000 16.000000 10.000000 104.000000 24.000000 24.000000 12.000000 753300723889692475392.000000 7763806766029448675328.000000
10.000000 17.000000 10.000000 104.000000 24.000000 24.000000 7.000000 581277835132772220928.000000 5988194257403992080384.000000
10.000000 18.000000 10.000000 0.000000 102.000000 204.000000 1.000000 395459179597459292160.000000 4072649376847644065792.000000
10.000000 19.000000 10.000000 0.000000 0.000000 0.000000 0.000000 200148705706147053568.000000 2060852912094668914688.000000
11.000000 0.000000 10.000000 0.000000 0.000000 0.000000 0.000000 197417012493854277632.000000 2075044932411759788032.000000
11.000000 1.000000 10.000000 0.000000 0.000000 0.000000 0.000000 389993947341198852096.000000 4097699335754068000768.000000
11.000000 2.000000 10.000000 0.000000 0.000000 0.000000 0.000000 573080104643488776192.000000 6017766183587689791488.000000
11.000000 3.000000 10.000000 0.000000 102.000000 204.000000 5.000000 742383536212529905664.000000 7789198711071522684928.000000
11.000000 4.000000 10.000000 104.000000 24.000000 24.000000 8.000000 894103969003517509632.000000 9371625045578911580160.000000
11.000000 5.000000 10.000000 104.000000 24.000000 24.000000 25.000000 1025019243531323179008.000000 10731319967038086053888.000000
11.000000 6.000000 10.000000 104.000000 24.000000 24.000000 61.000000 1132523240099342188544.000000 11841596484251329495040.000000
11.000000 7.000000 10.000000 104.000000 24.000000 24.000000 126.000000 1214621305530788872192.000000 12682684147719976517632.000000
11.000000 8.000000 10.000000 104.000000 24.000000 24.000000 230.000000 1269895714523679031296.000000 13241238199046076628992.000000
11.000000 9.000000 10.000000 104.000000 24.000000 24.000000 316.000000 1297457470012007120896.000000 13509669544481133690880.000000
11.000000 10.000000 10.000000 104.000000 24.000000 24.000000 323.000000 1296901089700486316032.000000 13485492232763553611776.000000
11.000000 11.000000 10.000000 104.000000 24.000000 24.000000 316.000000 1268275946159549710336.000000 13170852458612989624320.000000
11.000000 12.000000 10.000000 104.000000 24.000000 24.000000 249.000000 1212081902168813076480.000000 12572338581096886173696.000000
11.000000 13.000000 10.000000 104.000000 24.000000 24.000000 128.000000 1129289621388247695360.000000 11701088788808145567744.000000
11.000000 14.000000 10.000000 104.000000 24.000000 24.000000 66.000000 1021378541734327484416.000000 10573128794788643995648.000000
11.000000 15.000000 10.000000 104.000000 24.000000 24.000000 15.000000 890379581700966449152.000000 9209803330807840899072.000000
11.000000 16.000000 10.000000 104.000000 24.000000 24.000000 9.000000 738906423970885664768.000000 7638126064997593251840.000000
11.000000 17.000000 10.000000 104.000000 24.000000 24.000000 4.000000 570159372496914219008.000000 5890870842200770478080.000000
11.000000 18.000000 10.000000 0.000000 0.000000 0.000000 0.000000 387889327916416761856.000000 4006263345618535579648.000000
11.000000 19.000000 10.000000 0.000000 0.000000 0.000000 0.000000 196315713668804378624.000000 2027199314116757946368.000000
12.000000 0.000000 10.000000 0.000000 0.000000 0.000000 0.000000 189524030449594990592.000000 2000094069707120312320.000000
12.000000 1.000000 10.000000 0.000000 0.000000 0.000000 0.000000 374399866268119334912.000000 3949646547130898186240.000000
12.000000 2.000000 10.000000 0.000000 0.000000 0.000000 0.000000 550161212949927821312.000000 5800231161513646227456.000000
12.000000 3.000000 10.000000 0.000000 102.000000 204.000000 3.000000 712686382799242657792.000000 7507424830861174898688.000000
12.000000 4.000000 10.000000 104.000000 24.000000 24.000000 6.000000 858326024496937041920.000000 9032280241801086894080.000000
12.000000 5.000000 10.000000 104.000000 24.000000 24.000000 19.000000 983986238974483628032.000000 10342266828021255110656.000000
12.000000 6.000000 10.000000 104.000000 24.000000 24.000000 52.000000 1087165122046147952640.000000 11411653381609790373888.000000
12.000000 7.000000 10.000000 104.000000 24.000000 24.000000 102.000000 1165948483970699624448.000000 12221395906664876474368.000000
12.000000 8.000000 10.000000 104.000000 24.000000 24.000000 154.000000 1218976752162634203136.000000 12758668429506933424128.000000
12.000000 9.000000 10.000000 104.000000 24.000000 24.000000 206.000000 1245398683957654978560.000000 13016218675033380225024.000000
12.000000 10.000000 10.000000 104.000000 24.000000 24.000000 246.000000 1244827852890486865920.000000 12991737215880039235584.000000
12.000000 11.000000 10.000000 104.000000 24.000000 24.000000 255.000000 1217314928175603777536.000000 12687397717626715111424.000000
12.000000 12.000000 10.000000 104.000000 24.000000 24.000000 193.000000 1163343190446787657728.000000 12109664361187716890624.000000
12.000000 13.000000 10.000000 104.000000 24.000000 24.000000 99.000000 1083847675989597356032.000000 11269383358929629609984.000000
12.000000 14.000000 10.000000 104.000000 24.000000 24.000000 50.000000 980251258174029955072.000000 10182094880661737308160.000000
12.000000 15.000000 10.000000 104.000000 24.000000 24.000000 17.000000 854505302214266847232.000000 8868435960634481311744.000000
12.000000 16.000000 10.000000 104.000000 24.000000 24.000000 8.000000 709119432991839879168.000000 7354467315192838488064.000000
12.000000 17.000000 10.000000 104.000000 24.000000 24.000000 3.000000 547165093972768456704.000000 5671755097237488664576.000000
12.000000 18.000000 10.000000 0.000000 0.000000 0.000000 0.000000 372240967440115433472.000000 3857072960405334654976.000000
12.000000 19.000000 10.000000 0.000000 0.000000 0.000000 0.000000 188394342746130284544.000000 1951653653839631876096.000000
13.000000 0.000000 10.000000 0.000000 0.000000 0.000000 0.000000 177527736687121825792.000000 1881225216161717157888.000000
13.000000 1.000000 10.000000 0.000000 0.000000 0.000000 0.000000 350699894272394985472.000000 3714873649725912383488.000000
13.000000 2.000000 10.000000 0.000000 0.000000 0.000000 0.000000 515331398583031693312.000000 5455359359230556504064.000000
13.000000 3.000000 10.000000 0.000000 102.000000 204.000000 3.000000 667560208999774552064.000000 7060864721584901849088.000000
13.000000 4.000000 10.000000 104.000000 24.000000 24.000000 7.000000 803967085329679384576.000000 8494728249219555000320.000000
13.000000 5.000000 10.000000 104.000000 24.000000 24.000000 20.000000 921653560242508267520.000000 9726333372135869775872.000000
13.000000 6.000000 10.000000 104.000000 24.000000 24.000000 36.000000 1018276269859279601664.000000 10731472628219453112320.000000
13.000000 7.000000 10.000000 104.000000 24.000000 24.000000 72.000000 1092043012275550683136.000000 11492246345511914700800.000000
13.000000 8.000000 10.000000 104.000000 24.000000 24.000000 92.000000 1141681762308730781696.000000 11996624378855788904448.000000
13.000000 9.000000 10.000000 104.000000 24.000000 24.000000 118.000000 1166397264735738527744.000000 12237841018162748850176.000000
13.000000 10.000000 10.000000 104.000000 24.000000 24.000000 159.000000 1165830150184910716928.000000 12213799700503864541184.000000
13.000000 11.000000 10.000000 104.000000 24.000000 24.000000 156.000000 1140030770419567034368.000000 11926635432933836455936.000000
13.000000 12.000000 10.000000 104.000000 24.000000 24.000000 117.000000 1089454737843326418944.000000 11382525493457914429440.000000
13.000000 13.000000 10.000000 104.000000 24.000000 24.000000 61.000000 1014980560893454057472.000000 10591765089740887425024.000000
13.000000 14.000000 10.000000 104.000000 24.000000 24.000000 35.000000 917943140633324814336.000000 9569049333692721266688.000000
13.000000 15.000000 10.000000 104.000000 24.000000 24.000000 11.000000 800171584772722917376.000000 8333841360470419701760.000000
13.000000 16.000000 10.000000 104.000000 24.000000 24.000000 8.000000 664016893927701610496.000000 6910671076899863658496.000000
13.000000 17.000000 10.000000 0.000000 102.000000 204.000000 2.000000 512355197817512525824.000000 5329207024157259202560.000000
13.000000 18.000000 10.000000 0.000000 0.000000 0.000000 0.000000 348555385055723388928.000000 3623975688816959684608.000000
13.000000 19.000000 10.000000 0.000000 0.000000 0.000000 0.000000 176405591069995925504.000000 1833662015272117075968.000000
14.000000 0.000000 10.000000 0.000000 0.000000 0.000000 0.000000 161503340765959880704.000000 1718338531370769317888.000000
14.000000 1.000000 10.000000 0.000000 0.000000 0.000000 0.000000 319042801096711077888.000000 3393186907454395383808.000000
14.000000 2.000000 10.000000 0.000000 0.000000 0.000000 0.000000 468809740264277934080.000000 4982874687474166136832.000000
14.000000 3.000000 10.000000 0.000000 102.000000 204.000000 1.000000 607289639858490703872.000000 6449176389116126822400.000000
14.000000 4.000000 10.000000 104.000000 24.000000 24.000000 3.000000 731371173510559825920.000000 7758581496025962250240.000000
14.000000 5.000000 10.000000 104.000000 24.000000 24.000000 8.000000 838417238930894880768.000000 8883109322234784645120.000000
14.000000 6.000000 10.000000 104.000000 24.000000 24.000000 23.000000 926296261653950889984.000000 9800645075724597723136.000000
14.000000 7.000000 10.000000 104.000000 24.000000 24.000000 30.000000 993378644210790957056.000000 10494850500491221139456.000000
14.000000 8.000000 10.000000 104.000000 24.000000 24.000000 48.000000 1038508564762946699264.000000 10954765777483455266816.000000
14.000000 9.000000 10.000000 104.000000 24.000000 24.000000 69.000000 1060964420004180787200.000000 11174257322958511931392.000000
14.000000 10.000000 10.000000 104.000000 24.000000 24.000000 77.000000 1060421505567280857088.000000 11151472252642907914240.000000
14.000000 11.000000 10.000000 104.000000 24.000000 24.000000 68.000000 1036928035071329697792.000000 10888434373934765309952.000000
14.000000 12.000000 10.000000 104.000000 24.000000 24.000000 47.000000 990900865391418802176.000000 10390864620311086628864.000000
14.000000 13.000000 10.000000 104.000000 24.000000 24.000000 32.000000 923141304776925118464.000000 9668241793802454433792.000000
14.000000 14.000000 10.000000 104.000000 24.000000 24.000000 17.000000 834865357124528242688.000000 8734051053987685203968.000000
14.000000 15.000000 10.000000 0.000000 102.000000 204.000000 5.000000 727737927568660758528.000000 7606111618754913763328.000000
14.000000 16.000000 10.000000 104.000000 24.000000 24.000000 3.000000 603897873041856004096.000000 6306842894741809397760.000000
14.000000 17.000000 10.000000 0.000000 102.000000 204.000000 1.000000 465960887646360436736.000000 4863326255538694520832.000000
14.000000 18.000000 10.000000 0.000000 0.000000 0.000000 0.000000 316990084311237459968.000000 3307048416033120452608.000000
14.000000 19.000000 10.000000 0.000000 0.000000 0.000000 0.000000 160429237349775310848.000000 1673266129110375071744.000000
15.000000 0.000000 10.000000 0.000000 0.000000 0.000000 0.000000 141621182071079501824.000000 1512487807882385424384.000000
15.000000 1.000000 10.000000 0.000000 0.000000 0.000000 0.000000 279765255055680897024.000000 2986669752061282746368.000000
15.000000 2.000000 10.000000 0.000000 0.000000 0.000000 0.000000 411091353593438928896.000000 4385842800792883429376.000000
15.000000 3.000000 10.000000 0.000000 0.000000 0.000000 0.000000 532516750145682407424.000000 5676338700076122636288.000000
15.000000 4.000000 10.000000 104.000000 24.000000 24.000000 2.000000 641312593471508447232.000000 6828643702723361898496.000000
15.000000 5.000000 10.000000 104.000000 24.000000 24.000000 4.000000 735166271829073068032.000000 7818118125445531566080.000000
15.000000 6.000000 10.000000 104.000000 24.000000 24.000000 8.000000 812208910662154059776.000000 8625294669164734054400.000000
15.000000 7.000000 10.000000 104.000000 24.000000 24.000000 19.000000 871012271240320385024.000000 9235802051761661804544.000000
15.000000 8.000000 10.000000 104.000000 24.000000 24.000000 19.000000 910563992612408393728.000000 9640016110073755467776.000000
15.000000 9.000000 10.000000 104.000000 24.000000 24.000000 28.000000 930232832701875879936.000000 9832573948682727063552.000000
15.000000 10.000000 10.000000 104.000000 24.000000 24.000000 27.000000 929735830446664187904.000000 9811892247188142555136.000000
15.000000 11.000000 10.000000 104.000000 24.000000 24.000000 27.000000 909117130595956162560.000000 9579808282643903021056.000000
15.000000 12.000000 10.000000 104.000000 24.000000 24.000000 19.000000 868744066824734507008.000000 9141416811837050060800.000000
15.000000 13.000000 10.000000 104.000000 24.000000 24.000000 15.000000 809320849277994139648.000000 8505117261611285872640.000000
15.000000 14.000000 10.000000 104.000000 24.000000 24.000000 8.000000 731914923010129788928.000000 7682825710624357482496.000000
15.000000 15.000000 10.000000 0.000000 102.000000 204.000000 4.000000 637986829996352864256.000000 6690257036529341825024.000000
15.000000 16.000000 10.000000 0.000000 102.000000 204.000000 1.000000 529412088741337825280.000000 5547154235900689383424.000000
15.000000 17.000000 10.000000 0.000000 0.000000 0.000000 0.000000 408483694224936140800.000000 4277340030838034661376.000000
15.000000 18.000000 10.000000 0.000000 0.000000 0.000000 0.000000 277886353104057794560.000000 2908490896952587714560.000000
15.000000 19.000000 10.000000 0.000000 0.000000 0.000000 0.000000 140638037272431181824.000000 1471580619878528712704.000000
16.000000 0.000000 10.000000 0.000000 0.000000 0.000000 0.000000 118179213564509700096.000000 1266341900046348320768.000000
16.000000 1.000000 10.000000 0.000000 0.000000 0.000000 0.000000 233455966145938423808.000000 2500593676600978964480.000000
16.000000 2.000000 10.000000 0.000000 0.000000 0.000000 0.000000 343041580644523311104.000000 3672008056472080482304.000000
16.000000 3.000000 10.000000 0.000000 0.000000 0.000000 0.000000 444362966833790189568.000000 4752380573041224056832.000000
16.000000 4.000000 10.000000 0.000000 0.000000 0.000000 0.000000 535142585226908991488.000000 5716988405873076338688.000000
16.000000 5.000000 10.000000 0.000000 102.000000 204.000000 1.000000 613450541021144154112.000000 6545194441291073585152.000000
16.000000 6.000000 10.000000 104.000000 24.000000 24.000000 5.000000 677727559038770216960.000000 7220698748102060802048.000000
16.000000 7.000000 10.000000 0.000000 102.000000 204.000000 5.000000 726782395699087278080.000000 7731476146286431830016.000000
16.000000 8.000000 10.000000 104.000000 24.000000 24.000000 10.000000 759771147994479460352.000000 8069485035438998552576.000000
16.000000 9.000000 10.000000 104.000000 24.000000 24.000000 7.000000 776168186468460134400.000000 8230260643665033560064.000000
16.000000 10.000000 10.000000 104.000000 24.000000 24.000000 7.000000 775738664359019937792.000000 8212510589242696531968.000000
16.000000 11.000000 10.000000 104.000000 24.000000 24.000000 10.000000 758520738830080278528.000000 8017811932548767416320.000000
16.000000 12.000000 10.000000 104.000000 24.000000 24.000000 7.000000 724822183219954188288.000000 7650471084935266435072.000000
16.000000 13.000000 10.000000 104.000000 24.000000 24.000000 11.000000 675231690404872847360.000000 7117559009622202777600.000000
16.000000 14.000000 10.000000 104.000000 24.000000 24.000000 6.000000 610640762189329465344.000000 6429084117213997170688.000000
16.000000 15.000000 10.000000 0.000000 102.000000 204.000000 1.000000 532268545816197857280.000000 5598224241769979052032.000000
16.000000 16.000000 10.000000 0.000000 0.000000 0.000000 0.000000 441680041709388693504.000000 4641515339202961080320.000000
16.000000 17.000000 10.000000 0.000000 0.000000 0.000000 0.000000 340788177440221822976.000000 3578892870766311768064.000000
16.000000 18.000000 10.000000 0.000000 0.000000 0.000000 0.000000 231832335474182848512.000000 2433502601254963511296.000000
16.000000 19.000000 10.000000 0.000000 0.000000 0.000000 0.000000 117329646870648815616.000000 1231236625986531885056.000000
17.000000 0.000000 10.000000 0.000000 0.000000 0.000000 0.000000 91625266622295506944.000000 984504177434616135680.000000
17.000000 1.000000 10.000000 0.000000 0.000000 0.000000 0.000000 180999649088820838400.000000 1944048888795815739392.000000
17.000000 2.000000 10.000000 0.000000 0.000000 0.000000 0.000000 265960543056753655808.000000 2854719227889346150400.000000
17.000000 3.000000 10.000000 0.000000 0.000000 0.000000 0.000000 344512609856893681664.000000 3694578418989768114176.000000
17.000000 4.000000 10.000000 0.000000 0.000000 0.000000 0.000000 414889820406663675904.000000 4444398545460887289856.000000
17.000000 5.000000 10.000000 0.000000 0.000000 0.000000 0.000000 475595877142646620160.000000 5088131150887804469248.000000
17.000000 6.000000 10.000000 0.000000 102.000000 204.000000 2.000000 525422042117194645504.000000 5613103765616953655296.000000
17.000000 7.000000 10.000000 0.000000 102.000000 204.000000 3.000000 563445126116254154752.000000 6009972250948699947008.000000
17.000000 8.000000 10.000000 0.000000 102.000000 204.000000 2.000000 589011422049987657728.000000 6272494957294905196544.000000
17.000000 9.000000 10.000000 0.000000 102.000000 204.000000 3.000000 601714125410935767040.000000 6397216466333610278912.000000
17.000000 10.000000 10.000000 0.000000 102.000000 204.000000 5.000000 601371961127693058048.000000 6383152426584851349504.000000
17.000000 11.000000 10.000000 0.000000 102.000000 204.000000 3.000000 588015329758402052096.000000 6231552544539166113792.000000
17.000000 12.000000 10.000000 0.000000 102.000000 204.000000 3.000000 561883607032724717568.000000 5945789523245394821120.000000
17.000000 13.000000 10.000000 104.000000 24.000000 24.000000 2.000000 523433836434131058688.000000 5531383823768007737344.000000
17.000000 14.000000 10.000000 0.000000 102.000000 204.000000 2.000000 473357638981108629504.000000 4996135328227001368576.000000
17.000000 15.000000 10.000000 0.000000 0.000000 0.000000 0.000000 412600423643564670976.000000 4350301151655019675648.000000
17.000000 16.000000 10.000000 0.000000 0.000000 0.000000 0.000000 342375478516265779200.000000 3606740390763789549568.000000
17.000000 17.000000 10.000000 0.000000 0.000000 0.000000 0.000000 264165575849268805632.000000 2780945234419612385280.000000
17.000000 18.000000 10.000000 0.000000 0.000000 0.000000 0.000000 179706344280036016128.000000 1890893896527610642432.000000
17.000000 19.000000 10.000000 0.000000 0.000000 0.000000 0.000000 90948547273816457216.000000 956691073480920399872.000000
18.000000 0.000000 10.000000 0.000000 0.000000 0.000000 0.000000 62562816591085912064.000000 673607168045680558080.000000
18.000000 1.000000 10.000000 0.000000 0.000000 0.000000 0.000000 123588403772931014656.000000 1330131184762661371904.000000
18.000000 2.000000 10.000000 0.000000 0.000000 0.000000 0.000000 181599843575757340672.000000 1953203896161853767680.000000
18.000000 3.000000 10.000000 0.000000 0.000000 0.000000 0.000000 235234491975950794752.000000 2527811250034229903360.000000
18.000000 4.000000 10.000000 0.000000 0.000000 0.000000 0.000000 283286367610393853952.000000 3040793686978152366080.000000
18.000000 5.000000 10.000000 0.000000 0.000000 0.000000 0.000000 324733768795981283328.000000 3481168612422322225152.000000
18.000000 6.000000 10.000000 0.000000 0.000000 0.000000 0.000000 358751453545991766016.000000 3840265355331126165504.000000
18.000000 7.000000 10.000000 0.000000 0.000000 0.000000 0.000000 384709262723633381376.000000 4111692980058043973632.000000
18.000000 8.000000 10.000000 0.000000 0.000000 0.000000 0.000000 402161135256060690432.000000 4291186003139957358592.000000
18.000000 9.000000 10.000000 0.000000 0.000000 0.000000 0.000000 410829666798987116544.000000 4376387970628251025408.000000
18.000000 10.000000 10.000000 0.000000 0.000000 0.000000 0.000000 410591484764228550656.000000 4366635440396293898240.000000
18.000000 11.000000 10.000000 0.000000 0.000000 0.000000 0.000000 401467753132060835840.000000 4262795078809773670400.000000
18.000000 12.000000 10.000000 0.000000 0.000000 0.000000 0.000000 383622291769075564544.000000 4067186614642223874048.000000
18.000000 13.000000 10.000000 0.000000 0.000000 0.000000 0.000000 357367477424366288896.000000 3783598509896832647168.000000
18.000000 14.000000 10.000000 0.000000 0.000000 0.000000 0.000000 323175761146771537920.000000 3417376709498981318656.000000
18.000000 15.000000 10.000000 0.000000 0.000000 0.000000 0.000000 281692764854078013440.000000 2975545078350438465536.000000
18.000000 16.000000 10.000000 0.000000 0.000000 0.000000 0.000000 233746892437553676288.000000 2466903503327586156544.000000
18.000000 17.000000 10.000000 0.000000 0.000000 0.000000 0.000000 180350425968210640896.000000 1902048676228277731328.000000
18.000000 18.000000 10.000000 0.000000 0.000000 0.000000 0.000000 122688182907135410176.000000 1293273492693077196800.000000
18.000000 19.000000 10.000000 0.000000 0.000000 0.000000 0.000000 62091779709197795328.000000 654321624305456381952.000000
19.000000 0.000000 10.000000 0.000000 0.000000 0.000000 0.000000 31736838544046034944.000000 342138121157163614208.000000
19.000000 1.000000 10.000000 0.000000 0.000000 0.000000 0.000000 62693778017107058688.000000 675597637955575873536.000000
19.000000 2.000000 10.000000 0.000000 0.000000 0.000000 0.000000 92121524664752799744.000000 992063202002036195328.000000
19.000000 3.000000 10.000000 0.000000 0.000000 0.000000 0.000000 119328773704330936320.000000 1283907443100117106688.000000
19.000000 4.000000 10.000000 0.000000 0.000000 0.000000 0.000000 143703719952131850240.000000 1544445257390916370432.000000
19.000000 5.000000 10.000000 0.000000 0.000000 0.000000 0.000000 164728072439998054400.000000 1768097744631362486272.000000
19.000000 6.000000 10.000000 0.000000 0.000000 0.000000 0.000000 181983234994277351424.000000 1950460905623219863552.000000
19.000000 7.000000 10.000000 0.000000 0.000000 0.000000 0.000000 195149606288017391616.000000 2088289418211021815808.000000
19.000000 8.000000 10.000000 0.000000 0.000000 0.000000 0.000000 204001002653840637952.000000 2179418343382497886208.000000
19.000000 9.000000 10.000000 0.000000 0.000000 0.000000 0.000000 208396817266683871232.000000 2222653184988731670528.000000
19.000000 10.000000 10.000000 0.000000 0.000000 0.000000 0.000000 208274591256185536512.000000 2217660050882411888640.000000
19.000000 11.000000 10.000000 0.000000 0.000000 0.000000 0.000000 203645185812214874112.000000 2164882683049956343808.000000
19.000000 12.000000 10.000000 0.000000 0.000000 0.000000 0.000000 194591816812523487232.000000 2065503001190238257152.000000
19.000000 13.000000 10.000000 0.000000 0.000000 0.000000 0.000000 181273037860702388224.000000 1921448675465727574016.000000
19.000000 14.000000 10.000000 0.000000 0.000000 0.000000 0.000000 163928574309148524544.000000 1735437799524302061568.000000
19.000000 15.000000 10.000000 0.000000 0.000000 0.000000 0.000000 142885960987253260288.000000 1511039693422752432128.000000
19.000000 16.000000 10.000000 0.000000 0.000000 0.000000 0.000000 118565414916502306816.000000 1252724450038620094464.000000
19.000000 17.000000 10.000000 0.000000 0.000000 0.000000 0.000000 91480391834321567744.000000 965873341278449827840.000000
19.000000 18.000000 10.000000 0.000000 0.000000 0.000000 0.000000 62231835774537465856.000000 656727730346373939200.000000
19.000000 19.000000 10.000000 0.000000 0.000000 0.000000 0.000000 31495129793005875200.000000 332264589884323659776.000000
