# i (x-axis) 
#  j (y-axis) 
#  k (z-axis) 
#  RGB (R) 
#  RGB (G) 
#  RGB (B) 
#  number per voxel 
#  glucose 
#  oxygen
0.000000 0.000000 10.000000 0.000000 0.000000 0.000000 0.000000 41537554288916807680.000000 429511447415729618944.000000
0.000000 1.000000 10.000000 0.000000 0.000000 0.000000 0.000000 82060418082485239808.000000 848276565303116693504.000000
0.000000 2.000000 10.000000 0.000000 0.000000 0.000000 0.000000 120593407736990400512.000000 1245998295711678726144.000000
0.000000 3.000000 10.000000 0.000000 0.000000 0.000000 0.000000 156236160153866764288.000000 1613228212960523976704.000000
0.000000 4.000000 10.000000 0.000000 0.000000 0.000000 0.000000 188190810557897703424.000000 1941674988402033295360.000000
0.000000 5.000000 10.000000 0.000000 0.000000 0.000000 0.000000 215779943863589666816.000000 2224397062920727691264.000000
0.000000 6.000000 10.000000 0.000000 0.000000 0.000000 0.000000 238454416565667954688.000000 2455874718684756836352.000000
0.000000 7.000000 10.000000 0.000000 0.000000 0.000000 0.000000 255792338092078202880.000000 2631976909708412846080.000000
0.000000 8.000000 10.000000 0.000000 0.000000 0.000000 0.000000 267491869155146530816.000000 2749854574827409506304.000000
0.000000 9.000000 10.000000 0.000000 0.000000 0.000000 0.000000 273361279518313676800.000000 2807801636607575457792.000000
0.000000 10.000000 10.000000 0.000000 0.000000 0.000000 0.000000 273309766630277578752.000000 2805125803299920412672.000000
0.000000 11.000000 10.000000 0.000000 0.000000 0.000000 0.000000 267341872218233995264.000000 2742063660192948551680.000000
0.000000 12.000000 10.000000 0.000000 0.000000 0.000000 0.000000 255557091047141736448.000000 2619760056150862069760.000000
0.000000 13.000000 10.000000 0.000000 0.000000 0.000000 0.000000 238154702327804985344.000000 2440313475004921544704.000000
0.000000 14.000000 10.000000 0.000000 0.000000 0.000000 0.000000 215442289313096925184.000000 2206870664591674966016.000000
0.000000 15.000000 10.000000 0.000000 0.000000 0.000000 0.000000 187845165668522754048.000000 1923739005159832813568.000000
0.000000 16.000000 10.000000 0.000000 0.000000 0.000000 0.000000 155913254912288784384.000000 1596476929824217104384.000000
0.000000 17.000000 10.000000 0.000000 0.000000 0.000000 0.000000 120322015414323150848.000000 1231922847033910099968.000000
0.000000 18.000000 10.000000 0.000000 0.000000 0.000000 0.000000 81864770199397695488.000000 838131499281387225088.000000
0.000000 19.000000 10.000000 0.000000 0.000000 0.000000 0.000000 41435146838994845696.000000 424201904718046298112.000000
1.000000 0.000000 10.000000 0.000000 0.000000 0.000000 0.000000 81940891575803019264.000000 847301321704995160064.000000
1.000000 1.000000 10.000000 0.000000 0.000000 0.000000 0.000000 161880129239759716352.000000 1673400382474732961792.000000
1.000000 2.000000 10.000000 0.000000 0.000000 0.000000 0.000000 237893966176794574848.000000 2457980938854026182656.000000
1.000000 3.000000 10.000000 0.000000 0.000000 0.000000 0.000000 308206206166087368704.000000 3182400476183618125824.000000
1.000000 4.000000 10.000000 0.000000 0.000000 0.000000 0.000000 371242798276820992000.000000 3830298874846231134208.000000
1.000000 5.000000 10.000000 0.000000 0.000000 0.000000 0.000000 425667261744964435968.000000 4387978958514985369600.000000
1.000000 6.000000 10.000000 0.000000 0.000000 0.000000 0.000000 470396144638287872000.000000 4844549391681662746624.000000
1.000000 7.000000 10.000000 0.000000 0.000000 0.000000 0.000000 504597053714506055680.000000 5191860097438395138048.000000
1.000000 8.000000 10.000000 0.000000 0.000000 0.000000 0.000000 527674489733909381120.000000 5424292590744135270400.000000
1.000000 9.000000 10.000000 0.000000 0.000000 0.000000 0.000000 539250269553326424064.000000 5538486305385632235520.000000
1.000000 10.000000 10.000000 0.000000 0.000000 0.000000 0.000000 539145433527426088960.000000 5533083822127283437568.000000
1.000000 11.000000 10.000000 0.000000 0.000000 0.000000 0.000000 527369228804750245888.000000 5408562920897848016896.000000
1.000000 12.000000 10.000000 0.000000 0.000000 0.000000 0.000000 504118311311938879488.000000 5167194911597404356608.000000
1.000000 13.000000 10.000000 0.000000 0.000000 0.000000 0.000000 469786229116213526528.000000 4813132673536261881856.000000
1.000000 14.000000 10.000000 0.000000 0.000000 0.000000 0.000000 424980167041002897408.000000 4352595598974338990080.000000
1.000000 15.000000 10.000000 0.000000 0.000000 0.000000 0.000000 370539475725737525248.000000 3794089523681381318656.000000
1.000000 16.000000 10.000000 0.000000 0.000000 0.000000 0.000000 307549183464965734400.000000 3148583633903355428864.000000
1.000000 17.000000 10.000000 0.000000 0.000000 0.000000 0.000000 237341779557936660480.000000 2429566581945923534848.000000
1.000000 18.000000 10.000000 0.000000 0.000000 0.000000 0.000000 161482067744482951168.000000 1652920705905862901760.000000
1.000000 19.000000 10.000000 0.000000 0.000000 0.000000 0.000000 81732539375972106240.000000 836583151814296469504.000000
2.000000 0.000000 10.000000 0.000000 0.000000 0.000000 0.000000 120145299526646366208.000000 1242431257419324850176.000000
2.000000 1.000000 10.000000 0.000000 0.000000 0.000000 0.000000 237355720698514702336.000000 2453765718685222174720.000000
2.000000 2.000000 10.000000 0.000000 0.000000 0.000000 0.000000 348810551774483644416.000000 3604205184472897814528.000000
2.000000 3.000000 10.000000 0.000000 0.000000 0.000000 0.000000 451905317040596844544.000000 4666404862349712293888.000000
2.000000 4.000000 10.000000 0.000000 0.000000 0.000000 0.000000 544331815010308325376.000000 5616366265820424175616.000000
2.000000 5.000000 10.000000 0.000000 0.000000 0.000000 0.000000 624130089720735989760.000000 6433996339215201206272.000000
2.000000 6.000000 10.000000 0.000000 0.000000 0.000000 0.000000 689711164355299508224.000000 7103318717234008817664.000000
2.000000 7.000000 10.000000 0.000000 0.000000 0.000000 0.000000 739854245171654819840.000000 7612381052321050656768.000000
2.000000 8.000000 10.000000 0.000000 0.000000 0.000000 0.000000 773686051000933679104.000000 7952949458918006849536.000000
2.000000 9.000000 10.000000 0.000000 0.000000 0.000000 0.000000 790652189008200466432.000000 8120108476475020148736.000000
2.000000 10.000000 10.000000 0.000000 0.000000 0.000000 0.000000 790490671029139537920.000000 8111887700250882736128.000000
2.000000 11.000000 10.000000 0.000000 0.000000 0.000000 0.000000 773215753296885055488.000000 7929014420213673754624.000000
2.000000 12.000000 10.000000 0.000000 0.000000 0.000000 0.000000 739116702855199195136.000000 7574850097272309415936.000000
2.000000 13.000000 10.000000 0.000000 0.000000 0.000000 0.000000 688771588745136701440.000000 7055515939045730418688.000000
2.000000 14.000000 10.000000 0.000000 0.000000 0.000000 0.000000 623071686135782309888.000000 6380159935729865064448.000000
2.000000 15.000000 10.000000 0.000000 0.000000 0.000000 0.000000 543248486952071200768.000000 5561275185099896258560.000000
2.000000 16.000000 10.000000 0.000000 0.000000 0.000000 0.000000 450893371201375698944.000000 4614955788625747378176.000000
2.000000 17.000000 10.000000 0.000000 0.000000 0.000000 0.000000 347960123986087903232.000000 3560976889697506689024.000000
2.000000 18.000000 10.000000 0.000000 0.000000 0.000000 0.000000 236742690505579364352.000000 2422609682790781812736.000000
2.000000 19.000000 10.000000 0.000000 0.000000 0.000000 0.000000 119824438387463225344.000000 1226125813891995533312.000000
3.000000 0.000000 10.000000 0.000000 0.000000 0.000000 0.000000 155214394262867410944.000000 1605398948177556013056.000000
3.000000 1.000000 10.000000 0.000000 0.000000 0.000000 0.000000 306637272027538128896.000000 3170603425531860877312.000000
3.000000 2.000000 10.000000 0.000000 0.000000 0.000000 0.000000 450624501525399142400.000000 4657095948191875989504.000000
3.000000 3.000000 10.000000 0.000000 0.000000 0.000000 0.000000 583811124810069966848.000000 6029527839333054152704.000000
3.000000 4.000000 10.000000 0.000000 0.000000 0.000000 0.000000 703214742495718932480.000000 7256873706972554199040.000000
3.000000 5.000000 10.000000 0.000000 0.000000 0.000000 0.000000 806302707947577409536.000000 8313155881984008912896.000000
3.000000 6.000000 10.000000 0.000000 0.000000 0.000000 0.000000 891021612990458232832.000000 9177720409115731165184.000000
3.000000 7.000000 10.000000 0.000000 102.000000 204.000000 2.000000 955793833982237343744.000000 9835120822373738086400.000000
3.000000 8.000000 10.000000 0.000000 102.000000 204.000000 3.000000 999490994734357282816.000000 10274726581799705640960.000000
3.000000 9.000000 10.000000 0.000000 102.000000 204.000000 1.000000 1021397124480738263040.000000 10490208319384003280896.000000
3.000000 10.000000 10.000000 0.000000 102.000000 204.000000 2.000000 1021174516541852614656.000000 10479055705424403628032.000000
3.000000 11.000000 10.000000 104.000000 24.000000 24.000000 2.000000 998842834672531275776.000000 10242255852701533339648.000000
3.000000 12.000000 10.000000 104.000000 24.000000 24.000000 3.000000 954777406148529618944.000000 9784206943974259163136.000000
3.000000 13.000000 10.000000 0.000000 102.000000 204.000000 4.000000 889726839249342824448.000000 9112874292610228813824.000000
3.000000 14.000000 10.000000 0.000000 102.000000 204.000000 2.000000 804844294038043361280.000000 8240128091515970912256.000000
3.000000 15.000000 10.000000 0.000000 0.000000 0.000000 0.000000 701722104285630038016.000000 7182147423040715096064.000000
3.000000 16.000000 10.000000 0.000000 0.000000 0.000000 0.000000 582416948406618226688.000000 5959744765975725080576.000000
3.000000 17.000000 10.000000 0.000000 0.000000 0.000000 0.000000 449452933134490009600.000000 4598465491656802566144.000000
3.000000 18.000000 10.000000 0.000000 0.000000 0.000000 0.000000 305792794044780969984.000000 3128347877130517872640.000000
3.000000 19.000000 10.000000 0.000000 0.000000 0.000000 0.000000 154772408319766429696.000000 1583285041267322912768.000000
4.000000 0.000000 10.000000 0.000000 0.000000 0.000000 0.000000 186379711532088623104.000000 1928556862835831603200.000000
4.000000 1.000000 10.000000 0.000000 0.000000 0.000000 0.000000 368206566549345730560.000000 3808808101589258076160.000000
4.000000 2.000000 10.000000 0.000000 0.000000 0.000000 0.000000 541104543009838792704.000000 5594461337568854147072.000000
4.000000 3.000000 10.000000 0.000000 0.000000 0.000000 0.000000 701032606717766008832.000000 7243029147842307424256.000000
4.000000 4.000000 10.000000 0.000000 0.000000 0.000000 0.000000 844408838066722832384.000000 8717217092841777397760.000000
4.000000 5.000000 10.000000 0.000000 102.000000 204.000000 1.000000 968191198147305930752.000000 9985796929839679143936.000000
4.000000 6.000000 10.000000 0.000000 102.000000 204.000000 3.000000 1069913103345782751232.000000 11023942602101920628736.000000
4.000000 7.000000 10.000000 0.000000 102.000000 204.000000 4.000000 1147679503904312131584.000000 11813095765874277613568.000000
4.000000 8.000000 10.000000 104.000000 24.000000 24.000000 6.000000 1200135254360559976448.000000 12340500129992312619008.000000
4.000000 9.000000 10.000000 104.000000 24.000000 24.000000 6.000000 1226421065253453824000.000000 12598586149226890133504.000000
4.000000 10.000000 10.000000 104.000000 24.000000 24.000000 5.000000 1226132603280147873792.000000 12584392182603666423808.000000
4.000000 11.000000 10.000000 104.000000 24.000000 24.000000 5.000000 1199295370374057820160.000000 12299175139987295305728.000000
4.000000 12.000000 10.000000 104.000000 24.000000 24.000000 5.000000 1146362482644115259392.000000 11748300289951639011328.000000
4.000000 13.000000 10.000000 0.000000 102.000000 204.000000 4.000000 1068235530919111819264.000000 10941419502074861715456.000000
4.000000 14.000000 10.000000 104.000000 24.000000 24.000000 6.000000 966301754722878095360.000000 9892866153069986971648.000000
4.000000 15.000000 10.000000 0.000000 102.000000 204.000000 1.000000 842475218875205550080.000000 8622129638873617137664.000000
4.000000 16.000000 10.000000 0.000000 0.000000 0.000000 0.000000 699226687652096245760.000000 7154236122583906910208.000000
4.000000 17.000000 10.000000 0.000000 0.000000 0.000000 0.000000 539587085977810763776.000000 5519862281401333186560.000000
4.000000 18.000000 10.000000 0.000000 0.000000 0.000000 0.000000 367112831479903551488.000000 3755045643170878586880.000000
4.000000 19.000000 10.000000 0.000000 0.000000 0.000000 0.000000 185807289476578803712.000000 1900421566435335077888.000000
5.000000 0.000000 10.000000 0.000000 0.000000 0.000000 0.000000 213056315541288058880.000000 2206240529471804801024.000000
5.000000 1.000000 10.000000 0.000000 0.000000 0.000000 0.000000 420907934307684450304.000000 4357191656696862212096.000000
5.000000 2.000000 10.000000 0.000000 0.000000 0.000000 0.000000 618552136593656250368.000000 6399865615814318096384.000000
5.000000 3.000000 10.000000 0.000000 0.000000 0.000000 0.000000 801368858918693371904.000000 8285625642160167583744.000000
5.000000 4.000000 10.000000 0.000000 102.000000 204.000000 2.000000 965262576594546327552.000000 9971775534312359723008.000000
5.000000 5.000000 10.000000 0.000000 102.000000 204.000000 1.000000 1106754738512447406080.000000 11422562560641538719744.000000
5.000000 6.000000 10.000000 104.000000 24.000000 24.000000 5.000000 1223024650223817588736.000000 12609567674962154618880.000000
5.000000 7.000000 10.000000 104.000000 24.000000 24.000000 8.000000 1311905276468357234688.000000 13511558382706954862592.000000
5.000000 8.000000 10.000000 104.000000 24.000000 24.000000 9.000000 1371847377915552727040.000000 14113962113114142932992.000000
5.000000 9.000000 10.000000 104.000000 24.000000 24.000000 19.000000 1401869391130720993280.000000 14408166173932383109120.000000
5.000000 10.000000 10.000000 104.000000 24.000000 24.000000 17.000000 1401510784606416666624.000000 14390855818351390752768.000000
5.000000 11.000000 10.000000 104.000000 24.000000 24.000000 12.000000 1370803286732051841024.000000 14063564654768516235264.000000
5.000000 12.000000 10.000000 104.000000 24.000000 24.000000 12.000000 1310268113635632742400.000000 13432539940391883898880.000000
5.000000 13.000000 10.000000 104.000000 24.000000 24.000000 8.000000 1220939426863516483584.000000 12508934185194927161344.000000
5.000000 14.000000 10.000000 104.000000 24.000000 24.000000 7.000000 1104406338147087810560.000000 11309242551648221396992.000000
5.000000 15.000000 10.000000 0.000000 102.000000 204.000000 5.000000 962859465653175713792.000000 9855831374048534724608.000000
5.000000 16.000000 10.000000 0.000000 0.000000 0.000000 0.000000 799124632818218565632.000000 8177361750377271132160.000000
5.000000 17.000000 10.000000 0.000000 0.000000 0.000000 0.000000 616666517049507315712.000000 6308912081157741346816.000000
5.000000 18.000000 10.000000 0.000000 0.000000 0.000000 0.000000 419548914621766238208.000000 4291644958250986110976.000000
5.000000 19.000000 10.000000 0.000000 0.000000 0.000000 0.000000 212345078066353930240.000000 2171938965578146906112.000000
6.000000 0.000000 10.000000 0.000000 0.000000 0.000000 0.000000 234834346970670628864.000000 2434608457116737863680.000000
6.000000 1.000000 10.000000 0.000000 0.000000 0.000000 0.000000 463931570877863821312.000000 4808167350668514820096.000000
6.000000 2.000000 10.000000 0.000000 0.000000 0.000000 0.000000 681776999373836124160.000000 7062165543218285903872.000000
6.000000 3.000000 10.000000 0.000000 102.000000 204.000000 2.000000 883277450462113038336.000000 9142891726943603916800.000000
6.000000 4.000000 10.000000 0.000000 102.000000 204.000000 3.000000 1063917621856394936320.000000 11003190774914973958144.000000
6.000000 5.000000 10.000000 104.000000 24.000000 24.000000 5.000000 1219862110356070203392.000000 12603575370431045042176.000000
6.000000 6.000000 10.000000 104.000000 24.000000 24.000000 9.000000 1348000728533576450048.000000 13912663691828742062080.000000
6.000000 7.000000 10.000000 104.000000 24.000000 24.000000 17.000000 1445944205253650415616.000000 14907025047834310213632.000000
6.000000 8.000000 10.000000 104.000000 24.000000 24.000000 23.000000 1511984986421745680384.000000 15570605895669558280192.000000
6.000000 9.000000 10.000000 104.000000 24.000000 24.000000 38.000000 1545042245769699524608.000000 15893961737406060167168.000000
6.000000 10.000000 10.000000 104.000000 24.000000 24.000000 49.000000 1544610580177400365056.000000 15873526684181554266112.000000
6.000000 11.000000 10.000000 104.000000 24.000000 24.000000 33.000000 1510728209581237338112.000000 15511111986046547525632.000000
6.000000 12.000000 10.000000 104.000000 24.000000 24.000000 14.000000 1443973628034668036096.000000 14813746656266619453440.000000
6.000000 13.000000 10.000000 104.000000 24.000000 24.000000 12.000000 1345490987131724890112.000000 13793873808532449525760.000000
6.000000 14.000000 10.000000 104.000000 24.000000 24.000000 9.000000 1217035808346988609536.000000 12469815793733244813312.000000
6.000000 15.000000 10.000000 104.000000 24.000000 24.000000 5.000000 1061025689191818461184.000000 10866340014933304934400.000000
6.000000 16.000000 10.000000 0.000000 102.000000 204.000000 3.000000 880576916534650732544.000000 9015111846760821030912.000000
6.000000 17.000000 10.000000 0.000000 102.000000 204.000000 1.000000 679508131029494136832.000000 6954820716427005132800.000000
6.000000 18.000000 10.000000 0.000000 0.000000 0.000000 0.000000 462296415033169936384.000000 4730810500685090521088.000000
6.000000 19.000000 10.000000 0.000000 0.000000 0.000000 0.000000 233978622164031045632.000000 2394127272287542444032.000000
7.000000 0.000000 10.000000 0.000000 0.000000 0.000000 0.000000 251451007372202409984.000000 2611252928632678514688.000000
7.000000 1.000000 10.000000 0.000000 0.000000 0.000000 0.000000 496758213602332901376.000000 5156981266769176952832.000000
7.000000 2.000000 10.000000 0.000000 0.000000 0.000000 0.000000 730015856152740233216.000000 7574381841383900053504.000000
7.000000 3.000000 10.000000 104.000000 24.000000 24.000000 2.000000 945769247356264120320.000000 9805798674258517295104.000000
7.000000 4.000000 10.000000 104.000000 24.000000 24.000000 8.000000 1139182256582031835136.000000 11800609607383571759104.000000
7.000000 5.000000 10.000000 104.000000 24.000000 24.000000 9.000000 1306146708781657489408.000000 13516424293640566734848.000000
7.000000 6.000000 10.000000 104.000000 24.000000 24.000000 17.000000 1443331185560398856192.000000 14919561639394055028736.000000
7.000000 7.000000 10.000000 104.000000 24.000000 24.000000 26.000000 1548176766881329840128.000000 15984893135302806208512.000000
7.000000 8.000000 10.000000 104.000000 24.000000 24.000000 54.000000 1618855397054128586752.000000 16695235050693172658176.000000
7.000000 9.000000 10.000000 104.000000 24.000000 24.000000 66.000000 1654211254055730151424.000000 17040529224868210671616.000000
7.000000 10.000000 10.000000 104.000000 24.000000 24.000000 63.000000 1653705900760469078016.000000 17017059258388818427904.000000
7.000000 11.000000 10.000000 104.000000 24.000000 24.000000 64.000000 1617384109430989651968.000000 16626906232017335091200.000000
7.000000 12.000000 10.000000 104.000000 24.000000 24.000000 54.000000 1545869928885700788224.000000 15877765297760601374720.000000
7.000000 13.000000 10.000000 104.000000 24.000000 24.000000 34.000000 1440393328025836453888.000000 14783138916063527305216.000000
7.000000 14.000000 10.000000 104.000000 24.000000 24.000000 18.000000 1302838489499439988736.000000 13362815722775249944576.000000
7.000000 15.000000 10.000000 104.000000 24.000000 24.000000 8.000000 1135797433071917072384.000000 11643457611499581734912.000000
7.000000 16.000000 10.000000 0.000000 102.000000 204.000000 5.000000 942608642053448531968.000000 9659069086071609360384.000000
7.000000 17.000000 10.000000 0.000000 102.000000 204.000000 2.000000 727360604085621489664.000000 7451122218135875223552.000000
7.000000 18.000000 10.000000 0.000000 0.000000 0.000000 0.000000 494844677581517225984.000000 5068158086099529367552.000000
7.000000 19.000000 10.000000 0.000000 0.000000 0.000000 0.000000 250449625978282377216.000000 2564772192533664497664.000000
8.000000 0.000000 10.000000 0.000000 0.000000 0.000000 0.000000 262751043504792764416.000000 2734685320423193706496.000000
8.000000 1.000000 10.000000 0.000000 0.000000 0.000000 0.000000 519081100706020720640.000000 5400695906721670889472.000000
8.000000 2.000000 10.000000 0.000000 0.000000 0.000000 0.000000 762817810283525570560.000000 7932206370425246056448.000000
8.000000 3.000000 10.000000 0.000000 102.000000 204.000000 3.000000 988259996083098746880.000000 10268781911246867791872.000000
8.000000 4.000000 10.000000 104.000000 24.000000 24.000000 6.000000 1190352732202793435136.000000 12357357508068286398464.000000
8.000000 5.000000 10.000000 104.000000 24.000000 24.000000 10.000000 1364801836935191724032.000000 14153498810392919408640.000000
8.000000 6.000000 10.000000 104.000000 24.000000 24.000000 19.000000 1508125150825136259072.000000 15621910681878758686720.000000
8.000000 7.000000 10.000000 104.000000 24.000000 24.000000 49.000000 1617648425305591250944.000000 16736282431300751589376.000000
8.000000 8.000000 10.000000 104.000000 24.000000 24.000000 85.000000 1691462137054135582720.000000 17478659286779922743296.000000
8.000000 9.000000 10.000000 104.000000 24.000000 24.000000 91.000000 1728360441917726261248.000000 17838588961555807731712.000000
8.000000 10.000000 10.000000 104.000000 24.000000 24.000000 117.000000 1727783909735925809152.000000 17812299912328442281984.000000
8.000000 11.000000 10.000000 104.000000 24.000000 24.000000 115.000000 1689783645931461148672.000000 17402124003002749550592.000000
8.000000 12.000000 10.000000 104.000000 24.000000 24.000000 90.000000 1615016792953736658944.000000 16616290709768234860544.000000
8.000000 13.000000 10.000000 104.000000 24.000000 24.000000 53.000000 1504773796569897500672.000000 15469110666501076025344.000000
8.000000 14.000000 10.000000 104.000000 24.000000 24.000000 19.000000 1361028184808994635776.000000 13981455600010691346432.000000
8.000000 15.000000 10.000000 104.000000 24.000000 24.000000 16.000000 1186491908101101060096.000000 12181351957101654573056.000000
8.000000 16.000000 10.000000 104.000000 24.000000 24.000000 6.000000 984655112811033264128.000000 10104454923494589726720.000000
8.000000 17.000000 10.000000 0.000000 102.000000 204.000000 2.000000 759789459078929973248.000000 7794168428488499920896.000000
8.000000 18.000000 10.000000 0.000000 0.000000 0.000000 0.000000 516898767470102773760.000000 5301225631865874939904.000000
8.000000 19.000000 10.000000 0.000000 0.000000 0.000000 0.000000 261609023524432642048.000000 2682633825425564368896.000000
9.000000 0.000000 10.000000 0.000000 0.000000 0.000000 0.000000 268645674128767123456.000000 2803822620154871676928.000000
9.000000 1.000000 10.000000 0.000000 0.000000 0.000000 0.000000 530724850012325871616.000000 5537176047076220338176.000000
9.000000 2.000000 10.000000 0.000000 0.000000 0.000000 0.000000 779925179399455375360.000000 8132512369401604866048.000000
9.000000 3.000000 10.000000 104.000000 24.000000 24.000000 2.000000 1010416016589449592832.000000 10527811800423938916352.000000
9.000000 4.000000 10.000000 104.000000 24.000000 24.000000 7.000000 1217027500058523205632.000000 12668615733858394963968.000000
9.000000 5.000000 10.000000 104.000000 24.000000 24.000000 7.000000 1395367805625952108544.000000 14509326071744071467008.000000
9.000000 6.000000 10.000000 104.000000 24.000000 24.000000 32.000000 1541875848046858731520.000000 16013735259723781898240.000000
9.000000 7.000000 10.000000 104.000000 24.000000 24.000000 56.000000 1653817385186590982144.000000 17154876817865990733824.000000
9.000000 8.000000 10.000000 104.000000 24.000000 24.000000 96.000000 1729241138212568039424.000000 17914388654408691875840.000000
9.000000 9.000000 10.000000 104.000000 24.000000 24.000000 131.000000 1766916544136084979712.000000 18281642111358606508032.000000
9.000000 10.000000 10.000000 104.000000 24.000000 24.000000 146.000000 1766275204689304748032.000000 18252898004099399680000.000000
9.000000 11.000000 10.000000 104.000000 24.000000 24.000000 131.000000 1727373995112106557440.000000 17830706734401910210560.000000
9.000000 12.000000 10.000000 104.000000 24.000000 24.000000 98.000000 1650890048952907333632.000000 17023682939953044520960.000000
9.000000 13.000000 10.000000 104.000000 24.000000 24.000000 67.000000 1538148051167033163776.000000 15846674264897557102592.000000
9.000000 14.000000 10.000000 104.000000 24.000000 24.000000 21.000000 1391170454192417931264.000000 14321231369350022168576.000000
9.000000 15.000000 10.000000 104.000000 24.000000 24.000000 19.000000 1212733384262171230208.000000 12476195004198965739520.000000
9.000000 16.000000 10.000000 104.000000 24.000000 24.000000 9.000000 1006406743315123273728.000000 10348164307422445305856.000000
9.000000 17.000000 10.000000 0.000000 102.000000 204.000000 1.000000 776557245403711799296.000000 7981608978394629799936.000000
9.000000 18.000000 10.000000 104.000000 24.000000 24.000000 1.000000 528297876938498637824.000000 5428437225593937854464.000000
9.000000 19.000000 10.000000 0.000000 0.000000 0.000000 0.000000 267375658625835696128.000000 2746921786187139514368.000000
10.000000 0.000000 10.000000 0.000000 0.000000 0.000000 0.000000 269079770014387961856.000000 2817599179077560303616.000000
10.000000 1.000000 10.000000 0.000000 0.000000 0.000000 0.000000 531580633959962050560.000000 5564321798128407674880.000000
10.000000 2.000000 10.000000 0.000000 0.000000 0.000000 0.000000 781178259577218662400.000000 8172227483800320344064.000000
10.000000 3.000000 10.000000 0.000000 102.000000 204.000000 5.000000 1012030861582292484096.000000 10578933573572972511232.000000
10.000000 4.000000 10.000000 104.000000 24.000000 24.000000 7.000000 1218958692967947173888.000000 12729662269902106394624.000000
10.000000 5.000000 10.000000 104.000000 24.000000 24.000000 11.000000 1397561681515886673920.000000 14578552895858542641152.000000
10.000000 6.000000 10.000000 104.000000 24.000000 24.000000 37.000000 1544272464636870131712.000000 16089202857041016651776.000000
10.000000 7.000000 10.000000 104.000000 24.000000 24.000000 64.000000 1656352746693892505600.000000 17234526100482347237376.000000
10.000000 8.000000 10.000000 104.000000 24.000000 24.000000 136.000000 1731849560741870829568.000000 17996120350011246510080.000000
10.000000 9.000000 10.000000 104.000000 24.000000 24.000000 167.000000 1769533024371872366592.000000 18363395254578724208640.000000
10.000000 10.000000 10.000000 104.000000 24.000000 24.000000 186.000000 1768837638463279071232.000000 18332722304813824475136.000000
10.000000 11.000000 10.000000 104.000000 24.000000 24.000000 158.000000 1729825094029579911168.000000 17906823760869817581568.000000
10.000000 12.000000 10.000000 104.000000 24.000000 24.000000 130.000000 1653178824417835220992.000000 17094531867311484174336.000000
10.000000 13.000000 10.000000 104.000000 24.000000 24.000000 82.000000 1540230775220090437632.000000 15910939368172805947392.000000
10.000000 14.000000 10.000000 104.000000 24.000000 24.000000 38.000000 1393011061438057807872.000000 14377850337876221362176.000000
10.000000 15.000000 10.000000 104.000000 24.000000 24.000000 13.000000 1214303341739012259840.000000 12524349280379402715136.000000
10.000000 16.000000 10.000000 104.000000 24.000000 24.000000 7.000000 1007684476591647358976.000000 10387254710861945634816.000000
10.000000 17.000000 10.000000 104.000000 24.000000 24.000000 6.000000 777527260279109844992.000000 8011221563931805876224.000000
10.000000 18.000000 10.000000 0.000000 102.000000 204.000000 1.000000 528949748957843292160.000000 5448305382192657203200.000000
10.000000 19.000000 10.000000 0.000000 0.000000 0.000000 0.000000 267703071823295283200.000000 2756890841792381976576.000000
11.000000 0.000000 10.000000 0.000000 0.000000 0.000000 0.000000 264015024824293457920.000000 2774800202621709713408.000000
11.000000 1.000000 10.000000 0.000000 0.000000 0.000000 0.000000 521572933389406175232.000000 5479739442071801430016.000000
11.000000 2.000000 10.000000 0.000000 0.000000 0.000000 0.000000 766466467740590014464.000000 8047849477006472249344.000000
11.000000 3.000000 10.000000 0.000000 102.000000 204.000000 2.000000 992962012684728401920.000000 10417638765639222951936.000000
11.000000 4.000000 10.000000 104.000000 24.000000 24.000000 6.000000 1195975853804217958400.000000 12535112710847350177792.000000
11.000000 5.000000 10.000000 104.000000 24.000000 24.000000 10.000000 1371189788224604078080.000000 14355072215713516093440.000000
11.000000 6.000000 10.000000 104.000000 24.000000 24.000000 36.000000 1515103374086542196736.000000 15841654079690899456000.000000
11.000000 7.000000 10.000000 104.000000 24.000000 24.000000 58.000000 1625030557598140596224.000000 16968199358429534355456.000000
11.000000 8.000000 10.000000 104.000000 24.000000 24.000000 122.000000 1699056900766564876288.000000 17716636297605188419584.000000
11.000000 9.000000 10.000000 104.000000 24.000000 24.000000 164.000000 1735978545755363475456.000000 18076624312739892822016.000000
11.000000 10.000000 10.000000 104.000000 24.000000 24.000000 159.000000 1735244512748222545920.000000 18044714423188637876224.000000
11.000000 11.000000 10.000000 104.000000 24.000000 24.000000 154.000000 1696919941768114339840.000000 17623739326143456608256.000000
11.000000 12.000000 10.000000 104.000000 24.000000 24.000000 134.000000 1621680333185228996608.000000 16822562614570601414656.000000
11.000000 13.000000 10.000000 104.000000 24.000000 24.000000 60.000000 1510837288787867860992.000000 15656209104562645106688.000000
11.000000 14.000000 10.000000 104.000000 24.000000 24.000000 35.000000 1366386661258800136192.000000 14146288857379837575168.000000
11.000000 15.000000 10.000000 104.000000 24.000000 24.000000 9.000000 1191062343145862201344.000000 12321538399951338340352.000000
11.000000 16.000000 10.000000 0.000000 102.000000 204.000000 4.000000 988374746699418566656.000000 10218251846939725266944.000000
11.000000 17.000000 10.000000 0.000000 102.000000 204.000000 2.000000 762613234508862980096.000000 7880372439624120795136.000000
11.000000 18.000000 10.000000 0.000000 0.000000 0.000000 0.000000 518796381159762034688.000000 5359062084135644299264.000000
11.000000 19.000000 10.000000 0.000000 0.000000 0.000000 0.000000 262562121814506274816.000000 2711653573309611114496.000000
12.000000 0.000000 10.000000 0.000000 0.000000 0.000000 0.000000 253433266280994832384.000000 2674166439332649369600.000000
12.000000 1.000000 10.000000 0.000000 0.000000 0.000000 0.000000 500666065844445708288.000000 5280947736870030147584.000000
12.000000 2.000000 10.000000 0.000000 0.000000 0.000000 0.000000 735737902578633932800.000000 7755748124837878431744.000000
12.000000 3.000000 10.000000 0.000000 102.000000 204.000000 2.000000 953143205918667177984.000000 10039253966916048388096.000000
12.000000 4.000000 10.000000 0.000000 102.000000 204.000000 3.000000 1148000684005099438080.000000 12079384776663369777152.000000
12.000000 5.000000 10.000000 104.000000 24.000000 24.000000 12.000000 1316164475551040405504.000000 13832550340422470205440.000000
12.000000 6.000000 10.000000 104.000000 24.000000 24.000000 31.000000 1454274477582157086720.000000 15264178223968086392832.000000
12.000000 7.000000 10.000000 104.000000 24.000000 24.000000 48.000000 1559753249095109050368.000000 16348593507977371058176.000000
12.000000 8.000000 10.000000 104.000000 24.000000 24.000000 65.000000 1630765028989953638400.000000 17068429076335507275776.000000
12.000000 9.000000 10.000000 104.000000 24.000000 24.000000 102.000000 1666157124198499614720.000000 17413802431931490500608.000000
12.000000 10.000000 10.000000 104.000000 24.000000 24.000000 137.000000 1665404376147367559168.000000 17381503948035824025600.000000
12.000000 11.000000 10.000000 104.000000 24.000000 24.000000 126.000000 1628573603758126137344.000000 16974401414152348237824.000000
12.000000 12.000000 10.000000 104.000000 24.000000 24.000000 103.000000 1556317689220485349376.000000 16201185939770390347776.000000
12.000000 13.000000 10.000000 104.000000 24.000000 24.000000 43.000000 1449899824094464966656.000000 15076481544178781650944.000000
12.000000 14.000000 10.000000 104.000000 24.000000 24.000000 30.000000 1311239241378609758208.000000 13621236127494353977344.000000
12.000000 15.000000 10.000000 104.000000 24.000000 24.000000 13.000000 1142962400396166299648.000000 11863226168371169984512.000000
12.000000 16.000000 10.000000 104.000000 24.000000 24.000000 6.000000 948439579771124580352.000000 9837458648668754149376.000000
12.000000 17.000000 10.000000 104.000000 24.000000 24.000000 3.000000 731787024204698746880.000000 7586251281396815364096.000000
12.000000 18.000000 10.000000 0.000000 0.000000 0.000000 0.000000 497819206843748581376.000000 5158816770337219280896.000000
12.000000 19.000000 10.000000 0.000000 0.000000 0.000000 0.000000 251943591483107115008.000000 2610259778232923455488.000000
13.000000 0.000000 10.000000 0.000000 0.000000 0.000000 0.000000 237359645883587821568.000000 2514761906647662592000.000000
13.000000 1.000000 10.000000 0.000000 0.000000 0.000000 0.000000 468909972176044425216.000000 4966103596323171205120.000000
13.000000 2.000000 10.000000 0.000000 0.000000 0.000000 0.000000 689066567435185946624.000000 7293229729861525831680.000000
13.000000 3.000000 10.000000 0.000000 102.000000 204.000000 3.000000 892671409979480080384.000000 9440316507920201154560.000000
13.000000 4.000000 10.000000 104.000000 24.000000 24.000000 6.000000 1075151641090061893632.000000 11358350072080293167104.000000
13.000000 5.000000 10.000000 104.000000 24.000000 24.000000 11.000000 1232623821282755215360.000000 13006313580346875052032.000000
13.000000 6.000000 10.000000 104.000000 24.000000 24.000000 20.000000 1361941197606262669312.000000 14351688866537765076992.000000
13.000000 7.000000 10.000000 104.000000 24.000000 24.000000 41.000000 1460690891359280168960.000000 15370348687323201273856.000000
13.000000 8.000000 10.000000 104.000000 24.000000 24.000000 36.000000 1527155535850871717888.000000 16046006007029389328384.000000
13.000000 9.000000 10.000000 104.000000 24.000000 24.000000 60.000000 1560258315468768018432.000000 16369440970630517227520.000000
13.000000 10.000000 10.000000 104.000000 24.000000 24.000000 73.000000 1559510789528679874560.000000 16337734897662244683776.000000
13.000000 11.000000 10.000000 104.000000 24.000000 24.000000 80.000000 1524979329097104097280.000000 15953703507576641028096.000000
13.000000 12.000000 10.000000 104.000000 24.000000 24.000000 67.000000 1457279236944310304768.000000 15225647252634012221440.000000
13.000000 13.000000 10.000000 104.000000 24.000000 24.000000 33.000000 1357597067097988923392.000000 14167440761607619084288.000000
13.000000 14.000000 10.000000 104.000000 24.000000 24.000000 15.000000 1227733062960907026432.000000 12798885632001886388224.000000
13.000000 15.000000 10.000000 104.000000 24.000000 24.000000 9.000000 1070148746642566807552.000000 11146170942673553195008.000000
13.000000 16.000000 10.000000 104.000000 24.000000 24.000000 6.000000 888000933651171246080.000000 9242240001229606354944.000000
13.000000 17.000000 10.000000 0.000000 102.000000 204.000000 2.000000 685143616760794054656.000000 7126859286713343148032.000000
13.000000 18.000000 10.000000 0.000000 0.000000 0.000000 0.000000 466083283839295553536.000000 4846226945189475254272.000000
13.000000 19.000000 10.000000 0.000000 0.000000 0.000000 0.000000 235880541461045936128.000000 2452035376007053574144.000000
14.000000 0.000000 10.000000 0.000000 0.000000 0.000000 0.000000 215901046017430388736.000000 2296539191129347457024.000000
14.000000 1.000000 10.000000 0.000000 0.000000 0.000000 0.000000 426516056473115951104.000000 4535117915379151667200.000000
14.000000 2.000000 10.000000 0.000000 0.000000 0.000000 0.000000 626763736010769039360.000000 6660174566573622689792.000000
14.000000 3.000000 10.000000 0.000000 102.000000 204.000000 1.000000 811950956395515609088.000000 8620691712347946876928.000000
14.000000 4.000000 10.000000 104.000000 24.000000 24.000000 3.000000 977917324853373304832.000000 10371878106578458509312.000000
14.000000 5.000000 10.000000 0.000000 102.000000 204.000000 4.000000 1121130143063813259264.000000 11876256739084086542336.000000
14.000000 6.000000 10.000000 104.000000 24.000000 24.000000 13.000000 1238727495239695597568.000000 13104127380023947558912.000000
14.000000 7.000000 10.000000 104.000000 24.000000 24.000000 19.000000 1328515735251602112512.000000 14033472267237908807680.000000
14.000000 8.000000 10.000000 104.000000 24.000000 24.000000 22.000000 1388934574923081318400.000000 14649455977488158031872.000000
14.000000 9.000000 10.000000 104.000000 24.000000 24.000000 36.000000 1419007001648638984192.000000 14943720024283375730688.000000
14.000000 10.000000 10.000000 104.000000 24.000000 24.000000 49.000000 1418291653907060621312.000000 14913680886967140614144.000000
14.000000 11.000000 10.000000 104.000000 24.000000 24.000000 36.000000 1386852058928700456960.000000 14562006704739758112768.000000
14.000000 12.000000 10.000000 104.000000 24.000000 24.000000 27.000000 1325251000006119522304.000000 13896380537040919330816.000000
14.000000 13.000000 10.000000 104.000000 24.000000 24.000000 16.000000 1234570509791450365952.000000 12929571109413224185856.000000
14.000000 14.000000 10.000000 104.000000 24.000000 24.000000 7.000000 1116450172102142722048.000000 11679743162827755487232.000000
14.000000 15.000000 10.000000 0.000000 102.000000 204.000000 5.000000 973130153267110215680.000000 10170866883806858575872.000000
14.000000 16.000000 10.000000 0.000000 102.000000 204.000000 2.000000 807481962753685454848.000000 8433044059235268165632.000000
14.000000 17.000000 10.000000 0.000000 102.000000 204.000000 1.000000 623010089831413579776.000000 6502566041548406915072.000000
14.000000 18.000000 10.000000 0.000000 0.000000 0.000000 0.000000 423811400254093131776.000000 4421555944619094048768.000000
14.000000 19.000000 10.000000 0.000000 0.000000 0.000000 0.000000 214485809798315245568.000000 2237117328440336580608.000000
15.000000 0.000000 10.000000 0.000000 0.000000 0.000000 0.000000 189291493379965911040.000000 2020990897358810120192.000000
15.000000 1.000000 10.000000 0.000000 0.000000 0.000000 0.000000 373946863388671213568.000000 3990941555310418460672.000000
15.000000 2.000000 10.000000 0.000000 0.000000 0.000000 0.000000 549509643759252668416.000000 5860924317446580469760.000000
15.000000 3.000000 10.000000 0.000000 0.000000 0.000000 0.000000 711863987825599578112.000000 7586013926752534921216.000000
15.000000 4.000000 10.000000 0.000000 102.000000 204.000000 1.000000 857361544770321383424.000000 9126770206634091216896.000000
15.000000 5.000000 10.000000 0.000000 102.000000 204.000000 2.000000 982904814206301634560.000000 10450198592600011702272.000000
15.000000 6.000000 10.000000 104.000000 24.000000 24.000000 5.000000 1085984986125030916096.000000 11530160441722182565888.000000
15.000000 7.000000 10.000000 104.000000 24.000000 24.000000 9.000000 1164679753920817922048.000000 12347292969048758812672.000000
15.000000 8.000000 10.000000 104.000000 24.000000 24.000000 10.000000 1217622668303145631744.000000 12888571027676265971712.000000
15.000000 9.000000 10.000000 104.000000 24.000000 24.000000 12.000000 1243959133885408215040.000000 13146686526229806317568.000000
15.000000 10.000000 10.000000 104.000000 24.000000 24.000000 11.000000 1243304507016083406848.000000 13119428640545307623424.000000
15.000000 11.000000 10.000000 104.000000 24.000000 24.000000 14.000000 1215716933044684193792.000000 12809218841989085134848.000000
15.000000 12.000000 10.000000 104.000000 24.000000 24.000000 11.000000 1161692187169089388544.000000 12222895916056781520896.000000
15.000000 13.000000 10.000000 104.000000 24.000000 24.000000 10.000000 1082180974752240893952.000000 11371770012372521975808.000000
15.000000 14.000000 10.000000 104.000000 24.000000 24.000000 1.000000 978622299094456205312.000000 10271886963538267209728.000000
15.000000 15.000000 10.000000 0.000000 102.000000 204.000000 3.000000 852981014904407851008.000000 8944380389648759783424.000000
15.000000 16.000000 10.000000 0.000000 102.000000 204.000000 1.000000 707774683088300539904.000000 7415752312786893406208.000000
15.000000 17.000000 10.000000 0.000000 0.000000 0.000000 0.000000 546074965634142437376.000000 5717920580640144621568.000000
15.000000 18.000000 10.000000 0.000000 0.000000 0.000000 0.000000 371472068203439456256.000000 3887903904856105549824.000000
15.000000 19.000000 10.000000 0.000000 0.000000 0.000000 0.000000 187996544556505825280.000000 1967076305926992953344.000000
16.000000 0.000000 10.000000 0.000000 0.000000 0.000000 0.000000 157934367051779932160.000000 1691750415097488998400.000000
16.000000 1.000000 10.000000 0.000000 0.000000 0.000000 0.000000 311999425891697819648.000000 3340751341917124427776.000000
16.000000 2.000000 10.000000 0.000000 0.000000 0.000000 0.000000 458475884595685490688.000000 4906022910408728248320.000000
16.000000 3.000000 10.000000 0.000000 0.000000 0.000000 0.000000 593928877593316425728.000000 6349938237621581905920.000000
16.000000 4.000000 10.000000 0.000000 0.000000 0.000000 0.000000 715313919181665861632.000000 7639466345613976666112.000000
16.000000 5.000000 10.000000 0.000000 102.000000 204.000000 1.000000 820046520030286315520.000000 8746978319120765812736.000000
16.000000 6.000000 10.000000 104.000000 24.000000 24.000000 4.000000 906033796653731545088.000000 9650592982659133079552.000000
16.000000 7.000000 10.000000 0.000000 102.000000 204.000000 5.000000 971672646961468801024.000000 10334111814258320736256.000000
16.000000 8.000000 10.000000 104.000000 24.000000 24.000000 6.000000 1015824140522756374528.000000 10786653304068541251584.000000
16.000000 9.000000 10.000000 104.000000 24.000000 24.000000 5.000000 1037776724248610603008.000000 11002133461029464571904.000000
16.000000 10.000000 10.000000 104.000000 24.000000 24.000000 5.000000 1037211145946845151232.000000 10978745461770477895680.000000
16.000000 11.000000 10.000000 104.000000 24.000000 24.000000 6.000000 1014177649166812971008.000000 10718567267292701261824.000000
16.000000 12.000000 10.000000 0.000000 102.000000 204.000000 4.000000 969091512491118034944.000000 10227377043822700658688.000000
16.000000 13.000000 10.000000 104.000000 24.000000 24.000000 5.000000 902747328373806858240.000000 9514692769261599850496.000000
16.000000 14.000000 10.000000 104.000000 24.000000 24.000000 5.000000 816346703884977831936.000000 8593987502437948194816.000000
16.000000 15.000000 10.000000 0.000000 102.000000 204.000000 1.000000 711529484359475396608.000000 7482978582325965619200.000000
16.000000 16.000000 10.000000 0.000000 0.000000 0.000000 0.000000 590396092992373915648.000000 6203858233007636742144.000000
16.000000 17.000000 10.000000 0.000000 0.000000 0.000000 0.000000 455508678074503135232.000000 4783330897679502802944.000000
16.000000 18.000000 10.000000 0.000000 0.000000 0.000000 0.000000 309861481926609076224.000000 3252349598835128926208.000000
16.000000 19.000000 10.000000 0.000000 0.000000 0.000000 0.000000 156815684976782409728.000000 1645494355562326917120.000000
17.000000 0.000000 10.000000 0.000000 0.000000 0.000000 0.000000 122431171643319287808.000000 1315006005395007209472.000000
17.000000 1.000000 10.000000 0.000000 0.000000 0.000000 0.000000 241862081168549281792.000000 2596767568273838964736.000000
17.000000 2.000000 10.000000 0.000000 0.000000 0.000000 0.000000 355408840809796337664.000000 3813416569269269299200.000000
17.000000 3.000000 10.000000 0.000000 0.000000 0.000000 0.000000 460408206925799227392.000000 4935692889475305701376.000000
17.000000 4.000000 10.000000 0.000000 0.000000 0.000000 0.000000 554499777296620453888.000000 5937911651073014104064.000000
17.000000 5.000000 10.000000 0.000000 0.000000 0.000000 0.000000 635680001384020705280.000000 6798591133990283902976.000000
17.000000 6.000000 10.000000 0.000000 102.000000 204.000000 2.000000 702326704467597328384.000000 7500722794791941701632.000000
17.000000 7.000000 10.000000 0.000000 102.000000 204.000000 2.000000 753197667898845691904.000000 8031721804266945380352.000000
17.000000 8.000000 10.000000 0.000000 102.000000 204.000000 2.000000 787410744397591871488.000000 8383143491920304537600.000000
17.000000 9.000000 10.000000 0.000000 0.000000 0.000000 0.000000 804415278225916166144.000000 8550279467113652420608.000000
17.000000 10.000000 10.000000 0.000000 102.000000 204.000000 5.000000 803964836545054769152.000000 8531752155616741687296.000000
17.000000 11.000000 10.000000 0.000000 102.000000 204.000000 1.000000 786099439585206075392.000000 8329207836355388768256.000000
17.000000 12.000000 10.000000 0.000000 102.000000 204.000000 3.000000 751142005869459800064.000000 7947170345794922348544.000000
17.000000 13.000000 10.000000 104.000000 24.000000 24.000000 2.000000 699709327945210134528.000000 7393068455099903246336.000000
17.000000 14.000000 10.000000 0.000000 102.000000 204.000000 2.000000 632733465390635286528.000000 6677399604919134060544.000000
17.000000 15.000000 10.000000 0.000000 0.000000 0.000000 0.000000 551485889221161975808.000000 5813951395280337240064.000000
17.000000 16.000000 10.000000 0.000000 0.000000 0.000000 0.000000 457594765646782791680.000000 4819978294165199912960.000000
17.000000 17.000000 10.000000 0.000000 0.000000 0.000000 0.000000 353045841035596267520.000000 3716229279601063362560.000000
17.000000 18.000000 10.000000 0.000000 0.000000 0.000000 0.000000 240159497509906710528.000000 2526742954889991159808.000000
17.000000 19.000000 10.000000 0.000000 0.000000 0.000000 0.000000 121540297362097422336.000000 1278365924245515534336.000000
18.000000 0.000000 10.000000 0.000000 0.000000 0.000000 0.000000 83588681348744806400.000000 899620114464269664256.000000
18.000000 1.000000 10.000000 0.000000 0.000000 0.000000 0.000000 165128572169631662080.000000 1776489591374403862528.000000
18.000000 2.000000 10.000000 0.000000 0.000000 0.000000 0.000000 242650378332274950144.000000 2608799771750071533568.000000
18.000000 3.000000 10.000000 0.000000 0.000000 0.000000 0.000000 314335530439669055488.000000 3376527056976454090752.000000
18.000000 4.000000 10.000000 0.000000 0.000000 0.000000 0.000000 378572335090928320512.000000 4062095173999631794176.000000
18.000000 5.000000 10.000000 0.000000 0.000000 0.000000 0.000000 433992871397285167104.000000 4650805377369949339648.000000
18.000000 6.000000 10.000000 0.000000 0.000000 0.000000 0.000000 479489743575394615296.000000 5131021814200593809408.000000
18.000000 7.000000 10.000000 0.000000 0.000000 0.000000 0.000000 514215106849619181568.000000 5494138222400339181568.000000
18.000000 8.000000 10.000000 0.000000 0.000000 0.000000 0.000000 537567072863777325056.000000 5734384244860123086848.000000
18.000000 9.000000 10.000000 0.000000 0.000000 0.000000 0.000000 549170166231874076672.000000 5848549066728285405184.000000
18.000000 10.000000 10.000000 0.000000 0.000000 0.000000 0.000000 548856666583042228224.000000 5835703521631886376960.000000
18.000000 11.000000 10.000000 0.000000 0.000000 0.000000 0.000000 536654429828089643008.000000 5696989115736222859264.000000
18.000000 12.000000 10.000000 0.000000 0.000000 0.000000 0.000000 512784412996929585152.000000 5435516556764297297920.000000
18.000000 13.000000 10.000000 0.000000 0.000000 0.000000 0.000000 477668122599014137856.000000 5056382819387421229056.000000
18.000000 14.000000 10.000000 0.000000 0.000000 0.000000 0.000000 431942182503797620736.000000 4566781414694218366976.000000
18.000000 15.000000 10.000000 0.000000 0.000000 0.000000 0.000000 376474791033771786240.000000 3976152319559501611008.000000
18.000000 16.000000 10.000000 0.000000 0.000000 0.000000 0.000000 312377507120115220480.000000 3296301646727598833664.000000
18.000000 17.000000 10.000000 0.000000 0.000000 0.000000 0.000000 241005854539656462336.000000 2541419902540216532992.000000
18.000000 18.000000 10.000000 0.000000 0.000000 0.000000 0.000000 163943670874263748608.000000 1727941856941279019008.000000
18.000000 19.000000 10.000000 0.000000 0.000000 0.000000 0.000000 82968686088296693760.000000 874217810113398571008.000000
19.000000 0.000000 10.000000 0.000000 0.000000 0.000000 0.000000 42400017231077720064.000000 456896310024408006656.000000
19.000000 1.000000 10.000000 0.000000 0.000000 0.000000 0.000000 83760670983819067392.000000 902235784932695736320.000000
19.000000 2.000000 10.000000 0.000000 0.000000 0.000000 0.000000 123082935758379155456.000000 1324940128680619540480.000000
19.000000 3.000000 10.000000 0.000000 0.000000 0.000000 0.000000 159444266804228620288.000000 1714837912906959159296.000000
19.000000 4.000000 10.000000 0.000000 0.000000 0.000000 0.000000 192027092669634052096.000000 2063001098777093210112.000000
19.000000 5.000000 10.000000 0.000000 0.000000 0.000000 0.000000 220137537444960075776.000000 2361963720150868295680.000000
19.000000 6.000000 10.000000 0.000000 0.000000 0.000000 0.000000 243213920977809637376.000000 2605816219828318896128.000000
19.000000 7.000000 10.000000 0.000000 0.000000 0.000000 0.000000 260826262865313595392.000000 2790188696529573249024.000000
19.000000 8.000000 10.000000 0.000000 0.000000 0.000000 0.000000 272669380416596934656.000000 2912152623038465048576.000000
19.000000 9.000000 10.000000 0.000000 0.000000 0.000000 0.000000 278552965268856635392.000000 2970080463926392258560.000000
19.000000 10.000000 10.000000 0.000000 0.000000 0.000000 0.000000 278392106278482149376.000000 2963504379851982241792.000000
19.000000 11.000000 10.000000 0.000000 0.000000 0.000000 0.000000 272201097311715164160.000000 2893008776578954952704.000000
19.000000 12.000000 10.000000 0.000000 0.000000 0.000000 0.000000 260092166874732363776.000000 2760178345858406809600.000000
19.000000 13.000000 10.000000 0.000000 0.000000 0.000000 0.000000 242279242568578236416.000000 2567606226267198193664.000000
19.000000 14.000000 10.000000 0.000000 0.000000 0.000000 0.000000 219085329320147484672.000000 2318949477782119776256.000000
19.000000 15.000000 10.000000 0.000000 0.000000 0.000000 0.000000 190950849328573579264.000000 2019004745478749290496.000000
19.000000 16.000000 10.000000 0.000000 0.000000 0.000000 0.000000 158439616742518259712.000000 1673768670508391333888.000000
19.000000 17.000000 10.000000 0.000000 0.000000 0.000000 0.000000 122239144624740564992.000000 1290446968281740607488.000000
19.000000 18.000000 10.000000 0.000000 0.000000 0.000000 0.000000 83152710607647457280.000000 877383273432005607424.000000
19.000000 19.000000 10.000000 0.000000 0.000000 0.000000 0.000000 42081904984580767744.000000 443892414588307243008.000000
