# i (x-axis) 
#  j (y-axis) 
#  k (z-axis) 
#  RGB (R) 
#  RGB (G) 
#  RGB (B) 
#  number per voxel 
#  glucose 
#  oxygen
0.000000 0.000000 10.000000 0.000000 0.000000 0.000000 0.000000 32787953625838829699072.000000 338734914449965257326592.000000
0.000000 1.000000 10.000000 0.000000 0.000000 0.000000 0.000000 64807830889252782080000.000000 669399193058834095538176.000000
0.000000 2.000000 10.000000 0.000000 0.000000 0.000000 0.000000 95315526081756492988416.000000 984189644169703566868480.000000
0.000000 3.000000 10.000000 0.000000 0.000000 0.000000 0.000000 123613011039329319911424.000000 1275815831980320671924224.000000
0.000000 4.000000 10.000000 0.000000 0.000000 0.000000 0.000000 149067017743619606970368.000000 1537704727226773713977344.000000
0.000000 5.000000 10.000000 0.000000 0.000000 0.000000 0.000000 171123283938480060628992.000000 1764152684898640633790464.000000
0.000000 6.000000 10.000000 0.000000 0.000000 0.000000 0.000000 189316035882657542832128.000000 1950420920289382277054464.000000
0.000000 7.000000 10.000000 0.000000 0.000000 0.000000 0.000000 203273076583084534530048.000000 2092778952052886690856960.000000
0.000000 8.000000 10.000000 0.000000 0.000000 0.000000 0.000000 212717417996985072353280.000000 2188507339015244358877184.000000
0.000000 9.000000 10.000000 0.000000 0.000000 0.000000 0.000000 217466736261765164695552.000000 2235875206447878226575360.000000
0.000000 10.000000 10.000000 0.000000 0.000000 0.000000 0.000000 217431981113326207762432.000000 2234108832682070006300672.000000
0.000000 11.000000 10.000000 0.000000 0.000000 0.000000 0.000000 212616233259774423072768.000000 2183364920888870024773632.000000
0.000000 12.000000 10.000000 0.000000 0.000000 0.000000 0.000000 203114433232406868656128.000000 2084716761117401651609600.000000
0.000000 13.000000 10.000000 0.000000 0.000000 0.000000 0.000000 189114004908204762333184.000000 1940154482334531439296512.000000
0.000000 14.000000 10.000000 0.000000 0.000000 0.000000 0.000000 170895794821808328278016.000000 1752593492621425612161024.000000
0.000000 15.000000 10.000000 0.000000 0.000000 0.000000 0.000000 148834272940871588511744.000000 1525879502187252844331008.000000
0.000000 16.000000 10.000000 0.000000 0.000000 0.000000 0.000000 123395694709644388728832.000000 1264775422169636898078720.000000
0.000000 17.000000 10.000000 0.000000 0.000000 0.000000 0.000000 95132964901391859449856.000000 974915608158712218255360.000000
0.000000 18.000000 10.000000 0.000000 0.000000 0.000000 0.000000 64676270825696030359552.000000 662716386221825384775680.000000
0.000000 19.000000 10.000000 0.000000 0.000000 0.000000 0.000000 32719107861433049677824.000000 335237913169293201113088.000000
1.000000 0.000000 10.000000 0.000000 0.000000 0.000000 0.000000 64751289331558280855552.000000 669055886422681059328000.000000
1.000000 1.000000 10.000000 0.000000 0.000000 0.000000 0.000000 127985703500895020384256.000000 1322168549098826701471744.000000
1.000000 2.000000 10.000000 0.000000 0.000000 0.000000 0.000000 188233702611593816178688.000000 1943923098528434356224000.000000
1.000000 3.000000 10.000000 0.000000 0.000000 0.000000 0.000000 244116738593027977641984.000000 2519917629462641842847744.000000
1.000000 4.000000 10.000000 0.000000 0.000000 0.000000 0.000000 294384152682040678940672.000000 3037167610056197980291072.000000
1.000000 5.000000 10.000000 0.000000 0.000000 0.000000 0.000000 337941314422122762731520.000000 3484406285468531756630016.000000
1.000000 6.000000 10.000000 0.000000 0.000000 0.000000 0.000000 373868358026703157592064.000000 3852273511745987075375104.000000
1.000000 7.000000 10.000000 0.000000 0.000000 0.000000 0.000000 401430241892378886537216.000000 4133401803845424660873216.000000
1.000000 8.000000 10.000000 0.000000 0.000000 0.000000 0.000000 420079982253113566298112.000000 4322421914501767650869248.000000
1.000000 9.000000 10.000000 0.000000 0.000000 0.000000 0.000000 429457584289432603721728.000000 4415918493665380691607552.000000
1.000000 10.000000 10.000000 0.000000 0.000000 0.000000 0.000000 429387297221015114874880.000000 4412367921192159722602496.000000
1.000000 11.000000 10.000000 0.000000 0.000000 0.000000 0.000000 419875351954978884288512.000000 4312085202891787953242112.000000
1.000000 12.000000 10.000000 0.000000 0.000000 0.000000 0.000000 401109412449464742838272.000000 4117196147047707260747776.000000
1.000000 13.000000 10.000000 0.000000 0.000000 0.000000 0.000000 373459787801106264883200.000000 3831637235895593250848768.000000
1.000000 14.000000 10.000000 0.000000 0.000000 0.000000 0.000000 337481264341881406357504.000000 3461171609455878211633152.000000
1.000000 15.000000 10.000000 0.000000 0.000000 0.000000 0.000000 293913479008997047533568.000000 3013398333030559148670976.000000
1.000000 16.000000 10.000000 0.000000 0.000000 0.000000 0.000000 243677270034210342567936.000000 2497725997789634067693568.000000
1.000000 17.000000 10.000000 0.000000 0.000000 0.000000 0.000000 187864521122783311167488.000000 1925282039390346634330112.000000
1.000000 18.000000 10.000000 0.000000 0.000000 0.000000 0.000000 127719660129557671837696.000000 1308735983821802400907264.000000
1.000000 19.000000 10.000000 0.000000 0.000000 0.000000 0.000000 64612068697095324827648.000000 662026867318922424614912.000000
2.000000 0.000000 10.000000 0.000000 0.000000 0.000000 0.000000 95104100224490130112512.000000 982968211834900379074560.000000
2.000000 1.000000 10.000000 0.000000 0.000000 0.000000 0.000000 187980174801298650038272.000000 1942506952631656015462400.000000
2.000000 2.000000 10.000000 0.000000 0.000000 0.000000 0.000000 276469715422918431735808.000000 2855963197734123655397376.000000
2.000000 3.000000 10.000000 0.000000 0.000000 0.000000 0.000000 358547849867411649986560.000000 3702172707994366984060928.000000
2.000000 4.000000 10.000000 0.000000 0.000000 0.000000 0.000000 432377541149060199612416.000000 4462054570810226893651968.000000
2.000000 5.000000 10.000000 0.000000 0.000000 0.000000 0.000000 496350931603802229309440.000000 5119053088388818334121984.000000
2.000000 6.000000 10.000000 0.000000 0.000000 0.000000 0.000000 549116884370897539956736.000000 5659415817845167095808000.000000
2.000000 7.000000 10.000000 0.000000 0.000000 0.000000 0.000000 589595784382336118816768.000000 6072320566496257988624384.000000
2.000000 8.000000 10.000000 0.000000 0.000000 0.000000 0.000000 616984311889345481015296.000000 6349883997324281353601024.000000
2.000000 9.000000 10.000000 0.000000 0.000000 0.000000 0.000000 630753888457070227750912.000000 6487096592549449379610624.000000
2.000000 10.000000 10.000000 0.000000 0.000000 0.000000 0.000000 630646647733702723895296.000000 6481731018774367015272448.000000
2.000000 11.000000 10.000000 0.000000 0.000000 0.000000 0.000000 616672098035955662848000.000000 6334263350725898967973888.000000
2.000000 12.000000 10.000000 0.000000 0.000000 0.000000 0.000000 589106284615064252055552.000000 6047831006265932033032192.000000
2.000000 13.000000 10.000000 0.000000 0.000000 0.000000 0.000000 548493523564586610982912.000000 5628231048191422565974016.000000
2.000000 14.000000 10.000000 0.000000 0.000000 0.000000 0.000000 495649037894522425573376.000000 5083942014932856030101504.000000
2.000000 15.000000 10.000000 0.000000 0.000000 0.000000 0.000000 431659450709750077980672.000000 4426135965525285770625024.000000
2.000000 16.000000 10.000000 0.000000 0.000000 0.000000 0.000000 357877378547473780310016.000000 3668638440481770560290816.000000
2.000000 17.000000 10.000000 0.000000 0.000000 0.000000 0.000000 275906484828320529645568.000000 2827794504074732366725120.000000
2.000000 18.000000 10.000000 0.000000 0.000000 0.000000 0.000000 187574298219810719268864.000000 1922208994120641181384704.000000
2.000000 19.000000 10.000000 0.000000 0.000000 0.000000 0.000000 94891706286036681228288.000000 972346698750039636836352.000000
3.000000 0.000000 10.000000 0.000000 0.000000 0.000000 0.000000 123132824687275845615616.000000 1273254788918049765326848.000000
3.000000 1.000000 10.000000 0.000000 0.000000 0.000000 0.000000 243380798513121268334592.000000 2516150416645418901307392.000000
3.000000 2.000000 10.000000 0.000000 0.000000 0.000000 0.000000 357949066067694355218432.000000 3699333889416506797719552.000000
3.000000 3.000000 10.000000 0.000000 0.000000 0.000000 0.000000 464215780833271172038656.000000 4795381633951821971062784.000000
3.000000 4.000000 10.000000 0.000000 0.000000 0.000000 0.000000 559802288766618947289088.000000 5779570369145151428755456.000000
3.000000 5.000000 10.000000 0.000000 0.000000 0.000000 0.000000 642626683310799044214784.000000 6630450448740569451593728.000000
3.000000 6.000000 10.000000 0.000000 0.000000 0.000000 0.000000 710939502488042355032064.000000 7330207079652549071994880.000000
3.000000 7.000000 10.000000 0.000000 102.000000 204.000000 2.000000 763342936464887323295744.000000 7864825821823314547441664.000000
3.000000 8.000000 10.000000 0.000000 102.000000 204.000000 3.000000 798797048512373520859136.000000 8224104436891652546625536.000000
3.000000 9.000000 10.000000 0.000000 102.000000 204.000000 1.000000 816617789097336746541056.000000 8401568812947341806927872.000000
3.000000 10.000000 10.000000 0.000000 102.000000 204.000000 2.000000 816471781509898239475712.000000 8394353716839720492728320.000000
3.000000 11.000000 10.000000 104.000000 24.000000 24.000000 2.000000 798371973776772968742912.000000 8203099399095274757423104.000000
3.000000 12.000000 10.000000 104.000000 24.000000 24.000000 3.000000 762676496995407309570048.000000 7831894997617589039923200.000000
3.000000 13.000000 10.000000 0.000000 102.000000 204.000000 4.000000 710090828464599850811392.000000 7288273667250181076156416.000000
3.000000 14.000000 10.000000 0.000000 102.000000 204.000000 2.000000 641671108552530203770880.000000 6583237940761203415449600.000000
3.000000 15.000000 10.000000 0.000000 0.000000 0.000000 0.000000 558824682913912745623552.000000 5731272564106611969228800.000000
3.000000 16.000000 10.000000 0.000000 0.000000 0.000000 0.000000 463303021294503776485376.000000 4750290429784300812500992.000000
3.000000 17.000000 10.000000 0.000000 0.000000 0.000000 0.000000 357182314118284981567488.000000 3661457781435864132354048.000000
3.000000 18.000000 10.000000 0.000000 0.000000 0.000000 0.000000 242828267400328906801152.000000 2488857649581342144331776.000000
3.000000 19.000000 10.000000 0.000000 0.000000 0.000000 0.000000 122843689401945943965696.000000 1258973105287221194260480.000000
4.000000 0.000000 10.000000 0.000000 0.000000 0.000000 0.000000 148220699411541393408000.000000 1533724857301501478961152.000000
4.000000 1.000000 10.000000 0.000000 0.000000 0.000000 0.000000 292968460825306431750144.000000 3030863820686289339940864.000000
4.000000 2.000000 10.000000 0.000000 0.000000 0.000000 0.000000 430878667744860493053952.000000 4456043681578215830192128.000000
4.000000 3.000000 10.000000 0.000000 0.000000 0.000000 0.000000 558794952760214461349888.000000 5776216904040057761955840.000000
4.000000 4.000000 10.000000 0.000000 0.000000 0.000000 0.000000 673853699589276545581056.000000 6961591348194829743947776.000000
4.000000 5.000000 10.000000 0.000000 102.000000 204.000000 1.000000 773548549345718680158208.000000 7986322342361730597781504.000000
4.000000 6.000000 10.000000 0.000000 102.000000 204.000000 3.000000 855773427341758593761280.000000 8828949381797352782692352.000000
4.000000 7.000000 10.000000 104.000000 24.000000 24.000000 5.000000 918845727816256814317568.000000 9472596951890130055987200.000000
4.000000 8.000000 10.000000 104.000000 24.000000 24.000000 6.000000 961513859283846669795328.000000 9904989808601374646075392.000000
4.000000 9.000000 10.000000 104.000000 24.000000 24.000000 7.000000 982954888905109782134784.000000 10118351907948808923774976.000000
4.000000 10.000000 10.000000 104.000000 24.000000 24.000000 6.000000 982768265520583737868288.000000 10109261895424841806249984.000000
4.000000 11.000000 10.000000 104.000000 24.000000 24.000000 6.000000 960970542516204113756160.000000 9878526499177999280111616.000000
4.000000 12.000000 10.000000 104.000000 24.000000 24.000000 5.000000 917993917033057943027712.000000 9431109182079763396689920.000000
4.000000 13.000000 10.000000 0.000000 102.000000 204.000000 4.000000 854688711826125520633856.000000 8776120276384429740392448.000000
4.000000 14.000000 10.000000 104.000000 24.000000 24.000000 6.000000 772327225859698409340928.000000 7926843180541723157725184.000000
4.000000 15.000000 10.000000 0.000000 102.000000 204.000000 1.000000 672604245513520820518912.000000 6900745702377057681408000.000000
4.000000 16.000000 10.000000 0.000000 0.000000 0.000000 0.000000 557628402196739044409344.000000 5719411661992121969147904.000000
4.000000 17.000000 10.000000 0.000000 0.000000 0.000000 0.000000 429898740567285442805760.000000 4408328452117319286521856.000000
4.000000 18.000000 10.000000 0.000000 0.000000 0.000000 0.000000 292262323520281511985152.000000 2996481484433607236780032.000000
4.000000 19.000000 10.000000 0.000000 0.000000 0.000000 0.000000 147851186711196562620416.000000 1515733465405508485644288.000000
5.000000 0.000000 10.000000 0.000000 0.000000 0.000000 0.000000 169860673177273711460352.000000 1759326119080969814147072.000000
5.000000 1.000000 10.000000 0.000000 0.000000 0.000000 0.000000 335740909659775876202496.000000 3476662623480588852527104.000000
5.000000 2.000000 10.000000 0.000000 0.000000 0.000000 0.000000 493784402617408862289920.000000 5111411966771430099517440.000000
5.000000 3.000000 10.000000 0.000000 0.000000 0.000000 0.000000 640373498552323418357760.000000 6625646600808903903019008.000000
5.000000 4.000000 10.000000 0.000000 102.000000 204.000000 2.000000 772226065423752627224576.000000 7985177048424599963828224.000000
5.000000 5.000000 10.000000 0.000000 102.000000 204.000000 1.000000 886469470639717454184448.000000 9160347719187094227124224.000000
5.000000 6.000000 10.000000 104.000000 24.000000 24.000000 5.000000 980689963345632806567936.000000 10126539949148489365061632.000000
5.000000 7.000000 10.000000 104.000000 24.000000 24.000000 10.000000 1052959324769950795563008.000000 10864404280902546425380864.000000
5.000000 8.000000 10.000000 104.000000 24.000000 24.000000 11.000000 1101843585125333352841216.000000 11359879273756596784594944.000000
5.000000 9.000000 10.000000 104.000000 24.000000 24.000000 22.000000 1126400364056121628950528.000000 11604075763613528253005824.000000
5.000000 10.000000 10.000000 104.000000 24.000000 24.000000 19.000000 1126171670932887917559808.000000 11593109861019619128508416.000000
5.000000 11.000000 10.000000 104.000000 24.000000 24.000000 19.000000 1101177795096802544844800.000000 11327954905321510149292032.000000
5.000000 12.000000 10.000000 104.000000 24.000000 24.000000 15.000000 1051915513851998180999168.000000 10814355336874208129974272.000000
5.000000 13.000000 10.000000 104.000000 24.000000 24.000000 11.000000 979360773684093031284736.000000 10062810015828436934721536.000000
5.000000 14.000000 10.000000 104.000000 24.000000 24.000000 8.000000 884972915351222801661952.000000 9088596456869209468567552.000000
5.000000 15.000000 10.000000 104.000000 24.000000 24.000000 6.000000 770695074312676855250944.000000 7911778356633539950149632.000000
5.000000 16.000000 10.000000 0.000000 0.000000 0.000000 0.000000 638944122596216721637376.000000 6557122795850250479206400.000000
5.000000 17.000000 10.000000 0.000000 0.000000 0.000000 0.000000 492583719784877863731200.000000 5053854064436365097959424.000000
5.000000 18.000000 10.000000 0.000000 0.000000 0.000000 0.000000 334875708577998771847168.000000 3435188300191301820743680.000000
5.000000 19.000000 10.000000 0.000000 0.000000 0.000000 0.000000 169407928807347967754240.000000 1737623800844902136283136.000000
6.000000 0.000000 10.000000 0.000000 0.000000 0.000000 0.000000 187656589526493837656064.000000 1946120183565616909647872.000000
6.000000 1.000000 10.000000 0.000000 0.000000 0.000000 0.000000 370915097936130050359296.000000 3845764423621796180262912.000000
6.000000 2.000000 10.000000 0.000000 0.000000 0.000000 0.000000 545514581431503286173696.000000 5653998009552005874319360.000000
6.000000 3.000000 10.000000 0.000000 102.000000 204.000000 2.000000 707457772276745479651328.000000 7328842697547684241211392.000000
6.000000 4.000000 10.000000 0.000000 102.000000 204.000000 3.000000 853118136735558570868736.000000 8832460218580052903723008.000000
6.000000 5.000000 10.000000 104.000000 24.000000 24.000000 6.000000 979321671416490116513792.000000 10132035010688344091787264.000000
6.000000 6.000000 10.000000 104.000000 24.000000 24.000000 14.000000 1083401547147287067623424.000000 11200333241145098156113920.000000
6.000000 7.000000 10.000000 104.000000 24.000000 24.000000 20.000000 1163227644376707791585280.000000 12015962046941717870936064.000000
6.000000 8.000000 10.000000 104.000000 24.000000 24.000000 28.000000 1217216260640155805679616.000000 12563391827487688757346304.000000
6.000000 9.000000 10.000000 104.000000 24.000000 24.000000 47.000000 1244327211971195690811392.000000 12832828349884026171949056.000000
6.000000 10.000000 10.000000 104.000000 24.000000 24.000000 61.000000 1244055862288114788597760.000000 12820026387582967777067008.000000
6.000000 11.000000 10.000000 104.000000 24.000000 24.000000 44.000000 1216426290369351395573760.000000 12526122397096115894747136.000000
6.000000 12.000000 10.000000 104.000000 24.000000 24.000000 22.000000 1161989161410497509064704.000000 11957533905139817626206208.000000
6.000000 13.000000 10.000000 104.000000 24.000000 24.000000 14.000000 1081824488440097415364608.000000 11125934418817461627387904.000000
6.000000 14.000000 10.000000 104.000000 24.000000 24.000000 12.000000 977546072029255241302016.000000 10048273072847560768487424.000000
6.000000 15.000000 10.000000 104.000000 24.000000 24.000000 5.000000 851301719608408156405760.000000 8746776229441714520064000.000000
6.000000 16.000000 10.000000 0.000000 102.000000 204.000000 3.000000 705761950137838393622528.000000 7248850588519928004870144.000000
6.000000 17.000000 10.000000 0.000000 102.000000 204.000000 1.000000 544090108974564840046592.000000 5586807862806588417900544.000000
6.000000 18.000000 10.000000 0.000000 0.000000 0.000000 0.000000 369888651077283771056128.000000 3797349864832972191956992.000000
6.000000 19.000000 10.000000 0.000000 0.000000 0.000000 0.000000 187119473103464266989568.000000 1920786387493005184466944.000000
7.000000 0.000000 10.000000 0.000000 0.000000 0.000000 0.000000 201314596913115442446336.000000 2091147902077476802658304.000000
7.000000 1.000000 10.000000 0.000000 0.000000 0.000000 0.000000 397910211234078885150720.000000 4132322859174208699629568.000000
7.000000 2.000000 10.000000 0.000000 0.000000 0.000000 0.000000 585214995735663595225088.000000 6075209751785525731131392.000000
7.000000 3.000000 10.000000 104.000000 24.000000 24.000000 2.000000 758940018078534435078144.000000 7874673995140788178124800.000000
7.000000 4.000000 10.000000 104.000000 24.000000 24.000000 8.000000 915194165414715002454016.000000 9490035684444174037286912.000000
7.000000 5.000000 10.000000 104.000000 24.000000 24.000000 11.000000 1050571974214164324286464.000000 10886020938831814455197696.000000
7.000000 6.000000 10.000000 104.000000 24.000000 24.000000 23.000000 1162212348991955196182528.000000 12033365523985997626343424.000000
7.000000 7.000000 10.000000 104.000000 24.000000 24.000000 36.000000 1247830346156020728856576.000000 12909095980835766542532608.000000
7.000000 8.000000 10.000000 104.000000 24.000000 24.000000 67.000000 1305727665564007014596608.000000 13496555170450349523730432.000000
7.000000 9.000000 10.000000 104.000000 24.000000 24.000000 86.000000 1334789573918349416464384.000000 13785264860410250988093440.000000
7.000000 10.000000 10.000000 104.000000 24.000000 24.000000 84.000000 1334476323212020353597440.000000 13770723457078126796865536.000000
7.000000 11.000000 10.000000 104.000000 24.000000 24.000000 84.000000 1304815715725117235396608.000000 13454221989673384015822848.000000
7.000000 12.000000 10.000000 104.000000 24.000000 24.000000 68.000000 1246400644589107942522880.000000 12842729757479223039098880.000000
7.000000 13.000000 10.000000 104.000000 24.000000 24.000000 39.000000 1160391824656048777592832.000000 11948859675542314926735360.000000
7.000000 14.000000 10.000000 104.000000 24.000000 24.000000 25.000000 1048522296368697601687552.000000 10790881130141703726956544.000000
7.000000 15.000000 10.000000 104.000000 24.000000 24.000000 9.000000 913097410678597930188800.000000 9392713976603810254028800.000000
7.000000 16.000000 10.000000 0.000000 102.000000 204.000000 5.000000 756982508197788679929856.000000 7783818373955100782624768.000000
7.000000 17.000000 10.000000 0.000000 102.000000 204.000000 2.000000 583570736558375180435456.000000 5998895533853851030388736.000000
7.000000 18.000000 10.000000 0.000000 0.000000 0.000000 0.000000 396725406330399410356224.000000 4077334331935302491308032.000000
7.000000 19.000000 10.000000 0.000000 0.000000 0.000000 0.000000 200694620629387211440128.000000 2062374316603159473029120.000000
8.000000 0.000000 10.000000 0.000000 0.000000 0.000000 0.000000 210628452585536665681920.000000 2192232081063406880161792.000000
8.000000 1.000000 10.000000 0.000000 0.000000 0.000000 0.000000 416318625204610449539072.000000 4332037684872752666771456.000000
8.000000 2.000000 10.000000 0.000000 0.000000 0.000000 0.000000 612286215787925257322496.000000 6368730389546040654036992.000000
8.000000 3.000000 10.000000 104.000000 24.000000 24.000000 5.000000 794043009420031476891648.000000 8254962503619962648657920.000000
8.000000 4.000000 10.000000 104.000000 24.000000 24.000000 8.000000 957517167652425554722816.000000 9948063576648877187530752.000000
8.000000 5.000000 10.000000 104.000000 24.000000 24.000000 12.000000 1099145211608126699077632.000000 11411040858214891192844288.000000
8.000000 6.000000 10.000000 104.000000 24.000000 24.000000 23.000000 1215933559580682962862080.000000 12613215274969315825156096.000000
8.000000 7.000000 10.000000 104.000000 24.000000 24.000000 63.000000 1305491878930726204211200.000000 13530518852307845317132288.000000
8.000000 8.000000 10.000000 104.000000 24.000000 24.000000 104.000000 1366044133549679409364992.000000 14145523081904176469377024.000000
8.000000 9.000000 10.000000 104.000000 24.000000 24.000000 128.000000 1396425385402548694810624.000000 14447294707413556689633280.000000
8.000000 10.000000 10.000000 104.000000 24.000000 24.000000 168.000000 1396072768151838231887872.000000 14431181309295762811650048.000000
8.000000 11.000000 10.000000 104.000000 24.000000 24.000000 146.000000 1365017583391695500738560.000000 14098613645708012443140096.000000
8.000000 12.000000 10.000000 104.000000 24.000000 24.000000 121.000000 1303882529787768588992512.000000 13456978866695642472775680.000000
8.000000 13.000000 10.000000 104.000000 24.000000 24.000000 68.000000 1213884307703644299460608.000000 12519575747850185903964160.000000
8.000000 14.000000 10.000000 104.000000 24.000000 24.000000 22.000000 1096838053884349680451584.000000 11305619169614780856008704.000000
8.000000 15.000000 10.000000 104.000000 24.000000 24.000000 19.000000 955157061012447041683456.000000 9840225451814121543565312.000000
8.000000 16.000000 10.000000 104.000000 24.000000 24.000000 6.000000 791839674861542057181184.000000 8154290332695527994425344.000000
8.000000 17.000000 10.000000 0.000000 102.000000 204.000000 2.000000 610435498475365599281152.000000 6284171616596215331815424.000000
8.000000 18.000000 10.000000 0.000000 0.000000 0.000000 0.000000 414985068711873259503616.000000 4271108995912424512028672.000000
8.000000 19.000000 10.000000 0.000000 0.000000 0.000000 0.000000 209930643996102228967424.000000 2160350377817485669826560.000000
9.000000 0.000000 10.000000 0.000000 0.000000 0.000000 0.000000 215463318308339983581184.000000 2247776065208519120388096.000000
9.000000 1.000000 10.000000 0.000000 0.000000 0.000000 0.000000 425873879793686984785920.000000 4441756613363465763946496.000000
9.000000 2.000000 10.000000 104.000000 24.000000 24.000000 1.000000 626336495573376081854464.000000 6529932658141222871760896.000000
9.000000 3.000000 10.000000 104.000000 24.000000 24.000000 2.000000 812258981443738657619968.000000 8463723556351579414069248.000000
9.000000 4.000000 10.000000 104.000000 24.000000 24.000000 8.000000 979475289566425244499968.000000 10199352433858661847138304.000000
9.000000 5.000000 10.000000 104.000000 24.000000 24.000000 8.000000 1124339698827564144394240.000000 11698875283421101318733824.000000
9.000000 6.000000 10.000000 104.000000 24.000000 24.000000 46.000000 1243789866110723425304576.000000 12930836312724939984601088.000000
9.000000 7.000000 10.000000 104.000000 24.000000 24.000000 79.000000 1335381033481282730852352.000000 13870575595144314328449024.000000
9.000000 8.000000 10.000000 104.000000 24.000000 24.000000 123.000000 1397297386505276235972608.000000 14500259638286012083339264.000000
9.000000 9.000000 10.000000 104.000000 24.000000 24.000000 179.000000 1428348786199646020042752.000000 14808733160672408329256960.000000
9.000000 10.000000 10.000000 104.000000 24.000000 24.000000 191.000000 1427961469885971693568000.000000 14791296598452469944549376.000000
9.000000 11.000000 10.000000 104.000000 24.000000 24.000000 173.000000 1396169824558449088790528.000000 14449498357013255645298688.000000
9.000000 12.000000 10.000000 104.000000 24.000000 24.000000 124.000000 1333613341095171274571776.000000 13790997544483599408955392.000000
9.000000 13.000000 10.000000 104.000000 24.000000 24.000000 87.000000 1241539016592434877431808.000000 12829509274016723958235136.000000
9.000000 14.000000 10.000000 104.000000 24.000000 24.000000 31.000000 1121805608468052524924928.000000 11584799935823278489206784.000000
9.000000 15.000000 10.000000 104.000000 24.000000 24.000000 24.000000 976883082546889602629632.000000 10082663533396519190265856.000000
9.000000 16.000000 10.000000 104.000000 24.000000 24.000000 10.000000 809839000767778279915520.000000 8354789883812040321007616.000000
9.000000 17.000000 10.000000 104.000000 24.000000 24.000000 2.000000 624303831204422630768640.000000 6438435547613640519581696.000000
9.000000 18.000000 10.000000 104.000000 24.000000 24.000000 1.000000 424409234705997442842624.000000 4375828993706746837991424.000000
9.000000 19.000000 10.000000 0.000000 0.000000 0.000000 0.000000 214696920322926494875648.000000 2213278767896637464379392.000000
10.000000 0.000000 10.000000 0.000000 0.000000 0.000000 0.000000 215742626643101062529024.000000 2256615547679365723586560.000000
10.000000 1.000000 10.000000 0.000000 0.000000 0.000000 0.000000 426424719161356864978944.000000 4459182268990909927391232.000000
10.000000 2.000000 10.000000 0.000000 0.000000 0.000000 0.000000 627143590531131154366464.000000 6555447481471579700854784.000000
10.000000 3.000000 10.000000 0.000000 102.000000 204.000000 5.000000 813300107444308691386368.000000 8496605710256677113036800.000000
10.000000 4.000000 10.000000 104.000000 24.000000 24.000000 7.000000 980722072480367188639744.000000 10238682620616064674824192.000000
10.000000 5.000000 10.000000 104.000000 24.000000 24.000000 15.000000 1125758634200614117048320.000000 11743571465067200300187648.000000
10.000000 6.000000 10.000000 104.000000 24.000000 24.000000 47.000000 1245343515016729930498048.000000 12979694192447731955400704.000000
10.000000 7.000000 10.000000 104.000000 24.000000 24.000000 93.000000 1337029339412163402399744.000000 13922312857653498204913664.000000
10.000000 8.000000 10.000000 104.000000 24.000000 24.000000 164.000000 1398999046951715081289728.000000 14553561605494866385567744.000000
10.000000 9.000000 10.000000 104.000000 24.000000 24.000000 212.000000 1430062605444743241400320.000000 14862297314777154011004928.000000
10.000000 10.000000 10.000000 104.000000 24.000000 24.000000 222.000000 1429647618015586838118400.000000 14843873418692113461149696.000000
10.000000 11.000000 10.000000 104.000000 24.000000 24.000000 205.000000 1397790933207429653987328.000000 14499926151116782632435712.000000
10.000000 12.000000 10.000000 104.000000 24.000000 24.000000 169.000000 1335135379483930407206912.000000 13838229441571627881988096.000000
10.000000 13.000000 10.000000 104.000000 24.000000 24.000000 95.000000 1242931911274736922918912.000000 12872631254241753216057344.000000
10.000000 14.000000 10.000000 104.000000 24.000000 24.000000 48.000000 1123043595023486910726144.000000 11623039636168540694773760.000000
10.000000 15.000000 10.000000 104.000000 24.000000 24.000000 16.000000 977944804338292548960256.000000 10115390490233943879581696.000000
10.000000 16.000000 10.000000 104.000000 24.000000 24.000000 7.000000 810707395392535890231296.000000 8381508734777819790311424.000000
10.000000 17.000000 10.000000 104.000000 24.000000 24.000000 6.000000 624965865900156347482112.000000 6458774401811200077725696.000000
10.000000 18.000000 10.000000 0.000000 102.000000 204.000000 1.000000 424855564744785357963264.000000 4389525592387903188631552.000000
10.000000 19.000000 10.000000 0.000000 0.000000 0.000000 0.000000 214921547379144770191360.000000 2220167134382241794228224.000000
11.000000 0.000000 10.000000 0.000000 0.000000 0.000000 0.000000 211441638926943065735168.000000 2217967878524619464900608.000000
11.000000 1.000000 10.000000 0.000000 0.000000 0.000000 0.000000 417922353887262892097536.000000 4382771747963387871494144.000000
11.000000 2.000000 10.000000 0.000000 0.000000 0.000000 0.000000 614636011546033742938112.000000 6443015642298253039370240.000000
11.000000 3.000000 10.000000 0.000000 102.000000 204.000000 2.000000 797074164190091323375616.000000 8350697248777103359344640.000000
11.000000 4.000000 10.000000 104.000000 24.000000 24.000000 7.000000 961147068376588205686784.000000 10062571187376656052387840.000000
11.000000 5.000000 10.000000 104.000000 24.000000 24.000000 15.000000 1103276307903927587700736.000000 11541170871080008078589952.000000
11.000000 6.000000 10.000000 104.000000 24.000000 24.000000 47.000000 1220456845723725614546944.000000 12755461261555571009519616.000000
11.000000 7.000000 10.000000 104.000000 24.000000 24.000000 74.000000 1310290728407156280786944.000000 13681147240898275278061568.000000
11.000000 8.000000 10.000000 104.000000 24.000000 24.000000 151.000000 1370998292984717780189184.000000 14300706104663021551878144.000000
11.000000 9.000000 10.000000 104.000000 24.000000 24.000000 214.000000 1401414913865505883291648.000000 14603240052408839699431424.000000
11.000000 10.000000 10.000000 104.000000 24.000000 24.000000 212.000000 1400981703384260350574592.000000 14584251038727306548871168.000000
11.000000 11.000000 10.000000 104.000000 24.000000 24.000000 185.000000 1369737132548898919809024.000000 14245425624636430837874688.000000
11.000000 12.000000 10.000000 104.000000 24.000000 24.000000 167.000000 1308313620243695580217344.000000 13594485361142669273726976.000000
11.000000 13.000000 10.000000 104.000000 24.000000 24.000000 76.000000 1217939391339303530397696.000000 12645115915000405462876160.000000
11.000000 14.000000 10.000000 104.000000 24.000000 24.000000 41.000000 1100442130567998168104960.000000 11416944680347872503267328.000000
11.000000 15.000000 10.000000 104.000000 24.000000 24.000000 13.000000 958247965315058190254080.000000 9935501169658422225797120.000000
11.000000 16.000000 10.000000 0.000000 102.000000 204.000000 4.000000 794367744373209211863040.000000 8232074484685259025678336.000000
11.000000 17.000000 10.000000 0.000000 102.000000 204.000000 2.000000 612362802200693356625920.000000 6343381891574285763346432.000000
11.000000 18.000000 10.000000 0.000000 0.000000 0.000000 0.000000 416284411239748671111168.000000 4310982209566968542920704.000000
11.000000 19.000000 10.000000 0.000000 0.000000 0.000000 0.000000 210584569736988528214016.000000 2180403566982900383481856.000000
12.000000 0.000000 10.000000 0.000000 0.000000 0.000000 0.000000 202589615885084375646208.000000 2131500640393714057871360.000000
12.000000 1.000000 10.000000 0.000000 0.000000 0.000000 0.000000 400424742165103794716672.000000 4211871818586896386228224.000000
12.000000 2.000000 10.000000 0.000000 0.000000 0.000000 0.000000 588899298843053179011072.000000 6191685779458695293304832.000000
12.000000 3.000000 10.000000 0.000000 102.000000 204.000000 2.000000 763692627056543456559104.000000 8024781418681514149806080.000000
12.000000 4.000000 10.000000 0.000000 102.000000 204.000000 3.000000 920885537419744199573504.000000 9669577271163841599766528.000000
12.000000 5.000000 10.000000 104.000000 24.000000 24.000000 13.000000 1057049143484796184297472.000000 11090056423818066428690432.000000
12.000000 6.000000 10.000000 104.000000 24.000000 24.000000 42.000000 1169304387377290740236288.000000 12256396463213891020652544.000000
12.000000 7.000000 10.000000 104.000000 24.000000 24.000000 65.000000 1255354376985169964826624.000000 13145267791399681129447424.000000
12.000000 8.000000 10.000000 104.000000 24.000000 24.000000 87.000000 1313495127849021158195200.000000 13739865654029075303366656.000000
12.000000 9.000000 10.000000 104.000000 24.000000 24.000000 121.000000 1342612401131863805001728.000000 14029767567140963001303040.000000
12.000000 10.000000 10.000000 104.000000 24.000000 24.000000 172.000000 1342172693799447239327744.000000 14010714215588806732546048.000000
12.000000 11.000000 10.000000 104.000000 24.000000 24.000000 166.000000 1312215057623602253791232.000000 13684397998458668341788672.000000
12.000000 12.000000 10.000000 104.000000 24.000000 24.000000 121.000000 1253347635569003407081472.000000 13058312851713078941712384.000000
12.000000 13.000000 10.000000 104.000000 24.000000 24.000000 52.000000 1166749221129113231687680.000000 12145678622590726282674176.000000
12.000000 14.000000 10.000000 104.000000 24.000000 24.000000 36.000000 1054172536792626323521536.000000 10965411759180393975119872.000000
12.000000 15.000000 10.000000 104.000000 24.000000 24.000000 15.000000 917943062680937997271040.000000 9542080161574997607841792.000000
12.000000 16.000000 10.000000 104.000000 24.000000 24.000000 6.000000 760945745240070807355392.000000 7905760832360424518189056.000000
12.000000 17.000000 10.000000 104.000000 24.000000 24.000000 3.000000 586592124348413960519680.000000 6091718544344628022214656.000000
12.000000 18.000000 10.000000 0.000000 0.000000 0.000000 0.000000 398762337627937209057280.000000 4139842363792955765948416.000000
12.000000 19.000000 10.000000 0.000000 0.000000 0.000000 0.000000 201719750590011484930048.000000 2093810914820740043767808.000000
13.000000 0.000000 10.000000 0.000000 0.000000 0.000000 0.000000 189280417600713103769600.000000 1997513734944913363042304.000000
13.000000 1.000000 10.000000 0.000000 0.000000 0.000000 0.000000 374117528386282851401728.000000 3947078408181619508641792.000000
13.000000 2.000000 10.000000 0.000000 0.000000 0.000000 0.000000 550206785581884804956160.000000 5802342075259549235806208.000000
13.000000 3.000000 10.000000 0.000000 102.000000 204.000000 3.000000 713510510291114086367232.000000 7520018935100501395505152.000000
13.000000 4.000000 10.000000 104.000000 24.000000 24.000000 6.000000 860366406405840229629952.000000 9061122320587880310767616.000000
13.000000 5.000000 10.000000 104.000000 24.000000 24.000000 15.000000 987570635805088131579904.000000 10391890206338910068408320.000000
13.000000 6.000000 10.000000 104.000000 24.000000 24.000000 24.000000 1092433490771509696790528.000000 11484377788289435584954368.000000
13.000000 7.000000 10.000000 104.000000 24.000000 24.000000 46.000000 1172809635060797277208576.000000 12316738645344683743510528.000000
13.000000 8.000000 10.000000 104.000000 24.000000 24.000000 58.000000 1227108130967600500834304.000000 12873255314983587982344192.000000
13.000000 9.000000 10.000000 104.000000 24.000000 24.000000 83.000000 1254289432331507678052352.000000 13144204839768396203556864.000000
13.000000 10.000000 10.000000 104.000000 24.000000 24.000000 93.000000 1253856868319924924186624.000000 13125650959820885680193536.000000
13.000000 11.000000 10.000000 104.000000 24.000000 24.000000 104.000000 1225848859508405799223296.000000 12819241815542209842249728.000000
13.000000 12.000000 10.000000 104.000000 24.000000 24.000000 88.000000 1170835509128968856928256.000000 12232063660589517306331136.000000
13.000000 13.000000 10.000000 104.000000 24.000000 24.000000 46.000000 1089919870602522285572096.000000 11376563528648175520841728.000000
13.000000 14.000000 10.000000 104.000000 24.000000 24.000000 20.000000 984740824574893938966528.000000 10270515109967518735794176.000000
13.000000 15.000000 10.000000 104.000000 24.000000 24.000000 11.000000 857471823709600525320192.000000 8936970429988059868037120.000000
13.000000 16.000000 10.000000 104.000000 24.000000 24.000000 6.000000 710808359900077409435648.000000 7404121919632604150104064.000000
13.000000 17.000000 10.000000 0.000000 102.000000 204.000000 2.000000 547937199191510256451584.000000 5704998939380837687230464.000000
13.000000 18.000000 10.000000 0.000000 0.000000 0.000000 0.000000 372482217124700297887744.000000 3876940016218021698732032.000000
13.000000 19.000000 10.000000 0.000000 0.000000 0.000000 0.000000 188424732282669536116736.000000 1960813622683002143244288.000000
14.000000 0.000000 10.000000 0.000000 0.000000 0.000000 0.000000 171689258284749032521728.000000 1817202091393682522505216.000000
14.000000 1.000000 10.000000 0.000000 0.000000 0.000000 0.000000 339347144767498809769984.000000 3590755414458011609989120.000000
14.000000 2.000000 10.000000 0.000000 0.000000 0.000000 0.000000 499068244689606296993792.000000 5278466197552000344784896.000000
14.000000 3.000000 10.000000 0.000000 102.000000 204.000000 1.000000 647189390823468415582208.000000 6840934175707883129274368.000000
14.000000 4.000000 10.000000 104.000000 24.000000 24.000000 3.000000 780388172740543085805568.000000 8242676402906258517000192.000000
14.000000 5.000000 10.000000 0.000000 102.000000 204.000000 4.000000 895758355788679161577472.000000 9452971268191675203190784.000000
14.000000 6.000000 10.000000 104.000000 24.000000 24.000000 16.000000 990860422805139369230336.000000 10446399365268566576201728.000000
14.000000 7.000000 10.000000 104.000000 24.000000 24.000000 22.000000 1063749020381516685901824.000000 11203100500941595702460416.000000
14.000000 8.000000 10.000000 104.000000 24.000000 24.000000 25.000000 1112982036714134605660160.000000 11708801867526741606531072.000000
14.000000 9.000000 10.000000 104.000000 24.000000 24.000000 42.000000 1137617820498786221293568.000000 11954694933484133616189440.000000
14.000000 10.000000 10.000000 104.000000 24.000000 24.000000 62.000000 1137207366586496670760960.000000 11937244281534396275621888.000000
14.000000 11.000000 10.000000 104.000000 24.000000 24.000000 46.000000 1111787134331625419046912.000000 11658000140056771971514368.000000
14.000000 12.000000 10.000000 104.000000 24.000000 24.000000 35.000000 1061875811936282993491968.000000 11123460756143605389721600.000000
14.000000 13.000000 10.000000 104.000000 24.000000 24.000000 23.000000 988475312932367036841984.000000 10344996798207282288525312.000000
14.000000 14.000000 10.000000 104.000000 24.000000 24.000000 9.000000 893073238827359142936576.000000 9338814946792083275382784.000000
14.000000 15.000000 10.000000 104.000000 24.000000 24.000000 6.000000 777641616508491602591744.000000 8125909118571964859940864.000000
14.000000 16.000000 10.000000 0.000000 102.000000 204.000000 2.000000 644625444593033549971456.000000 6731931385167182540308480.000000
14.000000 17.000000 10.000000 0.000000 102.000000 204.000000 1.000000 496914752360775774371840.000000 5186914058608902391463936.000000
14.000000 18.000000 10.000000 0.000000 0.000000 0.000000 0.000000 337795490893946840678400.000000 3524789856802441869131776.000000
14.000000 19.000000 10.000000 0.000000 0.000000 0.000000 0.000000 170877349749408502120448.000000 1782685514157553444978688.000000
15.000000 0.000000 10.000000 0.000000 0.000000 0.000000 0.000000 150091679912821465808896.000000 1592944794761792923369472.000000
15.000000 1.000000 10.000000 0.000000 0.000000 0.000000 0.000000 296658298501383558529024.000000 3147605765648868268048384.000000
15.000000 2.000000 10.000000 0.000000 0.000000 0.000000 0.000000 436284985309433415335936.000000 4626976158605808240689152.000000
15.000000 3.000000 10.000000 0.000000 0.000000 0.000000 0.000000 565768796397034757160960.000000 5996501266460094740037632.000000
15.000000 4.000000 10.000000 0.000000 102.000000 204.000000 1.000000 682204896072262813220864.000000 7225065203341893432246272.000000
15.000000 5.000000 10.000000 0.000000 102.000000 204.000000 2.000000 783052538511768894308352.000000 8285732328741862715162624.000000
15.000000 6.000000 10.000000 104.000000 24.000000 24.000000 5.000000 866179282170394391347200.000000 9156222698089961303834624.000000
15.000000 7.000000 10.000000 104.000000 24.000000 24.000000 10.000000 929884990273332396949504.000000 9819138234826129506566144.000000
15.000000 8.000000 10.000000 104.000000 24.000000 24.000000 15.000000 972909746631995578908672.000000 10261987628371858929221632.000000
15.000000 9.000000 10.000000 104.000000 24.000000 24.000000 16.000000 994431376215374655651840.000000 10477077741633321285189632.000000
15.000000 10.000000 10.000000 104.000000 24.000000 24.000000 15.000000 994058539035311814475776.000000 10461344369954442117644288.000000
15.000000 11.000000 10.000000 104.000000 24.000000 24.000000 17.000000 971824355061427662225408.000000 10216185255120034773073920.000000
15.000000 12.000000 10.000000 104.000000 24.000000 24.000000 12.000000 928183464232647032569856.000000 9747335972313760457031680.000000
15.000000 13.000000 10.000000 104.000000 24.000000 24.000000 10.000000 864012781800812116443136.000000 9064799689388373552660480.000000
15.000000 14.000000 10.000000 104.000000 24.000000 24.000000 2.000000 780613542632761992413184.000000 8182811211850706736644096.000000
15.000000 15.000000 10.000000 0.000000 102.000000 204.000000 3.000000 679710108019759173861376.000000 7119790621563471129477120.000000
15.000000 16.000000 10.000000 0.000000 102.000000 204.000000 1.000000 563439893205475685040128.000000 5898227448256470292889600.000000
15.000000 17.000000 10.000000 0.000000 0.000000 0.000000 0.000000 434328919288047753756672.000000 4544435711754142398545920.000000
15.000000 18.000000 10.000000 0.000000 0.000000 0.000000 0.000000 295248901997226614587392.000000 3088133556387683074310144.000000
15.000000 19.000000 10.000000 0.000000 0.000000 0.000000 0.000000 149354210056679773437952.000000 1561825939793911501291520.000000
16.000000 0.000000 10.000000 0.000000 0.000000 0.000000 0.000000 124879915606018654994432.000000 1328555331176940296994816.000000
16.000000 1.000000 10.000000 0.000000 0.000000 0.000000 0.000000 246826301783612491563008.000000 2625165719944733562765312.000000
16.000000 2.000000 10.000000 0.000000 0.000000 0.000000 0.000000 362997369980434920767488.000000 3858952509809147112325120.000000
16.000000 3.000000 10.000000 0.000000 0.000000 0.000000 0.000000 470727774369047633723392.000000 5001084473091433894510592.000000
16.000000 4.000000 10.000000 0.000000 0.000000 0.000000 0.000000 567600364350384421994496.000000 6025601973333664133545984.000000
16.000000 5.000000 10.000000 0.000000 102.000000 204.000000 1.000000 651501118099855253700608.000000 6910036423058156259639296.000000
16.000000 6.000000 10.000000 104.000000 24.000000 24.000000 4.000000 720655949815338359586816.000000 7635807728892539861729280.000000
16.000000 7.000000 10.000000 0.000000 102.000000 204.000000 5.000000 773650680299037025894400.000000 8188413504829352939880448.000000
16.000000 8.000000 10.000000 104.000000 24.000000 24.000000 6.000000 809437604901729698054144.000000 8557449936466744996528128.000000
16.000000 9.000000 10.000000 104.000000 24.000000 24.000000 5.000000 827333392534733160710144.000000 8736520698396581772132352.000000
16.000000 10.000000 10.000000 104.000000 24.000000 24.000000 5.000000 827013283571736275582976.000000 8723094604131133925883904.000000
16.000000 11.000000 10.000000 104.000000 24.000000 24.000000 7.000000 808505715416782759526400.000000 8518364466912762368360448.000000
16.000000 12.000000 10.000000 104.000000 24.000000 24.000000 5.000000 772189797690009895043072.000000 8127141166568720172056576.000000
16.000000 13.000000 10.000000 104.000000 24.000000 24.000000 5.000000 718795860686585634750464.000000 7557792316446689290354688.000000
16.000000 14.000000 10.000000 104.000000 24.000000 24.000000 5.000000 649407082833090860548096.000000 6822209495084585619292160.000000
16.000000 15.000000 10.000000 0.000000 102.000000 204.000000 1.000000 565458438798240749977600.000000 5935767110684153640648704.000000
16.000000 16.000000 10.000000 0.000000 0.000000 0.000000 0.000000 468728280886348005507072.000000 4917223975383481133826048.000000
16.000000 17.000000 10.000000 0.000000 0.000000 0.000000 0.000000 361317985452150967238656.000000 3788518106082344890793984.000000
16.000000 18.000000 10.000000 0.000000 0.000000 0.000000 0.000000 245616265697134475476992.000000 2574416326210397495361536.000000
16.000000 19.000000 10.000000 0.000000 0.000000 0.000000 0.000000 124246762932818923225088.000000 1302000740951715099967488.000000
17.000000 0.000000 10.000000 0.000000 0.000000 0.000000 0.000000 96571882426725386158080.000000 1029429258882348757286912.000000
17.000000 1.000000 10.000000 0.000000 0.000000 0.000000 0.000000 190874837950224819814400.000000 2034096575146590679859200.000000
17.000000 2.000000 10.000000 0.000000 0.000000 0.000000 0.000000 280710923270723767107584.000000 2990066957860112523329536.000000
17.000000 3.000000 10.000000 0.000000 0.000000 0.000000 0.000000 364018715969632975454208.000000 3874993345440390718685184.000000
17.000000 4.000000 10.000000 0.000000 0.000000 0.000000 0.000000 438928832095251681247232.000000 4668755930785443980771328.000000
17.000000 5.000000 10.000000 0.000000 0.000000 0.000000 0.000000 503806429047190452174848.000000 5353942815338791759249408.000000
17.000000 6.000000 10.000000 0.000000 102.000000 204.000000 2.000000 557279680617406525341696.000000 5916158514947702254469120.000000
17.000000 7.000000 10.000000 0.000000 102.000000 204.000000 2.000000 598255219959232758546432.000000 6344170909579799475257344.000000
17.000000 8.000000 10.000000 0.000000 102.000000 204.000000 2.000000 625923205407220929921024.000000 6629927449047357779345408.000000
17.000000 9.000000 10.000000 104.000000 24.000000 24.000000 1.000000 639755670179645382197248.000000 6768484241820286174887936.000000
17.000000 10.000000 10.000000 0.000000 102.000000 204.000000 5.000000 639501999205448239022080.000000 6757895004114117837455360.000000
17.000000 11.000000 10.000000 0.000000 102.000000 204.000000 1.000000 625184728628678237356032.000000 6599100544843209601187840.000000
17.000000 12.000000 10.000000 0.000000 102.000000 204.000000 3.000000 597097544635901485776896.000000 6295845202337470175248384.000000
17.000000 13.000000 10.000000 104.000000 24.000000 24.000000 2.000000 555805658981197416497152.000000 5854627646779887315845120.000000
17.000000 14.000000 10.000000 0.000000 102.000000 204.000000 2.000000 502147023703949937999872.000000 5284673805432037998329856.000000
17.000000 15.000000 10.000000 0.000000 0.000000 0.000000 0.000000 437231483135848928509952.000000 4597903500054517285650432.000000
17.000000 16.000000 10.000000 0.000000 0.000000 0.000000 0.000000 362434242133312204177408.000000 3808853089377803221073920.000000
17.000000 17.000000 10.000000 0.000000 0.000000 0.000000 0.000000 279380120401763624812544.000000 2934515939276844464865280.000000
17.000000 18.000000 10.000000 0.000000 0.000000 0.000000 0.000000 189915965754003674890240.000000 1994071048110087860125696.000000
17.000000 19.000000 10.000000 0.000000 0.000000 0.000000 0.000000 96070152394497356464128.000000 1008485955809157763301376.000000
18.000000 0.000000 10.000000 0.000000 0.000000 0.000000 0.000000 65809082633655454531584.000000 702539997793901025951744.000000
18.000000 1.000000 10.000000 0.000000 0.000000 0.000000 0.000000 130071810800332493029376.000000 1388176374443646595891200.000000
18.000000 2.000000 10.000000 0.000000 0.000000 0.000000 0.000000 191290221930246664355840.000000 2040570239808716757008384.000000
18.000000 3.000000 10.000000 0.000000 0.000000 0.000000 0.000000 248059424239899662876672.000000 2644467139345770642145280.000000
18.000000 4.000000 10.000000 0.000000 0.000000 0.000000 0.000000 299105444567897803325440.000000 3186133725373267011698688.000000
18.000000 5.000000 10.000000 0.000000 0.000000 0.000000 0.000000 343314202859939733438464.000000 3653686111308642772844544.000000
18.000000 6.000000 10.000000 0.000000 0.000000 0.000000 0.000000 379750921825608745877504.000000 4037300678738065970167808.000000
18.000000 7.000000 10.000000 0.000000 0.000000 0.000000 0.000000 407670649645712306864128.000000 4329314524244854632873984.000000
18.000000 8.000000 10.000000 0.000000 0.000000 0.000000 0.000000 426521704717203525337088.000000 4524236530309861914705920.000000
18.000000 9.000000 10.000000 0.000000 0.000000 0.000000 0.000000 435944537587321627738112.000000 4618698797936774395985920.000000
18.000000 10.000000 10.000000 0.000000 0.000000 0.000000 0.000000 435768629974678175219712.000000 4611380482684975040167936.000000
18.000000 11.000000 10.000000 0.000000 0.000000 0.000000 0.000000 426009609954053484183552.000000 4502931801053362225414144.000000
18.000000 12.000000 10.000000 0.000000 0.000000 0.000000 0.000000 406867864058764692815872.000000 4295916272532578308718592.000000
18.000000 13.000000 10.000000 0.000000 0.000000 0.000000 0.000000 378728769369631782600704.000000 3994776323600112798400512.000000
18.000000 14.000000 10.000000 0.000000 0.000000 0.000000 0.000000 342163500126760421294080.000000 3605813987395893358231552.000000
18.000000 15.000000 10.000000 0.000000 0.000000 0.000000 0.000000 297928433467299792420864.000000 3137167410314936550686720.000000
18.000000 16.000000 10.000000 0.000000 0.000000 0.000000 0.000000 246960688427643548205056.000000 2598757529293318271270912.000000
18.000000 17.000000 10.000000 0.000000 0.000000 0.000000 0.000000 190367393725882426195968.000000 2002178944850234968113152.000000
18.000000 18.000000 10.000000 0.000000 0.000000 0.000000 0.000000 129406894452207905669120.000000 1360514788287178495492096.000000
18.000000 19.000000 10.000000 0.000000 0.000000 0.000000 0.000000 65461165478861730742272.000000 688066125309031575715840.000000
19.000000 0.000000 10.000000 0.000000 0.000000 0.000000 0.000000 33341519073461846147072.000000 356258125488680469528576.000000
19.000000 1.000000 10.000000 0.000000 0.000000 0.000000 0.000000 65899533707478545989632.000000 703942979292336706551808.000000
19.000000 2.000000 10.000000 0.000000 0.000000 0.000000 0.000000 96915063051494589726720.000000 1034767780720205690306560.000000
19.000000 3.000000 10.000000 0.000000 0.000000 0.000000 0.000000 125676291750315052498944.000000 1340995897226686718017536.000000
19.000000 4.000000 10.000000 0.000000 0.000000 0.000000 0.000000 151537749949502984290304.000000 1615662391456827298545664.000000
19.000000 5.000000 10.000000 0.000000 0.000000 0.000000 0.000000 173934996262274908291072.000000 1852740630490887732854784.000000
19.000000 6.000000 10.000000 0.000000 0.000000 0.000000 0.000000 192394453038009468059648.000000 2047249266694844776972288.000000
19.000000 7.000000 10.000000 0.000000 0.000000 0.000000 0.000000 206538737173522443927552.000000 2195303222034046316969984.000000
19.000000 8.000000 10.000000 0.000000 0.000000 0.000000 0.000000 216088402930997695348736.000000 2294119303892703513673728.000000
19.000000 9.000000 10.000000 0.000000 0.000000 0.000000 0.000000 220861361040627291127808.000000 2341991521696143579807744.000000
19.000000 10.000000 10.000000 0.000000 0.000000 0.000000 0.000000 220771301745880981307392.000000 2338252347446194744590336.000000
19.000000 11.000000 10.000000 0.000000 0.000000 0.000000 0.000000 215826226274513165746176.000000 2283234003410645906620416.000000
19.000000 12.000000 10.000000 0.000000 0.000000 0.000000 0.000000 206127736219357971218432.000000 2178238949581263692890112.000000
19.000000 13.000000 10.000000 0.000000 0.000000 0.000000 0.000000 191871143857768965865472.000000 2025522190839151836790784.000000
19.000000 14.000000 10.000000 0.000000 0.000000 0.000000 0.000000 173345874422045874323456.000000 1828281239120513551302656.000000
19.000000 15.000000 10.000000 0.000000 0.000000 0.000000 0.000000 150935160130829400670208.000000 1590643979667912897069056.000000
19.000000 16.000000 10.000000 0.000000 0.000000 0.000000 0.000000 125113777175255708598272.000000 1317641470665356419792896.000000
19.000000 17.000000 10.000000 0.000000 0.000000 0.000000 0.000000 96442607768747047387136.000000 1015152528327911741063168.000000
19.000000 18.000000 10.000000 0.000000 0.000000 0.000000 0.000000 65559120539819180032000.000000 689809867803671262134272.000000
19.000000 19.000000 10.000000 0.000000 0.000000 0.000000 0.000000 33163398183010474917888.000000 348863006425290341613568.000000
