# i (x-axis) 
#  j (y-axis) 
#  k (z-axis) 
#  RGB (R) 
#  RGB (G) 
#  RGB (B) 
#  number per voxel 
#  glucose 
#  oxygen
0.000000 0.000000 10.000000 0.000000 0.000000 0.000000 0.000000 14435915.818840 158040940.674601
0.000000 1.000000 10.000000 0.000000 0.000000 0.000000 0.000000 28007962.267470 305852367.010798
0.000000 2.000000 10.000000 0.000000 0.000000 0.000000 0.000000 40000157.907631 434956831.849593
0.000000 3.000000 10.000000 0.000000 0.000000 0.000000 0.000000 49952463.514255 539957772.048405
0.000000 4.000000 10.000000 0.000000 0.000000 0.000000 0.000000 57702942.625820 619130014.593918
0.000000 5.000000 10.000000 0.000000 0.000000 0.000000 0.000000 63360603.331421 674185256.193622
0.000000 6.000000 10.000000 0.000000 0.000000 0.000000 0.000000 67225185.275379 709322262.057946
0.000000 7.000000 10.000000 0.000000 0.000000 0.000000 0.000000 69682674.358477 729878611.880420
0.000000 8.000000 10.000000 0.000000 0.000000 0.000000 0.000000 71104431.476704 740937747.778431
0.000000 9.000000 10.000000 0.000000 0.000000 0.000000 0.000000 71769776.597794 746220634.187420
0.000000 10.000000 10.000000 0.000000 0.000000 0.000000 0.000000 71819249.298259 747428993.831149
0.000000 11.000000 10.000000 0.000000 0.000000 0.000000 0.000000 71237145.778764 744071934.386040
0.000000 12.000000 10.000000 0.000000 0.000000 0.000000 0.000000 69857933.123102 733681150.482478
0.000000 13.000000 10.000000 0.000000 0.000000 0.000000 0.000000 67393507.046439 712310478.351915
0.000000 14.000000 10.000000 0.000000 0.000000 0.000000 0.000000 63481880.671383 675250330.716837
0.000000 15.000000 10.000000 0.000000 0.000000 0.000000 0.000000 57758788.419948 617929956.076401
0.000000 16.000000 10.000000 0.000000 0.000000 0.000000 0.000000 49948445.161942 536961996.687726
0.000000 17.000000 10.000000 0.000000 0.000000 0.000000 0.000000 39959188.684226 431192187.113096
0.000000 18.000000 10.000000 0.000000 0.000000 0.000000 0.000000 27959205.659132 302504801.114801
0.000000 19.000000 10.000000 0.000000 0.000000 0.000000 0.000000 14404495.940899 156095340.800054
1.000000 0.000000 10.000000 0.000000 0.000000 0.000000 0.000000 27766813.499843 302955619.136151
1.000000 1.000000 10.000000 0.000000 0.000000 0.000000 0.000000 53876399.770137 586355726.446308
1.000000 2.000000 10.000000 0.000000 0.000000 0.000000 0.000000 76954784.869221 833991130.988479
1.000000 3.000000 10.000000 0.000000 0.000000 0.000000 0.000000 96117974.091310 1035526565.806664
1.000000 4.000000 10.000000 0.000000 0.000000 0.000000 0.000000 111052769.415387 1187625593.483993
1.000000 5.000000 10.000000 0.000000 0.000000 0.000000 0.000000 121964513.148986 1293488113.993791
1.000000 6.000000 10.000000 0.000000 0.000000 0.000000 0.000000 129424205.779579 1361057643.341030
1.000000 7.000000 10.000000 0.000000 0.000000 0.000000 0.000000 134168615.888368 1400453997.335917
1.000000 8.000000 10.000000 0.000000 0.000000 0.000000 0.000000 136908210.388567 1421356325.397568
1.000000 9.000000 10.000000 0.000000 0.000000 0.000000 0.000000 138179044.201195 1430900198.548376
1.000000 10.000000 10.000000 0.000000 0.000000 0.000000 0.000000 138253354.707114 1432435626.017285
1.000000 11.000000 10.000000 0.000000 0.000000 0.000000 0.000000 137105007.509447 1425164241.690003
1.000000 12.000000 10.000000 0.000000 0.000000 0.000000 0.000000 134420852.041823 1404518965.895039
1.000000 13.000000 10.000000 0.000000 0.000000 0.000000 0.000000 129651602.837196 1363067911.293680
1.000000 14.000000 10.000000 0.000000 0.000000 0.000000 0.000000 122104630.330048 1291853309.881306
1.000000 15.000000 10.000000 0.000000 0.000000 0.000000 0.000000 111081002.856445 1182100818.843753
1.000000 16.000000 10.000000 0.000000 0.000000 0.000000 0.000000 96050485.013559 1027246932.991846
1.000000 17.000000 10.000000 0.000000 0.000000 0.000000 0.000000 76835871.566905 824981591.060702
1.000000 18.000000 10.000000 0.000000 0.000000 0.000000 0.000000 53759230.959720 578832039.252097
1.000000 19.000000 10.000000 0.000000 0.000000 0.000000 0.000000 27695898.275362 298706132.219295
2.000000 0.000000 10.000000 0.000000 0.000000 0.000000 0.000000 39133441.343857 424602117.301580
2.000000 1.000000 10.000000 0.000000 0.000000 0.000000 0.000000 75941188.264879 821924448.421288
2.000000 2.000000 10.000000 0.000000 0.000000 0.000000 0.000000 108494089.316796 1169349514.353947
2.000000 3.000000 10.000000 0.000000 0.000000 0.000000 0.000000 135548626.240394 1452427778.374426
2.000000 4.000000 10.000000 0.000000 0.000000 0.000000 0.000000 156659429.582735 1666412141.185684
2.000000 5.000000 10.000000 0.000000 0.000000 0.000000 0.000000 172106583.555537 1815615603.218854
2.000000 6.000000 10.000000 0.000000 0.000000 0.000000 0.000000 182681538.198799 1910901459.093125
2.000000 7.000000 10.000000 0.000000 0.000000 0.000000 0.000000 189409723.316632 1966189839.700841
2.000000 8.000000 10.000000 0.000000 0.000000 0.000000 0.000000 193282749.698795 1994859177.526992
2.000000 9.000000 10.000000 0.000000 0.000000 0.000000 0.000000 195052949.162325 2006898697.684799
2.000000 10.000000 10.000000 0.000000 0.000000 0.000000 0.000000 195107879.450372 2007186256.387198
2.000000 11.000000 10.000000 0.000000 0.000000 0.000000 0.000000 193420755.233478 1994954789.045727
2.000000 12.000000 10.000000 0.000000 0.000000 0.000000 0.000000 189562300.261134 1964184680.638561
2.000000 13.000000 10.000000 0.000000 0.000000 0.000000 0.000000 182770946.865957 1904816680.331840
2.000000 14.000000 10.000000 0.000000 0.000000 0.000000 0.000000 172079085.585205 1804470877.544418
2.000000 15.000000 10.000000 0.000000 0.000000 0.000000 0.000000 156506442.686044 1650857200.713290
2.000000 16.000000 10.000000 0.000000 0.000000 0.000000 0.000000 135306180.196477 1434621535.175774
2.000000 17.000000 10.000000 0.000000 0.000000 0.000000 0.000000 108226246.940001 1152300522.110788
2.000000 18.000000 10.000000 0.000000 0.000000 0.000000 0.000000 75716627.227042 808623974.393296
2.000000 19.000000 10.000000 0.000000 0.000000 0.000000 0.000000 39006556.545852 417344273.026790
3.000000 0.000000 10.000000 0.000000 0.000000 0.000000 0.000000 48080551.675386 517777587.065804
3.000000 1.000000 10.000000 0.000000 0.000000 0.000000 0.000000 93319674.075579 1002506329.516066
3.000000 2.000000 10.000000 0.000000 0.000000 0.000000 0.000000 133359099.492279 1426782899.981326
3.000000 3.000000 10.000000 0.000000 0.000000 0.000000 0.000000 166675194.195861 1773060270.966934
3.000000 4.000000 10.000000 0.000000 0.000000 0.000000 0.000000 192715506.079660 2035469420.997795
3.000000 5.000000 10.000000 0.000000 0.000000 0.000000 0.000000 211808512.392167 2218962137.993727
3.000000 6.000000 10.000000 0.000000 102.000000 204.000000 1.000000 224905538.415250 2336351382.156753
3.000000 7.000000 10.000000 0.000000 102.000000 204.000000 3.000000 233243613.322809 2404108619.006437
3.000000 8.000000 10.000000 0.000000 102.000000 204.000000 4.000000 238024012.716620 2438188429.313502
3.000000 9.000000 10.000000 0.000000 102.000000 204.000000 1.000000 240164381.515697 2450693751.046034
3.000000 10.000000 10.000000 0.000000 102.000000 204.000000 5.000000 240146733.654364 2447851517.218722
3.000000 11.000000 10.000000 0.000000 102.000000 204.000000 2.000000 237954257.157243 2429293035.570440
3.000000 12.000000 10.000000 0.000000 102.000000 204.000000 2.000000 233081957.283931 2388399700.422586
3.000000 13.000000 10.000000 0.000000 102.000000 204.000000 4.000000 224615109.776065 2313512001.716578
3.000000 14.000000 10.000000 0.000000 102.000000 204.000000 2.000000 211381581.463253 2189925229.179601
3.000000 15.000000 10.000000 0.000000 0.000000 0.000000 0.000000 192185765.363500 2002713846.265131
3.000000 16.000000 10.000000 0.000000 0.000000 0.000000 0.000000 166111518.247805 1740256538.398695
3.000000 17.000000 10.000000 0.000000 0.000000 0.000000 0.000000 132844855.898329 1397954592.166607
3.000000 18.000000 10.000000 0.000000 0.000000 0.000000 0.000000 92931230.662863 981197002.507550
3.000000 19.000000 10.000000 0.000000 0.000000 0.000000 0.000000 47872546.180853 506491738.717953
4.000000 0.000000 10.000000 0.000000 0.000000 0.000000 0.000000 54582472.365662 582587156.263251
4.000000 1.000000 10.000000 0.000000 0.000000 0.000000 0.000000 105960143.306315 1128286418.103410
4.000000 2.000000 10.000000 0.000000 0.000000 0.000000 0.000000 151471805.840642 1606518552.551576
4.000000 3.000000 10.000000 0.000000 0.000000 0.000000 0.000000 189394391.533880 1997677548.183973
4.000000 4.000000 10.000000 0.000000 0.000000 0.000000 0.000000 219094440.046716 2295069369.731206
4.000000 5.000000 10.000000 0.000000 102.000000 204.000000 3.000000 240926069.861020 2503908903.727661
4.000000 6.000000 10.000000 0.000000 102.000000 204.000000 4.000000 255939646.460061 2637959335.697545
4.000000 7.000000 10.000000 0.000000 102.000000 204.000000 5.000000 265507851.283431 2715019346.712971
4.000000 8.000000 10.000000 0.000000 102.000000 204.000000 5.000000 270969068.014938 2752452650.618762
4.000000 9.000000 10.000000 0.000000 102.000000 204.000000 5.000000 273353594.858974 2763674523.555455
4.000000 10.000000 10.000000 0.000000 102.000000 204.000000 5.000000 273214868.908215 2756007017.373477
4.000000 11.000000 10.000000 0.000000 102.000000 204.000000 5.000000 270555769.260842 2729811226.204326
4.000000 12.000000 10.000000 0.000000 102.000000 204.000000 5.000000 264833843.257139 2678646502.740595
4.000000 13.000000 10.000000 0.000000 102.000000 204.000000 5.000000 255042642.621442 2590357695.210247
4.000000 14.000000 10.000000 0.000000 102.000000 204.000000 5.000000 239876549.659293 2449037084.539845
4.000000 15.000000 10.000000 0.000000 102.000000 204.000000 1.000000 217993016.935670 2238099331.010342
4.000000 16.000000 10.000000 0.000000 0.000000 0.000000 0.000000 188355216.316260 1944248391.802449
4.000000 17.000000 10.000000 0.000000 0.000000 0.000000 0.000000 150601052.081722 1561828358.486811
4.000000 18.000000 10.000000 0.000000 0.000000 0.000000 0.000000 105338782.653860 1096366713.379098
4.000000 19.000000 10.000000 0.000000 0.000000 0.000000 0.000000 54260514.534902 566020459.523074
5.000000 0.000000 10.000000 0.000000 0.000000 0.000000 0.000000 58949849.728749 623348875.920717
5.000000 1.000000 10.000000 0.000000 0.000000 0.000000 0.000000 114461400.598118 1207562425.848414
5.000000 2.000000 10.000000 0.000000 0.000000 0.000000 0.000000 163678805.937661 1720231857.853554
5.000000 3.000000 10.000000 0.000000 0.000000 0.000000 0.000000 204749822.425457 2140581827.679997
5.000000 4.000000 10.000000 0.000000 102.000000 204.000000 2.000000 236985532.133595 2461422412.881032
5.000000 5.000000 10.000000 0.000000 102.000000 204.000000 2.000000 260747577.713797 2687929059.971802
5.000000 6.000000 10.000000 0.000000 102.000000 204.000000 5.000000 277137378.898411 2834083197.303436
5.000000 7.000000 10.000000 0.000000 102.000000 204.000000 5.000000 287598929.384844 2917980323.493521
5.000000 8.000000 10.000000 0.000000 102.000000 204.000000 5.000000 293545178.570358 2957381844.537830
5.000000 9.000000 10.000000 0.000000 102.000000 204.000000 5.000000 296072196.284715 2966272570.624644
5.000000 10.000000 10.000000 0.000000 102.000000 204.000000 5.000000 295782152.837228 2952751243.294240
5.000000 11.000000 10.000000 0.000000 102.000000 204.000000 5.000000 292702458.438534 2918070754.401503
5.000000 12.000000 10.000000 0.000000 102.000000 204.000000 5.000000 286284791.885469 2856583320.829567
5.000000 13.000000 10.000000 0.000000 102.000000 204.000000 5.000000 275482089.058706 2756522251.043505
5.000000 14.000000 10.000000 0.000000 102.000000 204.000000 5.000000 258918021.402144 2601798009.911469
5.000000 15.000000 10.000000 0.000000 102.000000 204.000000 5.000000 235163409.236067 2375065759.659008
5.000000 16.000000 10.000000 0.000000 102.000000 204.000000 1.000000 203105462.545714 2061987152.854059
5.000000 17.000000 10.000000 0.000000 0.000000 0.000000 0.000000 162348063.710108 1656026054.902786
5.000000 18.000000 10.000000 0.000000 0.000000 0.000000 0.000000 113534916.393283 1162464417.276546
5.000000 19.000000 10.000000 0.000000 0.000000 0.000000 0.000000 58476868.532683 600176640.410134
6.000000 0.000000 10.000000 0.000000 0.000000 0.000000 0.000000 61673925.104981 646675626.914805
6.000000 1.000000 10.000000 0.000000 0.000000 0.000000 0.000000 119771839.509130 1253046959.834688
6.000000 2.000000 10.000000 0.000000 0.000000 0.000000 0.000000 171323816.636216 1785805377.559599
6.000000 3.000000 10.000000 0.000000 102.000000 204.000000 2.000000 214402473.651133 2223667673.933774
6.000000 4.000000 10.000000 0.000000 102.000000 204.000000 4.000000 248284758.584812 2559227064.135306
6.000000 5.000000 10.000000 104.000000 24.000000 24.000000 6.000000 273331211.032726 2797533910.429903
6.000000 6.000000 10.000000 0.000000 102.000000 204.000000 5.000000 290661454.284847 2952333311.857484
6.000000 7.000000 10.000000 104.000000 24.000000 24.000000 6.000000 301746282.137043 3041373033.429689
6.000000 8.000000 10.000000 104.000000 24.000000 24.000000 6.000000 308027277.032860 3082095913.648908
6.000000 9.000000 10.000000 104.000000 24.000000 24.000000 9.000000 310629689.071553 3088460084.993563
6.000000 10.000000 10.000000 104.000000 24.000000 24.000000 8.000000 310183757.708306 3068983202.501095
6.000000 11.000000 10.000000 104.000000 24.000000 24.000000 8.000000 306741204.692949 3025794486.501160
6.000000 12.000000 10.000000 104.000000 24.000000 24.000000 7.000000 299766878.615029 2954327584.160468
6.000000 13.000000 10.000000 0.000000 102.000000 204.000000 5.000000 288209428.304651 2843780074.056225
6.000000 14.000000 10.000000 0.000000 102.000000 204.000000 5.000000 270667894.413374 2678597775.770952
6.000000 15.000000 10.000000 0.000000 102.000000 204.000000 5.000000 245673984.053568 2441426263.909090
6.000000 16.000000 10.000000 0.000000 102.000000 204.000000 3.000000 212075512.196985 2117476620.284231
6.000000 17.000000 10.000000 0.000000 102.000000 204.000000 1.000000 169456342.739600 1699615600.199432
6.000000 18.000000 10.000000 0.000000 0.000000 0.000000 0.000000 118477736.558414 1192730565.686087
6.000000 19.000000 10.000000 0.000000 0.000000 0.000000 0.000000 61014508.555237 615732239.570736
7.000000 0.000000 10.000000 0.000000 0.000000 0.000000 0.000000 63272883.959011 659520504.286963
7.000000 1.000000 10.000000 0.000000 0.000000 0.000000 0.000000 122892691.633361 1278112811.441699
7.000000 2.000000 10.000000 0.000000 0.000000 0.000000 0.000000 175827230.614590 1822062267.252037
7.000000 3.000000 10.000000 0.000000 102.000000 204.000000 1.000000 220109881.631200 2269960056.004046
7.000000 4.000000 10.000000 0.000000 102.000000 204.000000 5.000000 255000647.542109 2614426166.267803
7.000000 5.000000 10.000000 0.000000 102.000000 204.000000 5.000000 280857265.715741 2860438804.374577
7.000000 6.000000 10.000000 104.000000 24.000000 24.000000 6.000000 298801893.819708 3021404329.110497
7.000000 7.000000 10.000000 104.000000 24.000000 24.000000 7.000000 310307150.053264 3114456961.051132
7.000000 8.000000 10.000000 104.000000 24.000000 24.000000 9.000000 316816117.074901 3156374153.247618
7.000000 9.000000 10.000000 104.000000 24.000000 24.000000 8.000000 319458728.975706 3160700337.820507
7.000000 10.000000 10.000000 104.000000 24.000000 24.000000 9.000000 318877191.237141 3136059383.613203
7.000000 11.000000 10.000000 104.000000 24.000000 24.000000 11.000000 315141515.660600 3085241316.790089
7.000000 12.000000 10.000000 104.000000 24.000000 24.000000 13.000000 307737030.434124 3004753273.908014
7.000000 13.000000 10.000000 104.000000 24.000000 24.000000 7.000000 295626887.326478 2884934002.164202
7.000000 14.000000 10.000000 0.000000 102.000000 204.000000 5.000000 277413960.557444 2711144927.325457
7.000000 15.000000 10.000000 0.000000 102.000000 204.000000 5.000000 251622390.578530 2466509370.509692
7.000000 16.000000 10.000000 0.000000 102.000000 204.000000 5.000000 217087878.802721 2136291662.751884
7.000000 17.000000 10.000000 0.000000 102.000000 204.000000 3.000000 173387374.088618 1713110152.435945
7.000000 18.000000 10.000000 0.000000 0.000000 0.000000 0.000000 121190347.470427 1201496025.627349
7.000000 19.000000 10.000000 0.000000 0.000000 0.000000 0.000000 62400775.726153 620065156.406328
8.000000 0.000000 10.000000 0.000000 0.000000 0.000000 0.000000 64182336.873550 667727790.019732
8.000000 1.000000 10.000000 0.000000 0.000000 0.000000 0.000000 124667022.166825 1294033624.175986
8.000000 2.000000 10.000000 0.000000 0.000000 0.000000 0.000000 178387614.906243 1844926951.036709
8.000000 3.000000 10.000000 0.000000 102.000000 204.000000 3.000000 223358824.443204 2299013840.822666
8.000000 4.000000 10.000000 0.000000 102.000000 204.000000 5.000000 258835229.341329 2649084670.627059
8.000000 5.000000 10.000000 0.000000 102.000000 204.000000 5.000000 285175321.944255 2900204079.178478
8.000000 6.000000 10.000000 0.000000 102.000000 204.000000 5.000000 303500142.010414 3065564103.726046
8.000000 7.000000 10.000000 104.000000 24.000000 24.000000 8.000000 315276132.571715 3161768292.466827
8.000000 8.000000 10.000000 104.000000 24.000000 24.000000 14.000000 321936729.934213 3204910565.527864
8.000000 9.000000 10.000000 104.000000 24.000000 24.000000 15.000000 324604686.288206 3208000313.606149
8.000000 10.000000 10.000000 104.000000 24.000000 24.000000 14.000000 323922502.041613 3179519581.938365
8.000000 11.000000 10.000000 104.000000 24.000000 24.000000 15.000000 319970541.359025 3122637154.127107
8.000000 12.000000 10.000000 104.000000 24.000000 24.000000 12.000000 312251651.130864 3034661146.684978
8.000000 13.000000 10.000000 104.000000 24.000000 24.000000 11.000000 299748399.305860 2906934838.708169
8.000000 14.000000 10.000000 0.000000 102.000000 204.000000 5.000000 281079228.797270 2725758628.457947
8.000000 15.000000 10.000000 0.000000 102.000000 204.000000 5.000000 254778088.971175 2474959862.300006
8.000000 16.000000 10.000000 0.000000 102.000000 204.000000 5.000000 219685778.766328 2140193133.693519
8.000000 17.000000 10.000000 0.000000 102.000000 204.000000 3.000000 175383006.003887 1714161304.612938
8.000000 18.000000 10.000000 0.000000 0.000000 0.000000 0.000000 122545288.397476 1201229674.890852
8.000000 19.000000 10.000000 0.000000 0.000000 0.000000 0.000000 63085952.222500 619622406.040689
9.000000 0.000000 10.000000 0.000000 0.000000 0.000000 0.000000 64698752.751776 675222316.017222
9.000000 1.000000 10.000000 0.000000 0.000000 0.000000 0.000000 125670600.123051 1308440564.845722
9.000000 2.000000 10.000000 0.000000 0.000000 0.000000 0.000000 179827867.153081 1865308657.267288
9.000000 3.000000 10.000000 0.000000 102.000000 204.000000 2.000000 225175913.337880 2324396098.982774
9.000000 4.000000 10.000000 0.000000 102.000000 204.000000 5.000000 260970086.667011 2678689907.264561
9.000000 5.000000 10.000000 104.000000 24.000000 24.000000 6.000000 287573537.601286 2933467273.166409
9.000000 6.000000 10.000000 104.000000 24.000000 24.000000 6.000000 306109550.720920 3101949570.412848
9.000000 7.000000 10.000000 104.000000 24.000000 24.000000 10.000000 318040460.897714 3200486325.121734
9.000000 8.000000 10.000000 104.000000 24.000000 24.000000 12.000000 324790821.457672 3244732312.607255
9.000000 9.000000 10.000000 104.000000 24.000000 24.000000 15.000000 327473690.098302 3247251494.677657
9.000000 10.000000 10.000000 104.000000 24.000000 24.000000 15.000000 326727428.859656 3216326425.369370
9.000000 11.000000 10.000000 104.000000 24.000000 24.000000 20.000000 322632988.811828 3155160288.048347
9.000000 12.000000 10.000000 104.000000 24.000000 24.000000 23.000000 314704806.425022 3061546931.898732
9.000000 13.000000 10.000000 104.000000 24.000000 24.000000 13.000000 301939211.420638 2927445806.892518
9.000000 14.000000 10.000000 104.000000 24.000000 24.000000 6.000000 282970901.143499 2739880799.032075
9.000000 15.000000 10.000000 0.000000 102.000000 204.000000 5.000000 256349035.331247 2483346445.976419
9.000000 16.000000 10.000000 0.000000 102.000000 204.000000 5.000000 220928428.520426 2144052657.968210
9.000000 17.000000 10.000000 0.000000 102.000000 204.000000 2.000000 176300489.378731 1715030539.077848
9.000000 18.000000 10.000000 0.000000 102.000000 204.000000 1.000000 123147239.680967 1200689689.327315
9.000000 19.000000 10.000000 0.000000 0.000000 0.000000 0.000000 63383375.476382 618981874.296967
10.000000 0.000000 10.000000 0.000000 0.000000 0.000000 0.000000 64959764.677685 683638916.767730
10.000000 1.000000 10.000000 0.000000 0.000000 0.000000 0.000000 126173530.970735 1324607402.762453
10.000000 2.000000 10.000000 0.000000 0.000000 0.000000 0.000000 180539862.226613 1888083269.900950
10.000000 3.000000 10.000000 0.000000 102.000000 204.000000 5.000000 226058618.394909 2352454500.923940
10.000000 4.000000 10.000000 0.000000 102.000000 204.000000 5.000000 261987116.794016 2710793422.672954
10.000000 5.000000 10.000000 0.000000 102.000000 204.000000 5.000000 288694503.259063 2968605904.785953
10.000000 6.000000 10.000000 104.000000 24.000000 24.000000 6.000000 307309196.041802 3139312370.533498
10.000000 7.000000 10.000000 104.000000 24.000000 24.000000 11.000000 319295167.022006 3239338032.177090
10.000000 8.000000 10.000000 104.000000 24.000000 24.000000 23.000000 326074807.770992 3284278044.807626
10.000000 9.000000 10.000000 104.000000 24.000000 24.000000 26.000000 328754120.918154 3286465165.752120
10.000000 10.000000 10.000000 104.000000 24.000000 24.000000 26.000000 327967727.682552 3254062780.675897
10.000000 11.000000 10.000000 104.000000 24.000000 24.000000 25.000000 323795262.258414 3190235989.099663
10.000000 12.000000 10.000000 104.000000 24.000000 24.000000 19.000000 315750932.255119 3092775590.289417
10.000000 13.000000 10.000000 104.000000 24.000000 24.000000 11.000000 302837990.062810 2953880018.190367
10.000000 14.000000 10.000000 104.000000 24.000000 24.000000 6.000000 283702221.475910 2760950545.328747
10.000000 15.000000 10.000000 0.000000 102.000000 204.000000 5.000000 256906205.447141 2498932891.352654
10.000000 16.000000 10.000000 0.000000 102.000000 204.000000 5.000000 221321689.638034 2154604225.209912
10.000000 17.000000 10.000000 0.000000 102.000000 204.000000 5.000000 176553390.231498 1721433905.490565
10.000000 18.000000 10.000000 0.000000 102.000000 204.000000 1.000000 123290735.150842 1204065653.636430
10.000000 19.000000 10.000000 0.000000 0.000000 0.000000 0.000000 63446381.760866 620360614.103104
11.000000 0.000000 10.000000 0.000000 0.000000 0.000000 0.000000 64939678.056513 692150847.462433
11.000000 1.000000 10.000000 0.000000 0.000000 0.000000 0.000000 126130176.726734 1341077115.834287
11.000000 2.000000 10.000000 0.000000 0.000000 0.000000 0.000000 180467520.216436 1911487101.564779
11.000000 3.000000 10.000000 0.000000 102.000000 204.000000 5.000000 225950500.651456 2381460504.156771
11.000000 4.000000 10.000000 0.000000 102.000000 204.000000 5.000000 261836951.788952 2743949714.587119
11.000000 5.000000 10.000000 0.000000 102.000000 204.000000 5.000000 288498202.716019 3004527255.574240
11.000000 6.000000 10.000000 104.000000 24.000000 24.000000 8.000000 307065901.451532 3176817603.220460
11.000000 7.000000 10.000000 104.000000 24.000000 24.000000 10.000000 319007462.897481 3277516584.050661
11.000000 8.000000 10.000000 104.000000 24.000000 24.000000 18.000000 325747002.944490 3322443289.809035
11.000000 9.000000 10.000000 104.000000 24.000000 24.000000 24.000000 328392990.164031 3324151758.436358
11.000000 10.000000 10.000000 104.000000 24.000000 24.000000 19.000000 327576294.136251 3290753363.174188
11.000000 11.000000 10.000000 104.000000 24.000000 24.000000 25.000000 323374205.249689 3225333340.014190
11.000000 12.000000 10.000000 104.000000 24.000000 24.000000 14.000000 315297898.626816 3125500948.140667
11.000000 13.000000 10.000000 104.000000 24.000000 24.000000 7.000000 302351142.221674 2983330921.597193
11.000000 14.000000 10.000000 104.000000 24.000000 24.000000 7.000000 283185193.158473 2786236955.777034
11.000000 15.000000 10.000000 0.000000 102.000000 204.000000 5.000000 256375891.329823 2519455705.217657
11.000000 16.000000 10.000000 0.000000 102.000000 204.000000 5.000000 220808648.559147 2170127400.589399
11.000000 17.000000 10.000000 0.000000 102.000000 204.000000 3.000000 176102193.333127 1732203867.851775
11.000000 18.000000 10.000000 0.000000 0.000000 0.000000 0.000000 122951722.285769 1210665049.289772
11.000000 19.000000 10.000000 0.000000 0.000000 0.000000 0.000000 63263878.552621 623446847.742077
12.000000 0.000000 10.000000 0.000000 0.000000 0.000000 0.000000 64448668.427684 697435987.738146
12.000000 1.000000 10.000000 0.000000 0.000000 0.000000 0.000000 125175709.329641 1351531791.223747
12.000000 2.000000 10.000000 0.000000 0.000000 0.000000 0.000000 179097957.544137 1926797707.499787
12.000000 3.000000 10.000000 0.000000 102.000000 204.000000 3.000000 224224217.430988 2401008094.910736
12.000000 4.000000 10.000000 0.000000 102.000000 204.000000 5.000000 259812241.953328 2766782403.324848
12.000000 5.000000 10.000000 104.000000 24.000000 24.000000 6.000000 286227138.008856 3029457777.156599
12.000000 6.000000 10.000000 0.000000 102.000000 204.000000 5.000000 304593480.951787 3202635743.672840
12.000000 7.000000 10.000000 104.000000 24.000000 24.000000 9.000000 316374639.853650 3303231667.205504
12.000000 8.000000 10.000000 104.000000 24.000000 24.000000 12.000000 322994722.886007 3347452082.756953
12.000000 9.000000 10.000000 104.000000 24.000000 24.000000 18.000000 325564046.052620 3348230979.203314
12.000000 10.000000 10.000000 104.000000 24.000000 24.000000 20.000000 324715000.547179 3313906979.559477
12.000000 11.000000 10.000000 104.000000 24.000000 24.000000 17.000000 320524165.754203 3247534938.636263
12.000000 12.000000 10.000000 104.000000 24.000000 24.000000 12.000000 312501968.320809 3146508593.016528
12.000000 13.000000 10.000000 104.000000 24.000000 24.000000 12.000000 299653826.887617 3002619617.648481
12.000000 14.000000 10.000000 0.000000 102.000000 204.000000 5.000000 280638309.373755 2803115883.132951
12.000000 15.000000 10.000000 0.000000 102.000000 204.000000 5.000000 254044509.234516 2533294001.485484
12.000000 16.000000 10.000000 0.000000 102.000000 204.000000 5.000000 218773935.862571 2180595886.377063
12.000000 17.000000 10.000000 0.000000 102.000000 204.000000 2.000000 174457041.130664 1739379559.387825
12.000000 18.000000 10.000000 0.000000 0.000000 0.000000 0.000000 121789411.840258 1214973105.501950
12.000000 19.000000 10.000000 0.000000 0.000000 0.000000 0.000000 62660987.530881 625419480.467350
13.000000 0.000000 10.000000 0.000000 0.000000 0.000000 0.000000 63140172.707572 693935624.163332
13.000000 1.000000 10.000000 0.000000 0.000000 0.000000 0.000000 122639004.982424 1345239551.629634
13.000000 2.000000 10.000000 0.000000 0.000000 0.000000 0.000000 175475766.268976 1918817216.682643
13.000000 3.000000 10.000000 0.000000 102.000000 204.000000 3.000000 219693203.933540 2392386059.534568
13.000000 4.000000 10.000000 0.000000 102.000000 204.000000 5.000000 254553157.464334 2758113409.084612
13.000000 5.000000 10.000000 0.000000 102.000000 204.000000 5.000000 280403443.973973 3020749385.755714
13.000000 6.000000 10.000000 0.000000 102.000000 204.000000 5.000000 298342322.567263 3193455782.530296
13.000000 7.000000 10.000000 104.000000 24.000000 24.000000 7.000000 309809139.164946 3293040225.704403
13.000000 8.000000 10.000000 104.000000 24.000000 24.000000 7.000000 316212424.899296 3335929445.006490
13.000000 9.000000 10.000000 104.000000 24.000000 24.000000 9.000000 318655996.244719 3335442581.914805
13.000000 10.000000 10.000000 104.000000 24.000000 24.000000 12.000000 317772047.739677 3300242379.559045
13.000000 11.000000 10.000000 104.000000 24.000000 24.000000 8.000000 313641228.532081 3233510669.902286
13.000000 12.000000 10.000000 104.000000 24.000000 24.000000 9.000000 305781221.176530 3132526449.223213
13.000000 13.000000 10.000000 104.000000 24.000000 24.000000 7.000000 293210468.772611 2988880889.685047
13.000000 14.000000 10.000000 0.000000 102.000000 204.000000 5.000000 274607185.050259 2789690955.959215
13.000000 15.000000 10.000000 0.000000 102.000000 204.000000 5.000000 248585137.537513 2520329825.296541
13.000000 16.000000 10.000000 0.000000 102.000000 204.000000 5.000000 214068461.124572 2168505694.409910
13.000000 17.000000 10.000000 0.000000 102.000000 204.000000 2.000000 170698954.770287 1728935592.024190
13.000000 18.000000 10.000000 0.000000 0.000000 0.000000 0.000000 119161253.629353 1207175709.240340
13.000000 19.000000 10.000000 0.000000 0.000000 0.000000 0.000000 61306988.018154 621228290.349410
14.000000 0.000000 10.000000 0.000000 0.000000 0.000000 0.000000 60542245.515695 674614542.588108
14.000000 1.000000 10.000000 0.000000 0.000000 0.000000 0.000000 117602174.239159 1308474385.711824
14.000000 2.000000 10.000000 0.000000 0.000000 0.000000 0.000000 168286460.963130 1867824090.839108
14.000000 3.000000 10.000000 0.000000 102.000000 204.000000 1.000000 210711851.092980 2330841353.303705
14.000000 4.000000 10.000000 0.000000 102.000000 204.000000 2.000000 244157443.844904 2689335676.957689
14.000000 5.000000 10.000000 0.000000 102.000000 204.000000 5.000000 268942423.169219 2947179076.571109
14.000000 6.000000 10.000000 0.000000 102.000000 204.000000 5.000000 286111462.857993 3116584338.616297
14.000000 7.000000 10.000000 104.000000 24.000000 24.000000 6.000000 297046613.881155 3213695800.589288
14.000000 8.000000 10.000000 104.000000 24.000000 24.000000 9.000000 303109864.789617 3254681889.106386
14.000000 9.000000 10.000000 104.000000 24.000000 24.000000 8.000000 305376556.916490 3252948236.378648
14.000000 10.000000 10.000000 104.000000 24.000000 24.000000 9.000000 304468870.787195 3217387560.700745
14.000000 11.000000 10.000000 104.000000 24.000000 24.000000 7.000000 300473614.654695 3151368786.206499
14.000000 12.000000 10.000000 104.000000 24.000000 24.000000 7.000000 292930052.975783 3052288090.531609
14.000000 13.000000 10.000000 0.000000 102.000000 204.000000 5.000000 280891498.947702 2911810412.507766
14.000000 14.000000 10.000000 0.000000 102.000000 204.000000 5.000000 263082462.781741 2717235837.180151
14.000000 15.000000 10.000000 0.000000 102.000000 204.000000 5.000000 238166012.652117 2454259479.778142
14.000000 16.000000 10.000000 0.000000 102.000000 204.000000 2.000000 205106599.553637 2111030673.113419
14.000000 17.000000 10.000000 0.000000 102.000000 204.000000 1.000000 163558050.528932 1682551997.456541
14.000000 18.000000 10.000000 0.000000 0.000000 0.000000 0.000000 114178657.318187 1174448489.948044
14.000000 19.000000 10.000000 0.000000 0.000000 0.000000 0.000000 58744040.728690 604264029.532839
15.000000 0.000000 10.000000 0.000000 0.000000 0.000000 0.000000 56127997.813924 632240604.478676
15.000000 1.000000 10.000000 0.000000 0.000000 0.000000 0.000000 109038516.474857 1227033880.872850
15.000000 2.000000 10.000000 0.000000 0.000000 0.000000 0.000000 156053824.858472 1753157919.198760
15.000000 3.000000 10.000000 0.000000 0.000000 0.000000 0.000000 195423570.167820 2190075080.749976
15.000000 4.000000 10.000000 0.000000 102.000000 204.000000 1.000000 226466914.233715 2529555383.714971
15.000000 5.000000 10.000000 0.000000 102.000000 204.000000 3.000000 249465048.495791 2774467672.532532
15.000000 6.000000 10.000000 0.000000 102.000000 204.000000 5.000000 265375960.163788 2935597394.680921
15.000000 7.000000 10.000000 0.000000 102.000000 204.000000 5.000000 275478686.159430 3027728587.965136
15.000000 8.000000 10.000000 0.000000 102.000000 204.000000 5.000000 281043412.359191 3066070595.947136
15.000000 9.000000 10.000000 0.000000 102.000000 204.000000 5.000000 283080581.767134 3063519538.955464
15.000000 10.000000 10.000000 0.000000 102.000000 204.000000 5.000000 282182154.027068 3028851297.949728
15.000000 11.000000 10.000000 0.000000 102.000000 204.000000 5.000000 278439663.292400 2965561257.776807
15.000000 12.000000 10.000000 0.000000 102.000000 204.000000 5.000000 271430746.348114 2871368561.441788
15.000000 13.000000 10.000000 0.000000 102.000000 204.000000 5.000000 260275923.869959 2738448573.255610
15.000000 14.000000 10.000000 0.000000 102.000000 204.000000 5.000000 243786325.743934 2554802986.487159
15.000000 15.000000 10.000000 0.000000 102.000000 204.000000 4.000000 220714738.807736 2306959613.767816
15.000000 16.000000 10.000000 0.000000 102.000000 204.000000 1.000000 190093485.097936 1983799847.791781
15.000000 17.000000 10.000000 0.000000 0.000000 0.000000 0.000000 151598316.636325 1580767431.158073
15.000000 18.000000 10.000000 0.000000 0.000000 0.000000 0.000000 105835730.787193 1103160492.929271
15.000000 19.000000 10.000000 0.000000 0.000000 0.000000 0.000000 54453686.145633 567505091.580867
16.000000 0.000000 10.000000 0.000000 0.000000 0.000000 0.000000 49430606.073785 561021550.605208
16.000000 1.000000 10.000000 0.000000 0.000000 0.000000 0.000000 96037040.263050 1089459117.051548
16.000000 2.000000 10.000000 0.000000 0.000000 0.000000 0.000000 137465923.154916 1557994453.296554
16.000000 3.000000 10.000000 0.000000 0.000000 0.000000 0.000000 172173117.643933 1948369070.822118
16.000000 4.000000 10.000000 0.000000 0.000000 0.000000 0.000000 199550317.357936 2252872174.221280
16.000000 5.000000 10.000000 0.000000 102.000000 204.000000 1.000000 219833379.017438 2473421340.710817
16.000000 6.000000 10.000000 0.000000 102.000000 204.000000 4.000000 233856044.225149 2618982337.542281
16.000000 7.000000 10.000000 0.000000 102.000000 204.000000 5.000000 242740819.147405 2702300606.517576
16.000000 8.000000 10.000000 0.000000 102.000000 204.000000 5.000000 247609160.542885 2736790112.755137
16.000000 9.000000 10.000000 0.000000 102.000000 204.000000 5.000000 249359750.020769 2734080499.556693
16.000000 10.000000 10.000000 0.000000 102.000000 204.000000 5.000000 248524734.329488 2702263787.804913
16.000000 11.000000 10.000000 0.000000 102.000000 204.000000 5.000000 245194716.444220 2644753916.272524
16.000000 12.000000 10.000000 0.000000 102.000000 204.000000 5.000000 239003570.517949 2559732969.279253
16.000000 13.000000 10.000000 0.000000 102.000000 204.000000 5.000000 229177774.360925 2440347649.335792
16.000000 14.000000 10.000000 0.000000 102.000000 204.000000 3.000000 214666949.121635 2275956753.264385
16.000000 15.000000 10.000000 0.000000 102.000000 204.000000 1.000000 194366259.505200 2054573294.655749
16.000000 16.000000 10.000000 0.000000 0.000000 0.000000 0.000000 167416626.012688 1766325554.685974
16.000000 17.000000 10.000000 0.000000 0.000000 0.000000 0.000000 133526163.768255 1407169712.406629
16.000000 18.000000 10.000000 0.000000 0.000000 0.000000 0.000000 93226533.255064 981859484.776618
16.000000 19.000000 10.000000 0.000000 0.000000 0.000000 0.000000 47968599.873074 505051389.083284
17.000000 0.000000 10.000000 0.000000 0.000000 0.000000 0.000000 40187490.990763 458241441.534211
17.000000 1.000000 10.000000 0.000000 0.000000 0.000000 0.000000 78085101.276988 890317309.730817
17.000000 2.000000 10.000000 0.000000 0.000000 0.000000 0.000000 111782872.695993 1274190608.167328
17.000000 3.000000 10.000000 0.000000 0.000000 0.000000 0.000000 140024697.332181 1594964141.595740
17.000000 4.000000 10.000000 0.000000 0.000000 0.000000 0.000000 162310962.843941 1846085109.412027
17.000000 5.000000 10.000000 0.000000 0.000000 0.000000 0.000000 178826224.391052 2028707261.918319
17.000000 6.000000 10.000000 0.000000 102.000000 204.000000 2.000000 190241661.937948 2149729827.472509
17.000000 7.000000 10.000000 0.000000 102.000000 204.000000 3.000000 197465779.559902 2219245244.785634
17.000000 8.000000 10.000000 0.000000 102.000000 204.000000 2.000000 201410707.022536 2248090060.123860
17.000000 9.000000 10.000000 0.000000 102.000000 204.000000 3.000000 202810810.471881 2245806146.810459
17.000000 10.000000 10.000000 0.000000 102.000000 204.000000 5.000000 202105289.333770 2219181124.789499
17.000000 11.000000 10.000000 0.000000 102.000000 204.000000 3.000000 199374313.874831 2171208302.065449
17.000000 12.000000 10.000000 0.000000 102.000000 204.000000 3.000000 194325431.160251 2100590753.863965
17.000000 13.000000 10.000000 0.000000 102.000000 204.000000 1.000000 186331931.763853 2001852174.419466
17.000000 14.000000 10.000000 0.000000 102.000000 204.000000 2.000000 174538597.340530 1866353944.005316
17.000000 15.000000 10.000000 0.000000 0.000000 0.000000 0.000000 158043390.525230 1684320975.088940
17.000000 16.000000 10.000000 0.000000 0.000000 0.000000 0.000000 136142291.238595 1447673865.643939
17.000000 17.000000 10.000000 0.000000 0.000000 0.000000 0.000000 108593052.340072 1153103171.902436
17.000000 18.000000 10.000000 0.000000 0.000000 0.000000 0.000000 75824668.747498 804479890.999138
17.000000 19.000000 10.000000 0.000000 0.000000 0.000000 0.000000 39016822.848501 413779245.913225
18.000000 0.000000 10.000000 0.000000 0.000000 0.000000 0.000000 28476379.366216 325516848.014149
18.000000 1.000000 10.000000 0.000000 0.000000 0.000000 0.000000 55333128.084066 632681511.711745
18.000000 2.000000 10.000000 0.000000 0.000000 0.000000 0.000000 79218694.207960 905993222.500142
18.000000 3.000000 10.000000 0.000000 0.000000 0.000000 0.000000 99242895.103136 1134887982.724347
18.000000 4.000000 10.000000 0.000000 0.000000 0.000000 0.000000 115049726.804834 1314596301.409363
18.000000 5.000000 10.000000 0.000000 0.000000 0.000000 0.000000 126766740.797080 1445732754.301699
18.000000 6.000000 10.000000 0.000000 0.000000 0.000000 0.000000 134866127.304559 1532970373.164103
18.000000 7.000000 10.000000 0.000000 0.000000 0.000000 0.000000 139989282.248310 1583296505.705728
18.000000 8.000000 10.000000 0.000000 0.000000 0.000000 0.000000 142781687.504203 1604304717.264313
18.000000 9.000000 10.000000 0.000000 0.000000 0.000000 0.000000 143764959.488497 1602768585.141820
18.000000 10.000000 10.000000 0.000000 0.000000 0.000000 0.000000 143252817.535625 1583570211.784731
18.000000 11.000000 10.000000 0.000000 0.000000 0.000000 0.000000 141305589.076114 1548947754.426654
18.000000 12.000000 10.000000 0.000000 0.000000 0.000000 0.000000 137719064.893222 1498091109.313221
18.000000 13.000000 10.000000 0.000000 0.000000 0.000000 0.000000 132050954.282076 1427200471.235605
18.000000 14.000000 10.000000 0.000000 0.000000 0.000000 0.000000 123695215.207698 1330194933.175947
18.000000 15.000000 10.000000 0.000000 0.000000 0.000000 0.000000 112010746.516787 1200149743.984214
18.000000 16.000000 10.000000 0.000000 0.000000 0.000000 0.000000 96495685.199455 1031324383.542747
18.000000 17.000000 10.000000 0.000000 0.000000 0.000000 0.000000 76975243.868193 821353955.634827
18.000000 18.000000 10.000000 0.000000 0.000000 0.000000 0.000000 53751376.659959 572974975.559042
18.000000 19.000000 10.000000 0.000000 0.000000 0.000000 0.000000 27659957.226272 294690304.406753
19.000000 0.000000 10.000000 0.000000 0.000000 0.000000 0.000000 14789475.757318 169250473.290824
19.000000 1.000000 10.000000 0.000000 0.000000 0.000000 0.000000 28738627.080888 329032659.457621
19.000000 2.000000 10.000000 0.000000 0.000000 0.000000 0.000000 41146047.864944 471335832.921461
19.000000 3.000000 10.000000 0.000000 0.000000 0.000000 0.000000 51549476.211214 590676894.794970
19.000000 4.000000 10.000000 0.000000 0.000000 0.000000 0.000000 59763537.709261 684543688.516100
19.000000 5.000000 10.000000 0.000000 0.000000 0.000000 0.000000 65853618.384105 753194421.679288
19.000000 6.000000 10.000000 0.000000 0.000000 0.000000 0.000000 70063985.232158 798988001.004632
19.000000 7.000000 10.000000 0.000000 0.000000 0.000000 0.000000 72726891.670699 825493938.068336
19.000000 8.000000 10.000000 0.000000 0.000000 0.000000 0.000000 74177204.606864 836622462.769568
19.000000 9.000000 10.000000 0.000000 0.000000 0.000000 0.000000 74685848.250520 835880166.260473
19.000000 10.000000 10.000000 0.000000 0.000000 0.000000 0.000000 74416547.092181 825824339.250715
19.000000 11.000000 10.000000 0.000000 0.000000 0.000000 0.000000 73401544.741627 807647427.862745
19.000000 12.000000 10.000000 0.000000 0.000000 0.000000 0.000000 71535896.814909 780969379.919399
19.000000 13.000000 10.000000 0.000000 0.000000 0.000000 0.000000 68590596.761115 743848917.356450
19.000000 14.000000 10.000000 0.000000 0.000000 0.000000 0.000000 64250977.314345 693146942.586936
19.000000 15.000000 10.000000 0.000000 0.000000 0.000000 0.000000 58183555.399768 625274312.465250
19.000000 16.000000 10.000000 0.000000 0.000000 0.000000 0.000000 50126654.172723 537245509.087812
19.000000 17.000000 10.000000 0.000000 0.000000 0.000000 0.000000 39988429.381401 427826025.380289
19.000000 18.000000 10.000000 0.000000 0.000000 0.000000 0.000000 27924982.758927 298432719.776052
19.000000 19.000000 10.000000 0.000000 0.000000 0.000000 0.000000 14370389.702123 153483710.888106
