# tick 
#  total sum 
#  cancer sum 
#  healthy sum 
#  oar sum
23.000000 26482.000000 5293.000000 21189.000000 0.000000
47.000000 21301.000000 4331.000000 16970.000000 0.000000
71.000000 16437.000000 3403.000000 13034.000000 0.000000
95.000000 12756.000000 2614.000000 10142.000000 0.000000
119.000000 10184.000000 2072.000000 8112.000000 0.000000
143.000000 13356.000000 4144.000000 9212.000000 0.000000
167.000000 17789.000000 8288.000000 9501.000000 0.000000
191.000000 13769.000000 6543.000000 7226.000000 0.000000
215.000000 11155.000000 5302.000000 5853.000000 0.000000
239.000000 9026.000000 4100.000000 4926.000000 0.000000
263.000000 7463.000000 3215.000000 4248.000000 0.000000
287.000000 6191.000000 2602.000000 3589.000000 0.000000
311.000000 9813.000000 5204.000000 4609.000000 0.000000
335.000000 15697.000000 10408.000000 5289.000000 0.000000
